1340,1341
2935,2937
6064,6066
9153,9153
3625,3627
9305,9306
6943,6945
5004,5004
7179,7179
6179,6180
7322,7323
6635,6636
2916,2916
4581,4581
5603,5604
9212,9213
8629,8631
3410,3411
557,558
5763,5763
4961,4962
3008,3009
1497,1497
2242,2244
4113,4113
8416,8418
6493,6495
6349,6351
2650,2652
8224,8226
9158,9159
7508,7509
2106,2106
328,330
8401,8403
3704,3705
5068,5070
4598,4599
4578,4578
6039,6039
7166,7167
178,180
4382,4383
4801,4803
9764,9765
3224,3225
3945,3945
5606,5607
7744,7746
4468,4470
9975,9975
7691,7692
8478,8478
5231,5232
9583,9585
9362,9363
5331,5331
159,159
4585,4587
1811,1812
2510,2511
7901,7902
9501,9501
7923,7923
2400,2400
666,666
1136,1137
8915,8916
1711,1713
6248,6249
9175,9177
4213,4215
7477,7479
4028,4029
3378,3378
814,816
3498,3498
245,246
2292,2292
3187,3189
3530,3531
1318,1320
8533,8535
2446,2448
621,621
3932,3933
5324,5325
7262,7263
3723,3723
6503,6504
3271,3273
108,108
9911,9912
903,903
9029,9030
6980,6981
1201,1203
2111,2112
6406,6408
3801,3801
7223,7224
484,486
1713,1713
4204,4206
6281,6282
5483,5484
4066,4068
5760,5760
8020,8022
7924,7926
7373,7374
6142,6144
9992,9993
5938,5940
7009,7011
7888,7890
7884,7884
5321,5322
8041,8043
4229,4230
9772,9774
7657,7659
7734,7734
5508,5508
2212,2214
7215,7215
5829,5829
7521,7521
9322,9324
1300,1302
4316,4317
358,360
8738,8739
4874,4875
8078,8079
6023,6024
4079,4080
3363,3363
8823,8823
5804,5805
7088,7089
2672,2673
3015,3015
6969,6969
5805,5805
7358,7359
734,735
5318,5319
7855,7857
8801,8802
6724,6726
2906,2907
8659,8661
3413,3414
2693,2694
7216,7218
3407,3408
8265,8265
9502,9504
2622,2622
2363,2364
2108,2109
4555,4557
8172,8172
8959,8961
659,660
7142,7143
2416,2418
6206,6207
5356,5358
9407,9408
3429,3429
8001,8001
9533,9534
9001,9003
4512,4512
3795,3795
1561,1563
8633,8634
7688,7689
1421,1422
298,300
3143,3144
1185,1185
6315,6315
7519,7521
2434,2436
5953,5955
3240,3240
2053,2055
7433,7434
461,462
6172,6174
8624,8625
9195,9195
2911,2913
9543,9543
6422,6423
4133,4134
7557,7557
5702,5703
4871,4872
4010,4011
3168,3168
5932,5934
9006,9006
1173,1173
1112,1113
116,117
2922,2922
589,591
1987,1989
8397,8397
6050,6051
2149,2151
239,240
6921,6921
7302,7302
6669,6669
6368,6369
4027,4029
3809,3810
1681,1683
6233,6234
2196,2196
2125,2127
3749,3750
4036,4038
862,864
4129,4131
4097,4098
7948,7950
3663,3663
4093,4095
5799,5799
6033,6033
1055,1056
9399,9399
3422,3423
8888,8889
1912,1914
4136,4137
9621,9621
7327,7329
4058,4059
9730,9732
364,366
7020,7020
2696,2697
6294,6294
4059,4059
2763,2763
6132,6132
3544,3546
2784,2784
5657,5658
4407,4407
2778,2778
2929,2931
9140,9141
1732,1734
8780,8781
3986,3987
9791,9792
4197,4197
1100,1101
1776,1776
9834,9834
1371,1371
3680,3681
226,228
3311,3312
9506,9507
856,858
329,330
2352,2352
9370,9372
2974,2976
4129,4131
7822,7824
7418,7419
4834,4836
7812,7812
333,333
6037,6039
8978,8979
2813,2814
1396,1398
7804,7806
3255,3255
4612,4614
4038,4038
6530,6531
2061,2061
1680,1680
7044,7044
1581,1581
7176,7176
2358,2358
4666,4668
3273,3273
7773,7773
5802,5802
9422,9423
3842,3843
7055,7056
8449,8451
587,588
3167,3168
2196,2196
6774,6774
1686,1686
1026,1026
939,939
6707,6708
4230,4230
6366,6366
8218,8220
3220,3222
8997,8997
4851,4851
3214,3216
365,366
340,342
8838,8838
9343,9345
6070,6072
8545,8547
9736,9738
4456,4458
9819,9819
6991,6993
4104,4104
159,159
3697,3699
2157,2157
1625,1626
3272,3273
7211,7212
32,33
8767,8769
4467,4467
2741,2742
60,60
7218,7218
4291,4293
3976,3978
7837,7839
7194,7194
1079,1080
3701,3702
5456,5457
7356,7356
6720,6720
483,483
9741,9741
6720,6720
7003,7005
9004,9006
11,12
1510,1512
6508,6510
4239,4239
6780,6780
8960,8961
4408,4410
2030,2031
8213,8214
1598,1599
5153,5154
1660,1662
1740,1740
5923,5925
7137,7137
4267,4269
1224,1224
7968,7968
7195,7197
8603,8604
1609,1611
2584,2586
1369,1371
9909,9909
3457,3459
8456,8457
4242,4242
4144,4146
2333,2334
2590,2592
6462,6462
8422,8424
3563,3564
6456,6456
6684,6684
32,33
701,702
1641,1641
3327,3327
3826,3828
3802,3804
9715,9717
4863,4863
9649,9651
383,384
8565,8565
4984,4986
7302,7302
8787,8787
7150,7152
9094,9096
765,765
4108,4110
9608,9609
9793,9795
5612,5613
1880,1881
2225,2226
7432,7434
2785,2787
9877,9879
112,114
1968,1968
3805,3807
9591,9591
4056,4056
3006,3006
9011,9012
1369,1371
2260,2262
6848,6849
2113,2115
6231,6231
9399,9399
8291,8292
9536,9537
9659,9660
6138,6138
2187,2187
9825,9825
7327,7329
6056,6057
1976,1977
6907,6909
2489,2490
2764,2766
3223,3225
3766,3768
85,87
6305,6306
4538,4539
8203,8205
6235,6237
7750,7752
2219,2220
7651,7653
250,252
1603,1605
566,567
3006,3006
3102,3102
9203,9204
5266,5268
6868,6870
4395,4395
6197,6198
1623,1623
3752,3753
7247,7248
5116,5118
4632,4632
9856,9858
7021,7023
7618,7620
2329,2331
6933,6933
8874,8874
2681,2682
1401,1401
9416,9417
3132,3132
9834,9834
7251,7251
7056,7056
6423,6423
9418,9420
7205,7206
261,261
5280,5280
5076,5076
4610,4611
8312,8313
6282,6282
1601,1602
5341,5343
7889,7890
1630,1632
8120,8121
2018,2019
2135,2136
8560,8562
434,435
2002,2004
7308,7308
8441,8442
7821,7821
6794,6795
8579,8580
3265,3267
6581,6582
1099,1101
7811,7812
4020,4020
4117,4119
5774,5775
4216,4218
9951,9951
895,897
5476,5478
4615,4617
5526,5526
6059,6060
6902,6903
8287,8289
6224,6225
1765,1767
8790,8790
7051,7053
1189,1191
6876,6876
1427,1428
371,372
9113,9114
1826,1827
5156,5157
5432,5433
8869,8871
571,573
4101,4101
3515,3516
7083,7083
9804,9804
683,684
303,303
7259,7260
4478,4479
2077,2079
1125,1125
2733,2733
7798,7800
3487,3489
3065,3066
5764,5766
6138,6138
4413,4413
5448,5448
7631,7632
7252,7254
4856,4857
7041,7041
9868,9870
8706,8706
4772,4773
1363,1365
8048,8049
5383,5385
5029,5031
5793,5793
9090,9090
1916,1917
8626,8628
2056,2058
4221,4221
6736,6738
1762,1764
816,816
4653,4653
908,909
9143,9144
4432,4434
2570,2571
7680,7680
1399,1401
6911,6912
5750,5751
5499,5499
6476,6477
6151,6153
7317,7317
2207,2208
7221,7221
8898,8898
7034,7035
6137,6138
1696,1698
1011,1011
8860,8862
7591,7593
3625,3627
8408,8409
6733,6735
985,987
9090,9090
549,549
9911,9912
598,600
3892,3894
7488,7488
1388,1389
5092,5094
4040,4041
2425,2427
7188,7188
9336,9336
2062,2064
5822,5823
6271,6273
2590,2592
891,891
925,927
3243,3243
2417,2418
2796,2796
290,291
2329,2331
5217,5217
4265,4266
8834,8835
5443,5445
2748,2748
4568,4569
5596,5598
9468,9468
8426,8427
8003,8004
9209,9210
3241,3243
1356,1356
8118,8118
8267,8268
487,489
4893,4893
9999,9999
8856,8856
6727,6729
6337,6339
500,501
3176,3177
7785,7785
1401,1401
8701,8703
1995,1995
8366,8367
4833,4833
2881,2883
6975,6975
7653,7653
4277,4278
4782,4782
8285,8286
8974,8976
3915,3915
2173,2175
5824,5826
3752,3753
73,75
7392,7392
8494,8496
8894,8895
8602,8604
1141,1143
1250,1251
2577,2577
4468,4470
850,852
129,129
7712,7713
6630,6630
4091,4092
5549,5550
4778,4779
2815,2817
6880,6882
9907,9909
614,615
704,705
8251,8253
9331,9333
5494,5496
3197,3198
757,759
9878,9879
3406,3408
3809,3810
1788,1788
9229,9231
3879,3879
6093,6093
7327,7329
9465,9465
8921,8922
8624,8625
1288,1290
179,180
9666,9666
4693,4695
2156,2157
2091,2091
3110,3111
143,144
7851,7851
6390,6390
2457,2457
2809,2811
122,123
7736,7737
4926,4926
6765,6765
136,138
5716,5718
110,111
2375,2376
9666,9666
2425,2427
2438,2439
7908,7908
5790,5790
6447,6447
3774,3774
7907,7908
9336,9336
6074,6075
5218,5220
6668,6669
5031,5031
2787,2787
6190,6192
2046,2046
512,513
8332,8334
8841,8841
2121,2121
9546,9546
655,657
286,288
383,384
6441,6441
4484,4485
372,372
1546,1548
5696,5697
4721,4722
1573,1575
6842,6843
568,570
2569,2571
1263,1263
5223,5223
6142,6144
110,111
5272,5274
8692,8694
4121,4122
8178,8178
1718,1719
4546,4548
1103,1104
7963,7965
6603,6603
89,90
2674,2676
6542,6543
7445,7446
9218,9219
3927,3927
4418,4419
9865,9867
148,150
3579,3579
222,222
2931,2931
2797,2799
5582,5583
5610,5610
7958,7959
1932,1932
2749,2751
9813,9813
5637,5637
6601,6603
4038,4038
6660,6660
929,930
3045,3045
4844,4845
9206,9207
7879,7881
4629,4629
5550,5550
5602,5604
3222,3222
6165,6165
6071,6072
4337,4338
6265,6267
1887,1887
5958,5958
9065,9066
1134,1134
91,93
933,933
3621,3621
5799,5799
2440,2442
977,978
1795,1797
6771,6771
181,183
5067,5067
4063,4065
5873,5874
8783,8784
9947,9948
77,78
6338,6339
9418,9420
9159,9159
781,783
5826,5826
1439,1440
5284,5286
1088,1089
5588,5589
1992,1992
2455,2457
8808,8808
2224,2226
8528,8529
5832,5832
9328,9330
5807,5808
9535,9537
7714,7716
1010,1011
9462,9462
3619,3621
158,159
7002,7002
2728,2730
8788,8790
529,531
2822,2823
8490,8490
8651,8652
8043,8043
4770,4770
5958,5958
8395,8397
5910,5910
5591,5592
2282,2283
860,861
1342,1344
9229,9231
9656,9657
9812,9813
5417,5418
7188,7188
9095,9096
7639,7641
7929,7929
9767,9768
2605,2607
4184,4185
9113,9114
8924,8925
8272,8274
9942,9942
7175,7176
3554,3555
6993,6993
8595,8595
1772,1773
2744,2745
8146,8148
6513,6513
3464,3465
6235,6237
9591,9591
1104,1104
402,402
7576,7578
3314,3315
8573,8574
1582,1584
4191,4191
4445,4446
1936,1938
9829,9831
4655,4656
5364,5364
3855,3855
4428,4428
1611,1611
3529,3531
2995,2997
784,786
9020,9021
2482,2484
1013,1014
7158,7158
7539,7539
8460,8460
7542,7542
3342,3342
6937,6939
8375,8376
5275,5277
3111,3111
8538,8538
554,555
8723,8724
8107,8109
2931,2931
8361,8361
2935,2937
4405,4407
1878,1878
8177,8178
7219,7221
4642,4644
5121,5121
7122,7122
8316,8316
6337,6339
7070,7071
5559,5559
4560,4560
9892,9894
4382,4383
2597,2598
5404,5406
8650,8652
9650,9651
2874,2874
5849,5850
8030,8031
7233,7233
8896,8898
8530,8532
5722,5724
4151,4152
9118,9120
9069,9069
3142,3144
4716,4716
3453,3453
1693,1695
4404,4404
3707,3708
3039,3039
8565,8565
31,33
498,498
2950,2952
6760,6762
9164,9165
1798,1800
738,738
386,387
332,333
459,459
8425,8427
9680,9681
7005,7005
5853,5853
1777,1779
4818,4818
6353,6354
3896,3897
8013,8013
247,249
762,762
9074,9075
710,711
9651,9651
1411,1413
1731,1731
6672,6672
2646,2646
6673,6675
3593,3594
523,525
4352,4353
6519,6519
1998,1998
5015,5016
8900,8901
6329,6330
9352,9354
9254,9255
457,459
7938,7938
6389,6390
7714,7716
8545,8547
494,495
5184,5184
8854,8856
1053,1053
1694,1695
895,897
6896,6897
177,177
5774,5775
8332,8334
4156,4158
5732,5733
7499,7500
6901,6903
4092,4092
164,165
3510,3510
7576,7578
6946,6948
9004,9006
9626,9627
445,447
9033,9033
3230,3231
9028,9030
5733,5733
518,519
4629,4629
7702,7704
5490,5490
6789,6789
4918,4920
3011,3012
3686,3687
7361,7362
4893,4893
5976,5976
2333,2334
2680,2682
5984,5985
9043,9045
7606,7608
474,474
1841,1842
3407,3408
2419,2421
9337,9339
6153,6153
2915,2916
2018,2019
8267,8268
2495,2496
6486,6486
5336,5337
7562,7563
7856,7857
4251,4251
4287,4287
4614,4614
7847,7848
6050,6051
7945,7947
8408,8409
3145,3147
1496,1497
9945,9945
8150,8151
1197,1197
9916,9918
3318,3318
5805,5805
7249,7251
8094,8094
2979,2979
3035,3036
9814,9816
7023,7023
9807,9807
6302,6303
7199,7200
8208,8208
460,462
7981,7983
373,375
3588,3588
7842,7842
9832,9834
3077,3078
5396,5397
5226,5226
1505,1506
7300,7302
7729,7731
5440,5442
8733,8733
1167,1167
5679,5679
3265,3267
5559,5559
3958,3960
4126,4128
1014,1014
5593,5595
4226,4227
2187,2187
625,627
3501,3501
2600,2601
8113,8115
979,981
7590,7590
560,561
7782,7782
4177,4179
1118,1119
4853,4854
3004,3006
6832,6834
3716,3717
318,318
9617,9618
9921,9921
828,828
2860,2862
6682,6684
8485,8487
3708,3708
7424,7425
4263,4263
8883,8883
6105,6105
7435,7437
6534,6534
882,882
5365,5367
4250,4251
3070,3072
6797,6798
6690,6690
3058,3060
7698,7698
2547,2547
8728,8730
8954,8955
6597,6597
4434,4434
8032,8034
5421,5421
9719,9720
4505,4506
6894,6894
1632,1632
9578,9579
5579,5580
2372,2373
4004,4005
2903,2904
4384,4386
4828,4830
4522,4524
5613,5613
1449,1449
9249,9249
9217,9219
3298,3300
7876,7878
38,39
6744,6744
6000,6000
9869,9870
3527,3528
2155,2157
5051,5052
1356,1356
5756,5757
595,597
8181,8181
1810,1812
4799,4800
7603,7605
1974,1974
2263,2265
4616,4617
6125,6126
2186,2187
5212,5214
4037,4038
7029,7029
4874,4875
5424,5424
1489,1491
1933,1935
8184,8184
1438,1440
4366,4368
9873,9873
4581,4581
9853,9855
9064,9066
7099,7101
6724,6726
3069,3069
4407,4407
1001,1002
1461,1461
6154,6156
4980,4980
2841,2841
2892,2892
37,39
1094,1095
3266,3267
4625,4626
1569,1569
6569,6570
7309,7311
703,705
1993,1995
6740,6741
6361,6363
6346,6348
6385,6387
3485,3486
2601,2601
8335,8337
3085,3087
8923,8925
3656,3657
7399,7401
1826,1827
9597,9597
7517,7518
2356,2358
4984,4986
6576,6576
5092,5094
9594,9594
9924,9924
8166,8166
6542,6543
7946,7947
7492,7494
745,747
8127,8127
26,27
3080,3081
6585,6585
4865,4866
9774,9774
8546,8547
475,477
5762,5763
7998,7998
6128,6129
2916,2916
9552,9552
5973,5973
677,678
4221,4221
5305,5307
8988,8988
1844,1845
5912,5913
3539,3540
1075,1077
6432,6432
9425,9426
6645,6645
8951,8952
3184,3186
4990,4992
5207,5208
6146,6147
9422,9423
6003,6003
6055,6057
7534,7536
5757,5757
3877,3879
987,987
5725,5727
552,552
7499,7500
1036,1038
1990,1992
8113,8115
3956,3957
2343,2343
5847,5847
9003,9003
7125,7125
4055,4056
5234,5235
9383,9384
605,606
820,822
2459,2460
2906,2907
1826,1827
4196,4197
4094,4095
2975,2976
465,465
4429,4431
5096,5097
2677,2679
8379,8379
5868,5868
3336,3336
9086,9087
8827,8829
6883,6885
8725,8727
7852,7854
6767,6768
6947,6948
5928,5928
4684,4686
9183,9183
9473,9474
8221,8223
3025,3027
4393,4395
7932,7932
1271,1272
8924,8925
3243,3243
3352,3354
654,654
4376,4377
8545,8547
302,303
3920,3921
7620,7620
965,966
9790,9792
2284,2286
4038,4038
1990,1992
8662,8664
9529,9531
8757,8757
1790,1791
5350,5352
4255,4257
4732,4734
9713,9714
9476,9477
4298,4299
7395,7395
7704,7704
8350,8352
8272,8274
9780,9780
7302,7302
8548,8550
2942,2943
4851,4851
3065,3066
2326,2328
3187,3189
667,669
270,270
5625,5625
5478,5478
5799,5799
6338,6339
9836,9837
9129,9129
8634,8634
3354,3354
8233,8235
500,501
7923,7923
6584,6585
5872,5874
4996,4998
2052,2052
772,774
3431,3432
9174,9174
1044,1044
127,129
9523,9525
2522,2523
5739,5739
2460,2460
219,219
4666,4668
4993,4995
3432,3432
4105,4107
3329,3330
6898,6900
2965,2967
2024,2025
8417,8418
913,915
3113,3114
9258,9258
9377,9378
7485,7485
5047,5049
2176,2178
1771,1773
2799,2799
2768,2769
1323,1323
9667,9669
556,558
6888,6888
7622,7623
6678,6678
9849,9849
1339,1341
6056,6057
7100,7101
3367,3369
967,969
9450,9450
5835,5835
5592,5592
9639,9639
6840,6840
8061,8061
2268,2268
1348,1350
7883,7884
1136,1137
8729,8730
2175,2175
6463,6465
5610,5610
7553,7554
3441,3441
1703,1704
8024,8025
5522,5523
2755,2757
2221,2223
2424,2424
1806,1806
9403,9405
7592,7593
9516,9516
864,864
1327,1329
5913,5913
7596,7596
7261,7263
6950,6951
5327,5328
6776,6777
6816,6816
7266,7266
9010,9012
895,897
8144,8145
3607,3609
6298,6300
8971,8973
3508,3510
2636,2637
9183,9183
1162,1164
7840,7842
7602,7602
6135,6135
3412,3414
3675,3675
7492,7494
6992,6993
6865,6867
5680,5682
3604,3606
9871,9873
9925,9927
9732,9732
6096,6096
2154,2154
6394,6396
6236,6237
8632,8634
9217,9219
2361,2361
2770,2772
8082,8082
6385,6387
3544,3546
294,294
9448,9450
7142,7143
3936,3936
6012,6012
4957,4959
5066,5067
3144,3144
2780,2781
5020,5022
8752,8754
8310,8310
2762,2763
5681,5682
4025,4026
9128,9129
5885,5886
7979,7980
7359,7359
4112,4113
8427,8427
7289,7290
1675,1677
433,435
2758,2760
5034,5034
439,441
5063,5064
4753,4755
8355,8355
9695,9696
3402,3402
327,327
7269,7269
4934,4935
5044,5046
2710,2712
5415,5415
7320,7320
7782,7782
4149,4149
7895,7896
8863,8865
6778,6780
6109,6111
160,162
8600,8601
6960,6960
2986,2988
7343,7344
5668,5670
1027,1029
7900,7902
8588,8589
9992,9993
1209,1209
9019,9021
1622,1623
385,387
3288,3288
6429,6429
4287,4287
5951,5952
5137,5139
1195,1197
5972,5973
640,642
5751,5751
5442,5442
6157,6159
8360,8361
2401,2403
8886,8886
7568,7569
7156,7158
904,906
8183,8184
6143,6144
9769,9771
8969,8970
9548,9549
9643,9645
8509,8511
1006,1008
2519,2520
2655,2655
3822,3822
281,282
3225,3225
3847,3849
1084,1086
6116,6117
7700,7701
9332,9333
9589,9591
2308,2310
5786,5787
7503,7503
4530,4530
5030,5031
2599,2601
7330,7332
5856,5856
9417,9417
5095,5097
3728,3729
7263,7263
6281,6282
2637,2637
4176,4176
5923,5925
9056,9057
9908,9909
4833,4833
6483,6483
6691,6693
7985,7986
2516,2517
7810,7812
1326,1326
7489,7491
5090,5091
36,36
5908,5910
2777,2778
8933,8934
7564,7566
34,36
8411,8412
463,465
7212,7212
2728,2730
4741,4743
3911,3912
1213,1215
2277,2277
1570,1572
8784,8784
3279,3279
5344,5346
8326,8328
8080,8082
2092,2094
8058,8058
56,57
5296,5298
4324,4326
7466,7467
2266,2268
7068,7068
5701,5703
9873,9873
2841,2841
9879,9879
9330,9330
6917,6918
9531,9531
3906,3906
1979,1980
3477,3477
5469,5469
3892,3894
531,531
5850,5850
8511,8511
3548,3549
9394,9396
1541,1542
7140,7140
4585,4587
8946,8946
5554,5556
8580,8580
2848,2850
4034,4035
4744,4746
7943,7944
4744,4746
5366,5367
6320,6321
6825,6825
409,411
4609,4611
5554,5556
7527,7527
5033,5034
4962,4962
1845,1845
3928,3930
6399,6399
7214,7215
653,654
2701,2703
369,369
3911,3912
3780,3780
9332,9333
3400,3402
9546,9546
6516,6516
5080,5082
3740,3741
4554,4554
7292,7293
5667,5667
8668,8670
5034,5034
8418,8418
9566,9567
5919,5919
5429,5430
9674,9675
9869,9870
6247,6249
7854,7854
9728,9729
7521,7521
1511,1512
3919,3921
9069,9069
9968,9969
6099,6099
4942,4944
2845,2847
2276,2277
757,759
7516,7518
4922,4923
7106,7107
1424,1425
5461,5463
6441,6441
5066,5067
2114,2115
9953,9954
2158,2160
492,492
7133,7134
6883,6885
8931,8931
8075,8076
7355,7356
6640,6642
1134,1134
2679,2679
7283,7284
6898,6900
8065,8067
7266,7266
5274,5274
487,489
7016,7017
8777,8778
7925,7926
6914,6915
141,141
3554,3555
8737,8739
1302,1302
2417,2418
5004,5004
5037,5037
2693,2694
2940,2940
777,777
1656,1656
4703,4704
3722,3723
9254,9255
754,756
4011,4011
8316,8316
2268,2268
650,651
8703,8703
7877,7878
5115,5115
533,534
6922,6924
2866,2868
2392,2394
1996,1998
8318,8319
2979,2979
4699,4701
5857,5859
1680,1680
245,246
9006,9006
4391,4392
3029,3030
5067,5067
9867,9867
9022,9024
5470,5472
9836,9837
5232,5232
6713,6714
3360,3360
9053,9054
6031,6033
878,879
6892,6894
4907,4908
3790,3792
7356,7356
8495,8496
357,357
6533,6534
4643,4644
3599,3600
5110,5112
2147,2148
374,375
2475,2475
5068,5070
5841,5841
9560,9561
3235,3237
1669,1671
1366,1368
3987,3987
8803,8805
8174,8175
2358,2358
740,741
7831,7833
6380,6381
2302,2304
8636,8637
6247,6249
1954,1956
6208,6210
90,90
4990,4992
7943,7944
1877,1878
7556,7557
8669,8670
7024,7026
5587,5589
8042,8043
4492,4494
7796,7797
1324,1326
2541,2541
4966,4968
5333,5334
501,501
5700,5700
8498,8499
4752,4752
5544,5544
4640,4641
9237,9237
4785,4785
9172,9174
9061,9063
6953,6954
1314,1314
1026,1026
7704,7704
225,225
4163,4164
2700,2700
8916,8916
9106,9108
8134,8136
2783,2784
1548,1548
1852,1854
658,660
7945,7947
8503,8505
9655,9657
6532,6534
3638,3639
400,402
9068,9069
9107,9108
8545,8547
6176,6177
1603,1605
2355,2355
4832,4833
6553,6555
136,138
6018,6018
8032,8034
9544,9546
8661,8661
7232,7233
7329,7329
9895,9897
8975,8976
5793,5793
9784,9786
3763,3765
1010,1011
4467,4467
7532,7533
9446,9447
2453,2454
1676,1677
3036,3036
3435,3435
9757,9759
216,216
9401,9402
5624,5625
4017,4017
2662,2664
5949,5949
5498,5499
6890,6891
1349,1350
6235,6237
4252,4254
9389,9390
7299,7299
7931,7932
6695,6696
2163,2163
4730,4731
4603,4605
5061,5061
9566,9567
4768,4770
2096,2097
6414,6414
8983,8985
9830,9831
244,246
8768,8769
6172,6174
5215,5217
1385,1386
4335,4335
1768,1770
8770,8772
2286,2286
1423,1425
5856,5856
4221,4221
5148,5148
1931,1932
3502,3504
8410,8412
3289,3291
8244,8244
5016,5016
9337,9339
7285,7287
2967,2967
2693,2694
8647,8649
7544,7545
6188,6189
913,915
71,72
9987,9987
5629,5631
653,654
1945,1947
365,366
8528,8529
1019,1020
7657,7659
1484,1485
7681,7683
1672,1674
9325,9327
3817,3819
9980,9981
3034,3036
5757,5757
356,357
7993,7995
8206,8208
2052,2052
5040,5040
5190,5190
7748,7749
1227,1227
2364,2364
6057,6057
1727,1728
2839,2841
9434,9435
2105,2106
2010,2010
1841,1842
2005,2007
5840,5841
1094,1095
6993,6993
9969,9969
5706,5706
9931,9933
8559,8559
5049,5049
2981,2982
297,297
7551,7551
8901,8901
1636,1638
1565301
1479949
308111
202526
353338
1570935
802035
376974
456738
471468
288015
297466
142588
190118
404406
103445
156761
265213
66804
86210
55477
19817
114474
121713
23051
2053
81640
39727
21546
4000
44396
27523
12783
28102
7738
4905
8141
5436
158
13626
11958
14538
3729
7858
1952
902
5888
5
571
4384
4944
436
4042
2771
1277
1128
2198
274
1603
222
973
812
244
403
166
453
236
203
5
326
24
18
156
130
174
116
58
93
86
71
24
49
15
24
16
8
19
12
8
4
10
8
2
5
3
3
0
1
0
3
2
0
1
0
1
0
1
1
1
0
0
0
0
0
0
0
0
0
0
0
0
0
0
0
0
0
0
0
0
0
0
0
0
0
0
0
0
0
0
0
0
0
0
0
0
0
0
0
0
0
0
0
0
0
0
0
0
0
0
0
0
0
0
0
0
0
0
0
0
0
0
0
0
0
0
0
0
0
0
0
0
0
0
0
0
0
0
0
0
0
0
0
0
0
0
0
0
0
0
0
0
0
0
0
0
0
0
0
0
0
0
0
0
0
0
0
0
0
0
0
0
0
0
0
0
0
0
0
0
0
0
0
0
0
0
0
0
0
0
0
0
0
0
0
0
0
0
0
0
0
0
0
0
0
0
0
0
0
0
0
0
0
0
0
0
0
0
0
0
0
0
0
0
0
0
0
0
0
0
0
0
0
0
0
0
0
0
0
0
0
0
0
0
0
0
0
0
0
0
0
0
0
0
0
0
0
0
0
0
0
0
0
0
0
0
0
0
0
0
0
0
0
0
0
0
0
0
0
0
0
0
0
0
0
0
0
0
0
0
0
0
0
0
0
0
0
0
0
0
0
0
0
0
0
0
0
0
0
0
0
0
0
0
0
0
0
0
0
0
0
0
0
0
0
0
0
0
0
0
0
0
0
0
0
0
0
0
0
0
0
0
0
0
0
0
0
0
0
0
0
0
0
0
0
0
0
0
0
0
0
0
0
0
0
0
0
0
0
0
0
0
0
0
0
0
0
0
0
0
0
0
0
0
0
0
0
0
0
0
0
0
0
0
0
0
0
0
0
0
0
0
0
0
0
0
0
0
0
0
0
0
0
0
0
0
0
0
0
0
0
0
0
0
0
0
0
0
0
0
0
0
0
0
0
0
0
0
0
0
0
0
0
0
0
0
0
0
0
0
0
0
0
0
0
0
0
0
0
0
0
0
0
0
0
0
0
0
0
0
0
0
0
0
0
0
0
0
0
0
0
0
0
0
0
0
0
0
0
0
0
0
0
0
0
0
0
0
0
0
0
0
0
0
0
0
0
0
0
0
0
0
0
0
0
0
0
0
0
0
0
0
0
0
0
0
0
0
0
0
0
0
0
0
0
0
0
0
0
0
0
0
0
0
0
0
0
0
0
0
0
0
0
0
0
0
0
0
0
0
0
0
0
0
0
0
0
0
0
0
0
0
0
0
0
0
0
0
0
0
0
0
0
0
0
0
0
0
0
0
0
0
0
0
0
0
0
0
0
0
0
0
0
0
0
0
0
0
0
0
0
0
0
0
0
0
0
0
0
0
0
0
0
0
0
0
0
0
0
0
0
0
0
0
0
0
0
0
0
0
0
0
0
0
0
0
0
0
0
0
0
0
0
0
0
0
0
0
0
0
0
0
0
0
0
0
0
0
0
0
0
0
0
0
0
0
0
0
0
0
0
0
0
0
0
0
0
0
0
0
0
0
0
0
0
0
0
0
0
0
0
0
0
0
0
0
0
0
0
0
0
0
0
0
0
0
0
0
0
0
0
0
0
0
0
0
0
0
0
0
0
0
0
0
0
0
0
0
0
0
0
0
0
0
0
0
0
0
0
0
0
