8599,8601
2461,2463
1098,1098
1098,1098
4276,4278
8884,8886
6906,6906
7677,7677
5040,5040
7913,7914
356,357
3034,3036
6207,6207
3590,3591
3566,3567
4856,4857
8448,8448
9748,9750
8283,8283
6145,6147
4195,4197
2074,2076
4300,4302
273,273
6701,6702
2009,2010
9623,9624
3923,3924
9104,9105
8614,8616
4009,4011
8845,8847
7633,7635
2801,2802
4278,4278
4499,4500
9088,9090
5653,5655
8132,8133
2583,2583
1693,1695
4248,4248
2989,2991
5256,5256
8388,8388
8685,8685
3085,3087
46,48
9442,9444
4018,4020
3947,3948
3827,3828
6606,6606
976,978
4366,4368
1846,1848
4471,4473
7887,7887
1361,1362
2816,2817
100,102
3845,3846
1143,1143
5917,5919
1193,1194
9493,9495
2511,2511
4014,4014
8976,8976
8705,8706
3940,3942
5097,5097
9397,9399
8396,8397
6810,6810
8225,8226
8338,8340
7561,7563
3042,3042
584,585
2337,2337
9272,9273
6745,6747
7354,7356
9984,9984
4487,4488
3093,3093
7150,7152
719,720
6139,6141
2198,2199
7727,7728
4004,4005
8245,8247
9444,9444
5857,5859
8211,8211
2267,2268
9056,9057
4790,4791
5643,5643
54,54
3624,3624
4177,4179
8946,8946
749,750
1510,1512
5337,5337
9013,9015
2860,2862
6844,6846
9496,9498
6974,6975
7903,7905
2227,2229
8867,8868
9562,9564
8186,8187
9647,9648
9687,9687
648,648
3676,3678
6962,6963
756,756
135,135
2518,2520
3214,3216
978,978
4965,4965
4875,4875
5500,5502
3795,3795
2944,2946
8700,8700
4732,4734
4201,4203
4222,4224
6165,6165
5561,5562
6240,6240
3497,3498
2215,2217
4433,4434
7697,7698
1845,1845
9196,9198
335,336
8538,8538
622,624
3835,3837
5464,5466
6013,6015
5650,5652
6532,6534
2761,2763
4155,4155
4765,4767
6310,6312
3650,3651
5370,5370
5075,5076
790,792
4353,4353
2985,2985
8932,8934
8148,8148
5501,5502
4273,4275
6919,6921
6408,6408
3022,3024
3458,3459
6194,6195
6177,6177
5808,5808
7221,7221
3214,3216
9229,9231
6164,6165
3134,3135
4162,4164
1402,1404
7802,7803
9865,9867
3152,3153
1587,1587
2235,2235
7155,7155
9895,9897
8958,8958
9755,9756
9831,9831
9667,9669
485,486
4398,4398
4008,4008
6234,6234
588,588
4319,4320
2488,2490
545,546
5741,5742
5263,5265
8433,8433
6476,6477
5332,5334
2099,2100
9524,9525
9663,9663
1531,1533
3924,3924
1931,1932
6461,6462
3596,3597
3608,3609
4608,4608
580,582
9477,9477
1956,1956
6890,6891
5338,5340
5355,5355
2060,2061
6850,6852
6309,6309
2894,2895
263,264
2086,2088
1344,1344
6224,6225
1325,1326
4747,4749
7864,7866
3704,3705
4861,4863
9822,9822
9676,9678
1131,1131
6148,6150
7248,7248
1028,1029
8854,8856
6587,6588
3375,3375
9400,9402
2150,2151
5819,5820
8078,8079
2253,2253
5700,5700
2875,2877
2995,2997
8604,8604
1882,1884
4051,4053
3751,3753
3408,3408
3157,3159
4076,4077
9503,9504
6399,6399
7560,7560
2955,2955
926,927
313,315
6339,6339
4956,4956
3002,3003
4458,4458
6472,6474
9829,9831
8970,8970
8991,8991
6272,6273
4369,4371
160,162
8456,8457
4415,4416
7000,7002
4165,4167
3122,3123
454,456
2967,2967
7176,7176
7005,7005
3579,3579
9396,9396
4690,4692
8117,8118
2052,2052
5201,5202
2885,2886
9035,9036
9052,9054
4514,4515
2295,2295
4098,4098
3505,3507
2654,2655
4487,4488
4263,4263
3841,3843
7289,7290
5842,5844
8624,8625
9166,9168
4592,4593
6322,6324
685,687
2661,2661
6456,6456
7014,7014
3735,3735
2891,2892
2800,2802
4543,4545
3850,3852
6451,6453
4330,4332
5246,5247
7010,7011
7143,7143
7130,7131
5649,5649
1202,1203
3642,3642
4721,4722
508,510
4508,4509
7407,7407
3094,3096
8038,8040
3477,3477
5325,5325
6293,6294
7232,7233
4608,4608
8786,8787
3037,3039
1520,1521
2851,2853
2696,2697
5870,5871
9243,9243
52,54
3815,3816
475,477
3963,3963
5463,5463
5206,5208
1214,1215
7296,7296
2373,2373
7357,7359
7344,7344
6877,6879
557,558
3841,3843
2527,2529
9557,9558
7363,7365
4080,4080
5358,5358
3988,3990
4907,4908
1697,1698
4300,4302
1383,1383
4257,4257
9644,9645
5946,5946
1318,1320
6691,6693
6393,6393
2453,2454
2147,2148
9818,9819
3776,3777
3108,3108
5070,5070
996,996
1015,1017
5306,5307
8713,8715
5393,5394
562,564
7926,7926
3485,3486
5396,5397
5634,5634
4828,4830
815,816
7025,7026
9511,9513
4765,4767
4162,4164
606,606
5397,5397
6257,6258
6869,6870
6715,6717
9643,9645
1359,1359
8890,8892
6661,6663
1944,1944
2500,2502
7532,7533
4408,4410
623,624
1826,1827
3400,3402
6721,6723
7261,7263
472,474
3397,3399
7190,7191
4130,4131
2962,2964
9237,9237
9562,9564
8914,8916
3484,3486
8798,8799
2838,2838
7261,7263
5540,5541
8657,8658
741,741
1521,1521
5530,5532
1593,1593
7483,7485
9711,9711
1916,1917
706,708
1195,1197
8778,8778
3988,3990
9234,9234
9936,9936
7472,7473
8984,8985
2790,2790
4630,4632
7806,7806
8093,8094
2593,2595
1630,1632
9487,9489
2077,2079
3437,3438
3823,3825
9872,9873
8406,8406
9794,9795
4510,4512
3513,3513
2999,3000
1392,1392
599,600
9023,9024
5631,5631
300,300
1349,1350
8861,8862
2833,2835
243,243
6712,6714
6939,6939
7796,7797
6223,6225
768,768
3026,3027
3935,3936
9111,9111
5832,5832
8854,8856
3859,3861
4355,4356
206,207
1577,1578
741,741
4736,4737
2419,2421
1553,1554
2783,2784
2419,2421
495,495
4129,4131
1429,1431
6378,6378
167,168
5951,5952
2712,2712
2683,2685
5484,5484
513,513
9643,9645
1495,1497
6079,6081
6768,6768
4392,4392
8483,8484
5691,5691
74,75
3797,3798
9701,9702
8485,8487
3204,3204
8482,8484
1900,1902
4671,4671
2127,2127
8546,8547
9776,9777
9196,9198
8318,8319
9071,9072
1690,1692
4799,4800
3630,3630
8523,8523
7055,7056
5803,5805
6201,6201
3273,3273
1644,1644
1173,1173
386,387
1057,1059
8045,8046
1256,1257
9111,9111
6916,6918
40,42
2748,2748
6936,6936
9438,9438
2373,2373
9388,9390
8156,8157
2826,2826
6245,6246
5416,5418
8630,8631
773,774
9966,9966
9603,9603
260,261
518,519
4346,4347
7140,7140
9435,9435
6924,6924
1405,1407
7258,7260
6356,6357
6972,6972
1215,1215
1858,1860
3504,3504
5367,5367
4554,4554
551,552
693,693
5237,5238
3031,3033
3493,3495
901,903
4173,4173
9478,9480
9401,9402
3885,3885
9429,9429
6291,6291
6294,6294
4587,4587
6510,6510
8694,8694
6445,6447
589,591
2497,2499
2841,2841
4186,4188
8923,8925
6873,6873
2608,2610
806,807
2257,2259
2121,2121
2054,2055
9942,9942
8128,8130
4353,4353
7489,7491
4658,4659
2637,2637
7528,7530
922,924
5994,5994
2845,2847
5110,5112
8751,8751
8172,8172
4506,4506
3010,3012
1244,1245
9693,9693
2058,2058
6235,6237
7312,7314
6755,6756
6109,6111
373,375
910,912
3507,3507
407,408
6848,6849
3033,3033
7553,7554
9029,9030
6413,6414
6014,6015
3396,3396
7008,7008
3502,3504
1538,1539
8950,8952
4857,4857
465,465
9228,9228
7918,7920
3338,3339
4355,4356
814,816
2601,2601
8915,8916
542,543
8285,8286
4184,4185
4886,4887
495,495
1386,1386
3323,3324
4823,4824
8976,8976
497,498
6394,6396
9158,9159
5384,5385
1495,1497
106,108
4080,4080
7412,7413
4747,4749
9082,9084
9339,9339
4389,4389
884,885
813,813
9762,9762
7480,7482
9298,9300
8701,8703
4737,4737
2327,2328
4864,4866
8007,8007
8100,8100
7665,7665
7449,7449
6362,6363
5577,5577
3657,3657
6687,6687
7594,7596
6952,6954
7040,7041
1897,1899
2279,2280
7570,7572
5199,5199
6516,6516
7313,7314
9763,9765
4197,4197
9160,9162
2668,2670
286,288
1484,1485
9298,9300
76,78
9007,9009
6064,6066
555,555
1289,1290
1388,1389
1339,1341
5895,5895
3254,3255
6536,6537
7377,7377
3740,3741
3859,3861
2891,2892
4501,4503
7559,7560
7111,7113
4818,4818
2955,2955
2934,2934
6334,6336
1445,1446
9161,9162
7996,7998
2002,2004
1474,1476
7301,7302
5067,5067
495,495
3856,3858
4706,4707
7990,7992
7975,7977
3470,3471
9559,9561
9054,9054
9822,9822
1471,1473
4269,4269
3134,3135
261,261
165,165
1,3
6948,6948
1526,1527
3200,3201
2655,2655
2128,2130
8943,8943
7795,7797
1139,1140
2018,2019
8739,8739
6329,6330
5618,5619
3784,3786
1325,1326
6617,6618
6550,6552
2055,2055
3551,3552
6892,6894
114,114
1363,1365
4922,4923
4235,4236
7566,7566
8432,8433
5303,5304
9608,9609
8284,8286
2546,2547
2687,2688
3816,3816
1321,1323
7786,7788
9825,9825
9837,9837
9849,9849
8575,8577
5995,5997
7932,7932
7393,7395
1310,1311
1242,1242
8712,8712
3531,3531
6342,6342
5878,5880
4292,4293
6776,6777
1695,1695
7481,7482
7187,7188
5260,5262
9060,9060
1178,1179
6997,6999
4534,4536
2223,2223
9628,9630
3385,3387
785,786
8418,8418
2364,2364
1910,1911
2383,2385
2940,2940
2128,2130
5570,5571
4394,4395
3643,3645
4984,4986
1927,1929
7951,7953
7460,7461
2132,2133
8011,8013
1720,1722
2265,2265
7705,7707
7839,7839
4032,4032
2489,2490
7775,7776
9340,9342
6913,6915
7233,7233
3562,3564
3210,3210
4868,4869
1098,1098
174,174
9095,9096
2676,2676
8613,8613
6759,6759
5670,5670
3206,3207
9633,9633
4109,4110
8473,8475
5589,5589
6711,6711
7129,7131
8227,8229
1791,1791
3101,3102
3087,3087
8353,8355
7075,7077
3849,3849
6960,6960
1900,1902
7484,7485
6808,6810
1497,1497
2881,2883
7961,7962
5909,5910
843,843
2263,2265
5019,5019
1101,1101
8540,8541
3413,3414
8270,8271
1829,1830
842,843
4857,4857
6007,6009
5528,5529
1562,1563
4018,4020
3983,3984
751,753
5049,5049
7613,7614
3563,3564
4193,4194
7260,7260
7301,7302
5847,5847
9568,9570
1575,1575
8000,8001
9828,9828
2001,2001
7515,7515
4061,4062
2217,2217
4691,4692
8078,8079
106,108
273,273
3494,3495
1364,1365
2825,2826
3935,3936
204,204
6612,6612
3300,3300
3718,3720
4530,4530
8065,8067
8597,8598
6244,6246
8888,8889
6941,6942
9815,9816
3504,3504
4563,4563
2732,2733
571,573
7824,7824
8617,8619
4654,4656
6242,6243
1109,1110
5517,5517
7450,7452
5127,5127
1208,1209
1179,1179
4046,4047
9778,9780
8188,8190
9062,9063
3388,3390
5546,5547
3701,3702
9234,9234
4298,4299
4436,4437
5677,5679
4422,4422
1889,1890
6212,6213
1340,1341
5591,5592
4525,4527
5534,5535
270,270
8340,8340
3056,3057
8146,8148
9127,9129
5803,5805
188,189
651,651
5332,5334
2273,2274
6234,6234
5750,5751
3448,3450
2859,2859
9383,9384
3464,3465
2547,2547
3444,3444
5711,5712
2753,2754
1532,1533
662,663
8073,8073
8526,8526
7059,7059
2921,2922
6517,6519
11,12
7163,7164
8393,8394
9490,9492
2602,2604
8564,8565
9778,9780
4635,4635
6647,6648
5376,5376
6246,6246
3944,3945
3906,3906
4271,4272
7986,7986
9736,9738
6157,6159
560,561
7543,7545
3952,3954
9563,9564
3317,3318
9125,9126
6709,6711
9441,9441
2867,2868
6508,6510
5362,5364
7307,7308
6538,6540
9046,9048
1980,1980
4773,4773
3693,3693
102,102
9976,9978
2803,2805
636,636
2935,2937
8565,8565
4586,4587
1985,1986
4874,4875
4882,4884
6518,6519
3385,3387
3067,3069
2942,2943
2885,2886
2089,2091
5667,5667
4071,4071
7795,7797
5326,5328
1899,1899
8992,8994
6917,6918
6081,6081
2339,2340
7396,7398
8149,8151
13,15
92,93
6185,6186
2865,2865
2481,2481
9676,9678
6629,6630
4758,4758
3032,3033
6756,6756
2045,2046
7194,7194
4617,4617
5376,5376
4066,4068
8217,8217
5408,5409
5156,5157
3848,3849
8093,8094
542,543
1044,1044
7353,7353
9983,9984
3517,3519
7329,7329
5134,5136
226,228
7854,7854
8160,8160
500,501
3970,3972
6885,6885
4758,4758
7534,7536
5909,5910
624,624
5435,5436
8931,8931
9583,9585
3142,3144
5395,5397
5736,5736
2627,2628
1128,1128
7735,7737
3792,3792
4347,4347
8561,8562
3731,3732
8152,8154
4960,4962
2165,2166
7457,7458
581,582
2780,2781
4502,4503
8719,8721
6838,6840
2418,2418
7121,7122
3904,3906
7470,7470
7915,7917
2193,2193
589,591
4065,4065
4868,4869
427,429
5683,5685
5138,5139
6344,6345
1981,1983
1715,1716
1579,1581
7954,7956
5473,5475
2843,2844
916,918
5822,5823
8352,8352
5041,5043
145,147
104,105
9967,9969
8020,8022
9831,9831
1521,1521
3062,3063
7482,7482
9526,9528
3235,3237
8054,8055
5559,5559
3405,3405
5441,5442
152,153
2155,2157
8934,8934
6395,6396
2656,2658
7156,7158
579,579
9914,9915
3952,3954
6169,6171
4731,4731
7063,7065
467,468
425,426
8029,8031
4115,4116
6500,6501
3532,3534
5913,5913
2619,2619
8415,8415
1591,1593
6214,6216
8316,8316
4004,4005
6310,6312
7480,7482
3049,3051
6026,6027
1587,1587
4076,4077
4400,4401
596,597
5243,5244
6983,6984
4639,4641
4027,4029
1819,1821
4951,4953
8596,8598
4451,4452
3765,3765
9281,9282
4639,4641
4230,4230
1193,1194
2911,2913
9935,9936
4515,4515
1927,1929
8033,8034
3432,3432
9503,9504
6794,6795
5933,5934
2178,2178
9198,9198
3348,3348
1815,1815
3257,3258
6400,6402
3576,3576
8854,8856
434,435
8884,8886
7403,7404
103,105
312,312
173,174
7652,7653
8120,8121
2895,2895
2619,2619
2374,2376
7985,7986
6612,6612
4506,4506
4506,4506
1490,1491
6418,6420
6490,6492
5619,5619
8901,8901
6242,6243
52,54
2350,2352
4579,4581
8405,8406
2807,2808
2615,2616
1185,1185
8166,8166
6897,6897
7298,7299
6661,6663
9550,9552
1894,1896
5024,5025
4330,4332
2469,2469
3061,3063
202,204
5319,5319
6107,6108
4373,4374
6053,6054
3850,3852
8910,8910
5786,5787
5437,5439
6042,6042
4486,4488
4540,4542
6806,6807
9928,9930
6371,6372
7900,7902
2464,2466
9601,9603
9955,9957
8182,8184
6481,6483
9467,9468
8989,8991
3812,3813
4329,4329
1512,1512
4485,4485
2190,2190
4806,4806
2872,2874
230,231
7542,7542
3882,3882
8717,8718
9279,9279
60,60
6062,6063
8283,8283
8444,8445
7288,7290
2973,2973
6940,6942
2773,2775
2053,2055
5620,5622
4737,4737
6369,6369
2008,2010
858,858
6215,6216
7456,7458
8452,8454
5689,5691
4024,4026
7243,7245
5801,5802
6343,6345
2974,2976
2546,2547
3966,3966
6098,6099
4995,4995
2950,2952
5923,5925
9683,9684
2619,2619
7463,7464
9691,9693
7605,7605
5820,5820
4191,4191
3432,3432
3393,3393
8453,8454
1592,1593
7309,7311
2680,2682
378,378
7668,7668
8514,8514
8908,8910
8683,8685
9044,9045
5312,5313
672,672
4495,4497
3384,3384
9441,9441
7870,7872
8263,8265
7794,7794
1957,1959
5619,5619
4398,4398
4700,4701
2003,2004
4004,4005
2214,2214
6659,6660
2916,2916
9851,9852
8773,8775
4294,4296
4573,4575
9855,9855
5985,5985
4152,4152
5389,5391
3732,3732
8614,8616
8591,8592
3899,3900
8598,8598
8905,8907
8490,8490
4989,4989
2963,2964
3218,3219
6356,6357
2113,2115
1389,1389
4251,4251
144,144
1294,1296
87,87
6931,6933
807,807
3440,3441
1107,1107
5251,5253
8072,8073
1149,1149
3240,3240
1400,1401
2455,2457
6202,6204
8445,8445
520,522
372,372
9970,9972
2096,2097
3833,3834
4179,4179
2582,2583
5349,5349
9917,9918
9055,9057
1128,1128
3636,3636
7674,7674
6214,6216
499,501
4512,4512
6658,6660
8588,8589
3608,3609
4529,4530
4877,4878
9993,9993
5030,5031
5962,5964
5951,5952
7223,7224
9183,9183
4304,4305
6193,6195
3056,3057
9577,9579
3931,3933
9851,9852
6533,6534
3487,3489
7632,7632
5693,5694
546,546
5454,5454
3833,3834
505,507
1465,1467
8489,8490
9932,9933
9554,9555
1867,1869
1832,1833
9183,9183
2334,2334
6763,6765
3406,3408
4980,4980
9101,9102
6659,6660
6262,6264
9750,9750
3517,3519
517,519
5776,5778
2488,2490
672,672
9200,9201
5314,5316
82,84
9425,9426
4459,4461
6889,6891
8370,8370
935,936
247,249
1872,1872
3940,3942
1381,1383
6170,6171
6045,6045
976,978
2859,2859
8309,8310
9603,9603
7341,7341
6862,6864
6116,6117
9568,9570
4975,4977
400,402
3622,3624
6494,6495
6631,6633
5021,5022
7723,7725
1630,1632
2284,2286
1701,1701
5242,5244
3458,3459
3360,3360
1828,1830
6337,6339
7241,7242
380,381
6636,6636
4416,4416
2573,2574
1016,1017
9915,9915
9490,9492
3996,3996
7510,7512
5786,5787
2606,2607
8440,8442
1700,1701
5714,5715
3849,3849
8297,8298
4404,4404
5989,5991
2883,2883
3344,3345
1453,1455
9962,9963
8141,8142
2597,2598
67,69
6267,6267
3383,3384
4086,4086
4823,4824
1650,1650
6488,6489
1551,1551
5760,5760
9085,9087
6546,6546
7159,7161
1139,1140
308,309
1944,1944
5953,5955
2088,2088
8878,8880
4136,4137
5466,5466
8750,8751
8737,8739
6111,6111
9016,9018
8956,8958
1754,1755
6172,6174
1610,1611
4841,4842
8631,8631
3105,3105
870,870
913,915
3403,3405
7291,7293
3958,3960
8466,8466
571,573
8973,8973
6354,6354
5991,5991
9933,9933
4079,4080
7761,7761
7940,7941
3660,3660
6905,6906
8340,8340
9799,9801
7959,7959
1983,1983
7678,7680
1586,1587
7409,7410
2616,2616
3547,3549
293,294
8184,8184
2428,2430
8311,8313
2884,2886
2743,2745
6484,6486
5796,5796
1508,1509
3835,3837
3150,3150
9397,9399
5989,5991
6993,6993
4657,4659
4818,4818
6552,6552
1848,1848
4795,4797
2161,2163
1657,1659
3146,3147
5166,5166
906,906
1753,1755
6710,6711
7352,7353
4852,4854
1505,1506
8271,8271
1863,1863
4512,4512
177,177
9043,9045
3892,3894
6060,6060
8004,8004
1510,1512
3598,3600
5174,5175
9946,9948
3670,3672
9871,9873
9629,9630
3384,3384
1776,1776
8885,8886
5780,5781
1692,1692
1775,1776
4958,4959
2243,2244
2307,2307
3567,3567
1882,1884
5783,5784
5976,5976
9292,9294
1640,1641
7154,7155
9935,9936
7161,7161
2523,2523
3198,3198
7369,7371
4856,4857
8658,8658
8692,8694
227,228
7752,7752
5893,5895
7777,7779
9905,9906
3901,3903
5202,5202
7582,7584
3346,3348
7906,7908
7636,7638
9562,9564
587,588
2971,2973
5372,5373
6474,6474
7511,7512
8901,8901
6929,6930
6322,6324
140,141
157,159
7480,7482
1146,1146
9949,9951
6593,6594
532,534
463,465
6154,6156
1312,1314
6313,6315
207,207
5562,5562
107,108
9301,9303
5810,5811
3172,3174
7182,7182
2290,2292
7941,7941
4564,4566
9080,9081
8418,8418
96,96
3807,3807
8973,8973
1771,1773
7389,7389
2382,2382
2296,2298
9468,9468
4551,4551
668,669
4529,4530
4046,4047
7568,7569
6428,6429
4253,4254
6735,6735
1290,1290
7372,7374
3541,3543
2668,2670
5980,5982
4385,4386
9768,9768
9998,9999
6859,6861
576,576
8911,8913
682,684
5954,5955
5623,5625
9881,9882
895,897
494,495
1558,1560
9940,9942
7618,7620
467,468
3195,3195
2530,2532
8019,8019
5588,5589
8965,8967
1258,1260
4144,4146
3103,3105
9135,9135
7996,7998
1618,1620
1400,1401
7305,7305
9590,9591
1362,1362
5930,5931
3361,3363
6635,6636
9714,9714
7884,7884
3976,3978
8930,8931
4684,4686
1151,1152
519,519
3163,3165
1565,1566
7509,7509
6064,6066
5078,5079
6718,6720
7993,7995
2676,2676
4504,4506
8082,8082
5204,5205
1155,1155
1870,1872
6107,6108
800,801
3214,3216
5152,5154
1979,1980
4844,4845
2527,2529
6775,6777
9291,9291
7923,7923
3151,3153
7281,7281
219,219
5659,5661
5078,5079
4573,4575
2605,2607
3031,3033
2821,2823
2166,2166
2214,2214
7380,7380
4210,4212
3375,3375
755,756
4474,4476
9558,9558
9768,9768
318,318
803,804
76,78
3116,3117
2292,2292
4969,4971
4513,4515
9223,9225
2245,2247
1731,1731
4885,4887
399,399
9463,9465
4716,4716
8461,8463
6086,6087
1111,1113
5708,5709
1585,1587
3079,3081
9460,9462
5328,5328
8377,8379
5037,5037
9603,9603
8038,8040
7048,7050
8739,8739
1256,1257
9318,9318
7543,7545
3371,3372
7828,7830
6452,6453
9037,9039
522,522
6155,6156
7218,7218
2811,2811
8900,8901
9454,9456
2727,2727
6456,6456
6303,6303
6457,6459
8082,8082
2232,2232
834,834
2631,2631
9279,9279
2677,2679
2763,2763
8816,8817
6488,6489
5519,5520
8003,8004
251,252
4587,4587
2447,2448
6534,6534
8236,8238
4777,4779
2889,2889
7640,7641
5549,5550
5450,5451
3332,3333
6026,6027
7083,7083
448,450
6057,6057
5539,5541
8886,8886
9681,9681
5499,5499
9020,9021
4909,4911
4997,4998
7479,7479
7764,7764
3871,3873
7571,7572
1108,1110
7015,7017
8847,8847
2788,2790
893,894
5991,5991
9162,9162
8669,8670
792,792
2899,2901
3295,3297
2707,2709
5661,5661
4310,4311
6043,6045
6430,6432
4640,4641
8935,8937
7482,7482
552,552
7493,7494
4221,4221
317,318
3691,3693
5003,5004
8273,8274
5668,5670
8839,8841
960,960
1585,1587
9978,9978
7943,7944
417,417
4420,4422
6579,6579
4613,4614
4093,4095
9059,9060
5565,5565
8142,8142
4286,4287
3737,3738
3216,3216
5867,5868
4907,4908
4034,4035
6204,6204
7933,7935
1800,1800
7147,7149
9701,9702
1544,1545
6908,6909
5892,5892
8224,8226
3734,3735
4557,4557
3537,3537
5246,5247
5054,5055
5444,5445
4973,4974
4944,4944
885,885
2142,2142
4330,4332
9941,9942
7224,7224
9598,9600
1540,1542
253,255
9564,9564
841,843
173,174
9825,9825
5221,5223
5241,5241
4606,4608
5418,5418
9973,9975
6657,6657
6555,6555
6622,6624
160,162
2556,2556
8710,8712
7388,7389
4036,4038
4493,4494
8507,8508
976,978
5774,5775
9602,9603
5392,5394
1564,1566
5671,5673
9676,9678
1314,1314
5453,5454
252,252
9905,9906
580,582
9641,9642
6818,6819
6255,6255
5963,5964
3791,3792
1266,1266
1237,1239
9226,9228
4757,4758
9313,9315
76,78
6932,6933
1023,1023
8422,8424
204,204
5767,5769
7526,7527
981,981
3776,3777
8716,8718
9731,9732
8725,8727
5718,5718
7618,7620
30,30
7611,7611
6987,6987
7772,7773
3811,3813
8941,8943
3622,3624
9506,9507
7965,7965
65,66
5233,5235
7836,7836
8523,8523
3062,3063
2199,2199
2415,2415
7763,7764
3349,3351
1909,1911
189,189
9429,9429
9195,9195
4160,4161
5458,5460
3122,3123
2445,2445
2386,2388
6057,6057
107,108
9032,9033
3943,3945
9898,9900
3686,3687
8737,8739
7749,7749
563,564
7799,7800
6389,6390
650,651
9747,9747
4991,4992
9611,9612
536,537
3072,3072
8580,8580
9476,9477
8427,8427
967,969
2121,2121
6502,6504
1564,1566
3297,3297
2756,2757
8139,8139
1717,1719
9583,9585
5572,5574
3545,3546
2833,2835
7220,7221
9636,9636
505,507
4343,4344
74,75
1896,1896
9157,9159
7827,7827
5628,5628
4781,4782
8725,8727
4393,4395
8971,8973
6111,6111
615,615
9017,9018
5132,5133
8622,8622
3402,3402
2449,2451
4630,4632
2131,2133
2087,2088
8567,8568
9894,9894
9034,9036
6800,6801
8541,8541
845,846
956,957
929,930
4789,4791
7021,7023
5233,5235
7887,7887
690,690
1617,1617
5001,5001
6463,6465
4505,4506
4278,4278
331,333
5866,5868
9046,9048
5499,5499
2493,2493
6186,6186
9362,9363
871,873
8875,8877
3825,3825
4348,4350
1722,1722
4829,4830
140,141
1417,1419
1634,1635
1203,1203
515,516
2202,2202
5720,5721
6300,6300
4654,4656
6927,6927
1682,1683
6230,6231
9688,9690
1091,1092
7382,7383
6589,6591
1967,1968
1717,1719
6714,6714
111,111
1906,1908
2097,2097
2544,2544
3441,3441
998,999
5117,5118
8397,8397
2531,2532
2399,2400
1656,1656
9423,9423
69,69
2311,2313
2801,2802
5243,5244
2481,2481
3949,3951
7876,7878
7003,7005
1358,1359
8118,8118
423,423
6964,6966
4509,4509
8136,8136
1338,1338
5117,5118
5179,5181
6956,6957
9833,9834
8283,8283
2892,2892
5947,5949
1122,1122
6465,6465
574,576
6308,6309
9975,9975
5434,5436
2385,2385
3608,3609
8851,8853
4217,4218
6277,6279
6129,6129
2254,2256
2399,2400
8449,8451
8164,8166
8373,8373
6709,6711
8958,8958
5858,5859
6325,6327
6713,6714
8399,8400
6100,6102
8609,8610
7743,7743
6181,6183
4063,4065
8119,8121
4950,4950
6544,6546
2042,2043
4888,4890
1564,1566
7062,7062
4775,4776
5581,5583
9351,9351
5697,5697
6903,6903
4552,4554
6962,6963
2231,2232
3048,3048
7594,7596
9493,9495
5534,5535
7797,7797
5495,5496
7813,7815
2404,2406
430,432
4959,4959
1084,1086
2585,2586
4180,4182
3082,3084
8838,8838
6131,6132
5364,5364
3643,3645
6528,6528
2535,2535
6358,6360
8287,8289
1440,1440
4490,4491
5431,5433
5811,5811
9450,9450
750,750
9634,9636
5692,5694
7835,7836
7527,7527
7540,7542
4962,4962
1316,1317
8467,8469
1739,1740
7413,7413
2427,2427
129,129
7009,7011
1674,1674
4913,4914
1007,1008
4018,4020
5370,5370
3481,3483
7002,7002
1013,1014
3213,3213
1630,1632
4514,4515
721,723
2680,2682
7840,7842
5329,5331
8113,8115
304,306
5499,5499
5189,5190
7241,7242
3978,3978
2646,2646
3940,3942
170,171
4119,4119
818,819
8917,8919
3760,3762
1886,1887
506,507
9969,9969
4119,4119
1376,1377
1545,1545
8043,8043
4085,4086
3168,3168
1500,1500
4577,4578
7286,7287
530,531
4199,4200
4482,4482
344,345
8275,8277
2578,2580
5553,5553
6929,6930
1418,1419
4156,4158
9797,9798
8840,8841
1328,1329
9763,9765
801,801
4353,4353
3265,3267
8146,8148
4483,4485
4226,4227
642,642
3737,3738
1036,1038
8715,8715
9504,9504
3204,3204
9052,9054
2964,2964
9244,9246
4777,4779
7826,7827
2697,2697
5413,5415
8597,8598
9250,9252
8379,8379
8020,8022
2611,2613
6429,6429
3481,3483
9836,9837
451,453
7687,7689
9182,9183
9386,9387
8713,8715
5661,5661
861,861
415,417
1971,1971
8730,8730
3916,3918
6721,6723
2363,2364
371,372
3416,3417
6557,6558
378,378
7414,7416
8335,8337
6389,6390
2162,2163
8866,8868
2458,2460
7368,7368
3251,3252
1044,1044
5904,5904
6315,6315
106,108
8354,8355
7020,7020
6007,6009
7859,7860
5014,5016
4260,4260
8742,8742
5123,5124
6821,6822
6156,6156
8333,8334
611,612
5077,5079
3545,3546
7370,7371
1025,1026
6695,6696
5019,5019
9313,9315
8653,8655
8794,8796
8378,8379
1105,1107
919,921
3732,3732
6259,6261
1065,1065
4022,4023
1017,1017
375,375
2681,2682
768,768
3099,3099
6862,6864
8028,8028
7682,7683
2507,2508
5788,5790
5807,5808
7760,7761
4537,4539
3017,3018
5083,5085
360,360
1683,1683
4623,4623
1129,1131
4342,4344
626,627
8326,8328
7749,7749
4580,4581
9465,9465
991,993
4837,4839
9119,9120
5131,5133
1654,1656
1741,1743
2260,2262
6923,6924
7209,7209
5337,5337
3831,3831
1393,1395
8406,8406
3208,3210
1679,1680
6281,6282
2051,2052
1506,1506
5517,5517
7921,7923
4215,4215
3829,3831
2339,2340
5500,5502
2054,2055
1198,1200
6928,6930
9192,9192
3382,3384
8962,8964
6432,6432
3516,3516
4617,4617
793,795
1481,1482
9848,9849
5305,5307
8892,8892
1070,1071
5239,5241
320,321
2519,2520
8623,8625
7648,7650
7756,7758
2392,2394
912,912
7842,7842
1288,1290
91,93
510,510
3193,3195
9512,9513
88,90
5202,5202
1749,1749
8952,8952
7580,7581
126,126
1244,1245
8913,8913
147,147
6842,6843
700,702
9528,9528
1018,1020
4775,4776
4532,4533
3338,3339
63,63
2793,2793
8632,8634
2778,2778
139,141
4656,4656
6481,6483
3196,3198
9681,9681
8253,8253
3791,3792
4597,4599
8490,8490
9125,9126
5268,5268
771,771
650,651
1124,1125
7079,7080
28,30
578,579
8603,8604
5130,5130
5844,5844
3704,3705
7831,7833
8289,8289
8062,8064
7571,7572
2022,2022
5777,5778
7944,7944
8311,8313
7893,7893
2280,2280
2560,2562
798,798
9330,9330
6921,6921
4415,4416
7097,7098
4889,4890
7131,7131
2265,2265
8051,8052
7926,7926
1414,1416
8802,8802
8160,8160
9266,9267
3173,3174
1421,1422
6613,6615
903,903
7925,7926
6238,6240
1650,1650
5550,5550
553,555
6985,6987
8566,8568
8921,8922
9883,9885
6081,6081
852,852
4059,4059
8042,8043
4867,4869
1652,1653
2138,2139
70,72
7161,7161
643,645
7553,7554
3118,3120
3283,3285
5043,5043
4938,4938
7825,7827
1234,1236
193,195
3504,3504
710,711
3389,3390
9054,9054
5663,5664
6613,6615
46,48
5436,5436
8745,8745
9930,9930
5750,5751
584,585
2891,2892
5433,5433
476,477
5666,5667
8718,8718
8398,8400
4387,4389
4806,4806
6635,6636
6907,6909
3643,3645
1029,1029
9646,9648
822,822
6640,6642
2190,2190
352,354
4090,4092
7902,7902
5980,5982
2787,2787
7019,7020
5806,5808
497,498
5546,5547
9944,9945
6556,6558
2197,2199
9567,9567
5527,5529
9756,9756
6800,6801
9416,9417
2675,2676
9000,9000
8633,8634
4225,4227
911,912
8704,8706
3421,3423
1038,1038
2427,2427
5603,5604
1252,1254
5079,5079
3440,3441
9613,9615
750,750
503,504
1862,1863
774,774
8999,9000
3149,3150
2446,2448
5204,5205
1362,1362
5788,5790
2551,2553
7091,7092
9428,9429
2466,2466
6890,6891
5308,5310
510,510
2427,2427
3860,3861
921,921
3070,3072
6131,6132
3352,3354
2079,2079
9643,9645
2360,2361
6987,6987
7231,7233
8091,8091
7892,7893
4481,4482
3573,3573
9345,9345
9578,9579
7420,7422
1647,1647
9555,9555
172,174
2161,2163
2733,2733
6310,6312
4605,4605
4313,4314
2284,2286
434,435
4016,4017
4538,4539
3201,3201
2213,2214
4055,4056
6917,6918
2364,2364
8644,8646
6215,6216
5437,5439
2428,2430
9946,9948
3592,3594
1309,1311
9643,9645
9809,9810
2723,2724
4334,4335
1913,1914
5621,5622
6968,6969
7557,7557
3698,3699
1547,1548
774,774
5412,5412
5464,5466
8054,8055
6292,6294
4760,4761
2533,2535
1779,1779
8441,8442
5917,5919
6970,6972
3668,3669
2858,2859
1979,1980
2425,2427
8492,8493
4160,4161
8205,8205
4546,4548
7553,7554
3690,3690
9466,9468
8554,8556
604,606
4189,4191
256,258
7864,7866
2690,2691
1974,1974
7973,7974
1264,1266
6939,6939
6447,6447
1585,1587
3793,3795
6040,6042
5171,5172
9629,9630
4575,4575
9438,9438
4974,4974
6952,6954
8932,8934
5022,5022
6680,6681
2477,2478
1261,1263
6226,6228
6550,6552
3459,3459
197,198
7848,7848
7372,7374
1124,1125
6361,6363
7309,7311
9029,9030
5592,5592
8708,8709
8951,8952
1086,1086
7085,7086
3684,3684
4933,4935
8895,8895
3093,3093
2860,2862
6133,6135
1496,1497
9125,9126
3256,3258
6512,6513
4189,4191
2740,2742
1480,1482
9713,9714
3668,3669
2432,2433
1453,1455
5405,5406
9894,9894
3423,3423
4552,4554
2844,2844
7504,7506
4911,4911
1457,1458
1278,1278
6089,6090
7790,7791
7140,7140
2278,2280
3847,3849
8150,8151
8031,8031
6694,6696
3112,3114
2409,2409
7004,7005
5620,5622
6107,6108
5188,5190
9598,9600
7480,7482
5496,5496
7340,7341
2092,2094
8,9
584,585
1988,1989
9532,9534
103,105
1056,1056
1307,1308
8061,8061
2985,2985
26,27
2030,2031
3506,3507
1941,1941
3698,3699
8804,8805
1456,1458
3946,3948
796,798
8320,8322
3829,3831
1926,1926
2737,2739
8208,8208
9888,9888
2679,2679
407,408
8920,8922
1380,1380
8244,8244
3227,3228
1732,1734
2551,2553
8473,8475
1173,1173
6654,6654
7819,7821
4114,4116
2728,2730
9861,9861
8997,8997
4828,4830
9895,9897
1093,1095
8775,8775
9496,9498
2537,2538
8378,8379
1974,1974
3585,3585
8111,8112
6782,6783
6746,6747
8143,8145
485,486
456,456
2163,2163
3166,3168
4935,4935
9995,9996
8580,8580
4907,4908
2036,2037
3663,3663
2544,2544
121,123
9191,9192
1364,1365
3654,3654
9531,9531
494,495
3508,3510
6050,6051
9997,9999
2178,2178
3659,3660
248,249
2054,2055
3737,3738
6808,6810
9504,9504
2402,2403
7092,7092
5938,5940
6793,6795
9817,9819
3902,3903
4336,4338
2796,2796
9209,9210
9742,9744
1508,1509
154,156
3500,3501
5646,5646
9164,9165
2960,2961
7464,7464
1678,1680
7789,7791
8744,8745
4972,4974
3481,3483
3493,3495
7072,7074
4133,4134
6915,6915
9068,9069
320,321
1247,1248
9225,9225
1305,1305
4570,4572
5071,5073
1311,1311
3132,3132
7124,7125
9067,9069
7552,7554
6708,6708
3993,3993
2168,2169
7030,7032
7426,7428
6490,6492
6786,6786
3494,3495
7207,7209
76,78
4702,4704
3523,3525
2275,2277
2832,2832
244,246
5156,5157
8550,8550
6532,6534
5344,5346
2738,2739
8086,8088
4149,4149
9086,9087
8121,8121
3197,3198
3924,3924
1914,1914
7874,7875
4915,4917
3683,3684
686,687
3725,3726
130,132
2157,2157
4790,4791
6668,6669
3359,3360
4217,4218
6372,6372
7223,7224
1057,1059
722,723
426,426
838,840
5777,5778
4925,4926
3300,3300
2590,2592
6677,6678
8078,8079
5570,5571
2759,2760
9663,9663
7118,7119
6744,6744
6792,6792
9053,9054
4659,4659
2093,2094
6841,6843
5365,5367
6663,6663
9388,9390
9921,9921
4056,4056
5574,5574
1922,1923
599,600
5060,5061
5130,5130
3558,3558
5750,5751
2567,2568
7713,7713
5134,5136
2773,2775
8232,8232
5389,5391
1637,1638
7955,7956
6821,6822
4265,4266
912,912
5491,5493
8385,8385
7657,7659
8608,8610
8297,8298
761,762
2758,2760
6692,6693
9558,9558
9696,9696
3911,3912
7973,7974
4261,4263
7525,7527
939,939
891,891
4826,4827
2049,2049
8873,8874
7292,7293
3125,3126
6372,6372
429,429
7826,7827
4081,4083
2740,2742
5178,5178
2295,2295
1855,1857
2456,2457
8429,8430
6691,6693
7525,7527
6253,6255
2333,2334
1286,1287
9144,9144
2592,2592
598,600
6996,6996
7633,7635
4235,4236
2613,2613
3791,3792
905,906
1947,1947
972,972
7831,7833
8388,8388
885,885
224,225
7888,7890
4793,4794
7058,7059
8582,8583
4972,4974
2125,2127
5504,5505
3394,3396
9100,9102
8285,8286
3432,3432
1280,1281
5627,5628
3267,3267
3863,3864
3931,3933
6862,6864
5321,5322
3135,3135
3783,3783
2601,2601
9552,9552
96,96
8428,8430
1085,1086
8203,8205
7,9
5238,5238
8187,8187
581,582
8939,8940
2176,2178
6699,6699
8992,8994
3226,3228
9822,9822
6230,6231
8477,8478
486,486
4735,4737
6622,6624
558,558
5515,5517
8346,8346
896,897
5512,5514
3603,3603
8600,8601
9633,9633
8387,8388
7823,7824
222,222
1675,1677
3740,3741
8296,8298
7303,7305
5295,5295
7544,7545
9107,9108
6791,6792
7600,7602
6310,6312
5739,5739
1149,1149
2958,2958
4136,4137
599,600
5949,5949
3995,3996
9362,9363
2406,2406
1445,1446
4639,4641
6775,6777
3045,3045
7606,7608
1492,1494
6438,6438
5701,5703
7092,7092
9820,9822
2038,2040
4300,4302
8066,8067
469,471
1534,1536
4344,4344
5876,5877
2920,2922
9056,9057
8266,8268
6472,6474
6952,6954
7922,7923
4767,4767
1660,1662
2149,2151
8958,8958
721,723
1725,1725
4777,4779
2285,2286
3173,3174
6789,6789
7204,7206
4211,4212
5120,5121
2339,2340
1286,1287
5630,5631
3255,3255
2150,2151
7706,7707
2969,2970
8928,8928
558,558
7897,7899
5288,5289
9264,9264
7981,7983
2247,2247
2034,2034
6869,6870
8898,8898
9086,9087
746,747
3312,3312
856,858
9065,9066
7528,7530
4975,4977
1889,1890
7460,7461
6855,6855
8138,8139
5150,5151
2193,2193
3817,3819
8291,8292
1514,1515
6980,6981
9074,9075
672,672
8455,8457
6136,6138
3960,3960
134,135
9397,9399
427,429
5143,5145
7776,7776
8255,8256
1971,1971
3614,3615
961,963
5399,5400
2077,2079
5288,5289
5646,5646
6634,6636
3715,3717
4612,4614
7876,7878
6349,6351
3340,3342
4588,4590
6873,6873
9899,9900
4259,4260
7949,7950
2428,2430
9903,9903
9546,9546
3568,3570
8623,8625
963,963
9296,9297
6164,6165
3187,3189
8158,8160
1224,1224
8640,8640
1612,1614
4776,4776
8073,8073
2097,2097
4145,4146
4390,4392
3865,3867
4472,4473
9849,9849
5443,5445
9583,9585
3634,3636
2100,2100
9562,9564
3438,3438
2305,2307
4114,4116
8435,8436
9145,9147
2739,2739
2000,2001
3699,3699
4285,4287
8909,8910
7829,7830
9503,9504
3021,3021
4390,4392
9323,9324
8263,8265
7291,7293
2553,2553
4420,4422
7787,7788
5561,5562
149,150
688,690
3131,3132
5222,5223
5225,5226
4126,4128
8818,8820
8024,8025
3146,3147
1498,1500
2974,2976
6812,6813
9960,9960
1921,1923
4691,4692
125,126
3409,3411
3040,3042
7470,7470
882,882
8551,8553
4469,4470
1858,1860
7948,7950
1625,1626
1390,1392
8345,8346
3748,3750
1735,1737
4130,4131
4286,4287
5951,5952
7707,7707
7319,7320
6861,6861
1073,1074
7802,7803
6410,6411
8032,8034
7125,7125
7203,7203
2466,2466
2611,2613
3455,3456
5327,5328
6410,6411
9079,9081
3124,3126
8348,8349
1802,1803
5852,5853
1013,1014
3648,3648
3293,3294
7841,7842
4413,4413
4496,4497
9008,9009
6099,6099
556,558
9297,9297
3389,3390
2443,2445
9840,9840
7036,7038
2078,2079
5823,5823
6450,6450
1608,1608
4193,4194
9653,9654
8905,8907
3813,3813
604,606
8156,8157
462,462
1429,1431
7164,7164
2674,2676
1330,1332
4544,4545
4752,4752
4207,4209
2610,2610
5662,5664
3293,3294
2600,2601
7557,7557
2291,2292
7699,7701
8528,8529
907,909
9667,9669
8512,8514
5418,5418
9981,9981
6066,6066
9770,9771
1648,1650
9842,9843
6373,6375
8767,8769
6467,6468
2789,2790
2372,2373
9866,9867
7536,7536
242,243
459,459
1544,1545
3700,3702
7196,7197
5069,5070
8448,8448
8303,8304
4294,4296
8862,8862
7766,7767
7016,7017
3590,3591
747,747
7627,7629
9229,9231
6147,6147
2145,2145
3744,3744
5452,5454
4557,4557
3399,3399
3778,3780
8664,8664
65,66
3031,3033
2388,2388
9532,9534
8940,8940
3511,3513
4129,4131
659,660
8649,8649
8809,8811
7418,7419
798,798
3283,3285
578,579
3468,3468
7603,7605
6498,6498
8981,8982
7780,7782
6707,6708
1709,1710
953,954
6766,6768
4667,4668
2521,2523
9448,9450
6114,6114
1450,1452
5878,5880
5412,5412
451,453
4151,4152
2746,2748
205,207
7010,7011
1499,1500
5377,5379
9438,9438
5520,5520
3753,3753
1731,1731
903,903
9459,9459
3377,3378
7061,7062
2108,2109
1031,1032
8049,8049
8793,8793
6531,6531
5873,5874
2807,2808
3393,3393
7443,7443
9501,9501
4911,4911
6352,6354
593,594
9953,9954
2633,2634
5635,5637
9001,9003
2331,2331
7808,7809
2800,2802
6975,6975
7653,7653
5579,5580
6842,6843
6151,6153
6503,6504
6607,6609
4939,4941
8143,8145
8797,8799
3659,3660
5100,5100
5478,5478
9664,9666
958,960
3929,3930
5735,5736
1887,1887
4051,4053
370,372
6874,6876
468,468
6630,6630
3440,3441
5629,5631
7733,7734
3042,3042
152,153
8595,8595
745,747
7989,7989
5997,5997
1054,1056
3722,3723
2123,2124
6608,6609
4811,4812
5475,5475
651,651
6188,6189
5365,5367
7383,7383
2936,2937
8256,8256
7917,7917
9169,9171
8278,8280
1304,1305
9285,9285
4792,4794
7447,7449
1020,1020
7240,7242
4555,4557
3522,3522
7224,7224
2922,2922
9428,9429
3181,3183
2339,2340
5853,5853
3084,3084
519,519
7081,7083
1711,1713
1751,1752
967,969
2997,2997
228,228
4466,4467
376,378
1785,1785
5917,5919
1737,1737
1016,1017
9295,9297
463,465
6681,6681
2383,2385
2221,2223
3307,3309
5725,5727
3212,3213
6938,6939
7573,7575
7069,7071
3411,3411
7199,7200
8079,8079
3642,3642
8959,8961
8416,8418
6607,6609
1918,1920
7830,7830
490,492
4241,4242
2767,2769
7192,7194
5433,5433
5357,5358
8699,8700
1815,1815
9182,9183
9525,9525
6660,6660
7430,7431
3227,3228
8980,8982
2136,2136
9240,9240
9619,9621
7088,7089
4919,4920
3154,3156
4823,4824
6177,6177
8213,8214
911,912
5804,5805
8820,8820
8341,8343
2149,2151
8999,9000
7180,7182
273,273
3724,3726
6450,6450
6073,6075
8777,8778
3202,3204
3590,3591
6979,6981
2209,2211
4141,4143
8872,8874
5140,5142
1038,1038
1378,1380
6750,6750
6661,6663
7653,7653
2990,2991
1313,1314
1186,1188
9264,9264
2801,2802
7949,7950
6017,6018
6571,6573
7295,7296
7714,7716
6509,6510
5340,5340
5136,5136
3286,3288
8854,8856
1835,1836
5642,5643
9033,9033
4659,4659
887,888
585,585
5725,5727
3929,3930
2719,2721
1877,1878
8960,8961
9998,9999
4844,4845
807,807
7273,7275
2436,2436
4495,4497
2812,2814
5525,5526
6095,6096
5057,5058
53,54
5610,5610
1732,1734
2970,2970
3214,3216
1521,1521
828,828
3071,3072
5335,5337
957,957
5495,5496
6040,6042
6279,6279
6690,6690
1530,1530
5438,5439
2006,2007
8161,8163
6999,6999
5681,5682
2599,2601
1354,1356
1651,1653
5538,5538
9195,9195
3737,3738
4340,4341
4678,4680
5757,5757
8283,8283
3927,3927
6962,6963
9250,9252
4853,4854
2074,2076
7293,7293
3082,3084
211,213
5097,5097
3588,3588
8503,8505
9001,9003
9642,9642
5816,5817
8006,8007
4535,4536
1788,1788
7509,7509
4479,4479
2051,2052
1287,1287
774,774
2995,2997
9496,9498
9358,9360
4183,4185
9087,9087
2007,2007
7745,7746
3757,3759
1346,1347
9663,9663
6349,6351
8805,8805
2994,2994
6237,6237
3200,3201
6012,6012
7194,7194
7493,7494
26,27
8205,8205
4753,4755
7273,7275
6168,6168
8898,8898
4982,4983
711,711
884,885
7680,7680
8830,8832
6943,6945
343,345
9743,9744
3496,3498
624,624
5109,5109
2037,2037
944,945
5759,5760
8679,8679
2959,2961
175,177
4246,4248
4852,4854
418,420
3824,3825
3968,3969
1142,1143
569,570
3324,3324
8140,8142
9283,9285
370,372
8068,8070
2714,2715
3366,3366
8302,8304
2967,2967
8880,8880
8695,8697
3747,3747
4036,4038
9361,9363
7443,7443
8599,8601
1596,1596
5267,5268
2964,2964
2417,2418
4937,4938
3604,3606
5272,5274
934,936
8382,8382
9971,9972
9251,9252
3203,3204
1428,1428
5092,5094
1888,1890
5368,5370
9724,9726
2291,2292
5452,5454
9697,9699
9629,9630
4969,4971
1477,1479
6815,6816
4607,4608
5375,5376
968,969
141,141
208,210
4975,4977
2346,2346
5481,5481
2014,2016
377,378
1714,1716
8071,8073
7973,7974
3349,3351
629,630
3719,3720
63,63
9592,9594
7753,7755
6517,6519
4239,4239
1279,1281
9483,9483
5976,5976
4892,4893
5519,5520
9561,9561
4171,4173
3708,3708
981,981
256,258
5861,5862
8757,8757
4022,4023
7867,7869
6292,6294
5791,5793
7824,7824
1166,1167
3922,3924
6761,6762
4351,4353
424,426
4329,4329
7901,7902
6907,6909
7196,7197
2862,2862
1464,1464
1398,1398
9112,9114
1556,1557
8414,8415
3355,3357
4971,4971
3514,3516
6275,6276
6806,6807
793,795
4300,4302
1084,1086
5879,5880
3724,3726
3370,3372
2353,2355
64,66
5820,5820
2530,2532
4502,4503
3139,3141
3274,3276
2091,2091
8003,8004
3215,3216
9917,9918
3606,3606
7486,7488
4887,4887
7350,7350
7231,7233
909,909
8984,8985
631,633
5576,5577
8150,8151
7592,7593
9265,9267
1593,1593
5851,5853
3046,3048
3292,3294
9278,9279
6598,6600
1526,1527
3789,3789
6143,6144
2874,2874
4566,4566
5439,5439
4,6
3640,3642
2298,2298
5798,5799
8990,8991
9735,9735
7255,7257
5987,5988
7552,7554
1816,1818
4897,4899
6326,6327
2675,2676
2717,2718
544,546
9853,9855
2868,2868
8834,8835
2210,2211
7114,7116
2273,2274
6466,6468
3611,3612
3090,3090
636,636
7147,7149
8513,8514
943,945
9296,9297
1920,1920
613,615
8287,8289
4126,4128
8534,8535
3607,3609
8076,8076
4343,4344
6425,6426
8540,8541
4282,4284
9906,9906
6195,6195
34,36
2758,2760
7698,7698
7053,7053
6279,6279
9982,9984
9370,9372
9850,9852
6502,6504
3520,3522
3097,3099
2588,2589
8248,8250
1094,1095
4094,4095
1729,1731
6230,6231
2166,2166
6515,6516
7480,7482
7364,7365
2476,2478
9931,9933
5866,5868
3062,3063
5456,5457
230,231
4106,4107
4511,4512
7374,7374
7770,7770
4917,4917
9398,9399
3752,3753
3849,3849
8425,8427
3668,3669
7827,7827
4388,4389
5066,5067
6769,6771
9749,9750
9814,9816
8033,8034
9014,9015
8007,8007
4776,4776
4163,4164
5153,5154
8128,8130
5744,5745
3599,3600
4071,4071
8430,8430
9167,9168
7945,7947
5366,5367
6102,6102
7087,7089
6253,6255
4005,4005
9037,9039
78,78
1753,1755
9821,9822
5721,5721
822,822
9544,9546
196,198
4829,4830
4252,4254
7621,7623
5928,5928
4570,4572
9571,9573
5890,5892
1992,1992
4367,4368
560,561
2946,2946
4342,4344
5889,5889
3695,3696
3023,3024
3206,3207
6633,6633
4384,4386
9358,9360
7335,7335
8096,8097
8153,8154
5570,5571
2132,2133
1909,1911
81,81
5,6
8646,8646
2533,2535
7320,7320
1151,1152
8300,8301
6659,6660
5402,5403
5455,5457
4988,4989
6126,6126
8462,8463
7471,7473
1044,1044
7732,7734
4413,4413
4647,4647
6700,6702
4055,4056
9423,9423
3679,3681
8587,8589
3332,3333
7101,7101
8580,8580
866,867
154413
3290976
2901131
1846394
2822854
1396894
404200
1703856
142221
540657
986986
161184
63595
528272
235714
419295
290948
413924
208308
139515
137553
151437
182577
27248
110188
8400
78783
120748
73030
51353
82547
72206
53694
44767
22638
7088
19514
6677
23950
4541
16938
6690
13601
9842
2523
6808
322
4415
1826
2783
248
2767
1613
1846
1143
1125
129
418
974
142
331
67
369
394
67
74
92
101
254
85
112
28
204
191
149
99
92
21
2
51
27
13
6
45
2
30
4
16
2
4
4
19
14
4
8
3
3
1
1
3
6
3
0
4
1
0
5
3
3
0
1
0
2
1
0
1
1
0
1
0
0
0
1
0
0
0
0
0
0
0
0
0
0
0
0
0
0
0
0
0
0
0
0
0
0
0
0
0
0
0
0
0
0
0
0
0
0
0
0
0
0
0
0
0
0
0
0
0
0
0
0
0
0
0
0
0
0
0
0
0
0
0
0
0
0
0
0
0
0
0
0
0
0
0
0
0
0
0
0
0
