5879,5880
3060,3060
1644,1644
235,237
5604,5604
2182,2184
9179,9180
4761,4761
5037,5037
2102,2103
2694,2694
9763,9765
6994,6996
3923,3924
5467,5469
5495,5496
9361,9363
6153,6153
3885,3885
639,639
4855,4857
3441,3441
4824,4824
3701,3702
1431,1431
249,249
8226,8226
5736,5736
4919,4920
2284,2286
6573,6573
43,45
8100,8100
8730,8730
9177,9177
3099,3099
6520,6522
1044,1044
1586,1587
7846,7848
973,975
5380,5382
5774,5775
5223,5223
7810,7812
2118,2118
4054,4056
835,837
751,753
695,696
2227,2229
8158,8160
3137,3138
6038,6039
7157,7158
4091,4092
3841,3843
675,675
3294,3294
5680,5682
9918,9918
6899,6900
4681,4683
7439,7440
2787,2787
4458,4458
6859,6861
8026,8028
7159,7161
9037,9039
6342,6342
9777,9777
6420,6420
1781,1782
3470,3471
7497,7497
2000,2001
4973,4974
3385,3387
7428,7428
3852,3852
6407,6408
6383,6384
1280,1281
9024,9024
6467,6468
931,933
2595,2595
5211,5211
5766,5766
7670,7671
6415,6417
1397,1398
8962,8964
8913,8913
4251,4251
7520,7521
3996,3996
8503,8505
4870,4872
3731,3732
9735,9735
2207,2208
1441,1443
2222,2223
6541,6543
3828,3828
4230,4230
3445,3447
2029,2031
9159,9159
7502,7503
8223,8223
4681,4683
566,567
1179,1179
4179,4179
335,336
3796,3798
5913,5913
3466,3468
1582,1584
4738,4740
2489,2490
1537,1539
1654,1656
934,936
7108,7110
948,948
3572,3573
2605,2607
2171,2172
3135,3135
373,375
2102,2103
6643,6645
7038,7038
4229,4230
5948,5949
7098,7098
7473,7473
9513,9513
4102,4104
6682,6684
9988,9990
2658,2658
9656,9657
6411,6411
3956,3957
2051,2052
7847,7848
3506,3507
58,60
4904,4905
5260,5262
6985,6987
7658,7659
3476,3477
8397,8397
1450,1452
7264,7266
3414,3414
497,498
4705,4707
2710,2712
9211,9213
6232,6234
4255,4257
9386,9387
3539,3540
9383,9384
3958,3960
4320,4320
1830,1830
6349,6351
5913,5913
5082,5082
1926,1926
6809,6810
7723,7725
9503,9504
3962,3963
2006,2007
2565,2565
8546,8547
3970,3972
6290,6291
9201,9201
2408,2409
4702,4704
1417,1419
9128,9129
9753,9753
6924,6924
2376,2376
8737,8739
5658,5658
2598,2598
5465,5466
3163,3165
7341,7341
9235,9237
8102,8103
7320,7320
5363,5364
1803,1803
8816,8817
5454,5454
5991,5991
6784,6786
3760,3762
9367,9369
7191,7191
295,297
3924,3924
7684,7686
5219,5220
6292,6294
8600,8601
6559,6561
956,957
5877,5877
1238,1239
7687,7689
2297,2298
5198,5199
2634,2634
981,981
8192,8193
8270,8271
1350,1350
8930,8931
2889,2889
639,639
6236,6237
9017,9018
8435,8436
5467,5469
3886,3888
332,333
6822,6822
2038,2040
9903,9903
4394,4395
9031,9033
2106,2106
1518,1518
4520,4521
2326,2328
7890,7890
810,810
8653,8655
2155,2157
5832,5832
9989,9990
2879,2880
5768,5769
8982,8982
8168,8169
1180,1182
8634,8634
7463,7464
1955,1956
4152,4152
2560,2562
8719,8721
7380,7380
9616,9618
6984,6984
8425,8427
9154,9156
5925,5925
1713,1713
6433,6435
6317,6318
8528,8529
2765,2766
6620,6621
2146,2148
4206,4206
2213,2214
8695,8697
3449,3450
9679,9681
9102,9102
1802,1803
9636,9636
2423,2424
5342,5343
6863,6864
6208,6210
4975,4977
9328,9330
2984,2985
4098,4098
8609,8610
2870,2871
7632,7632
425,426
2401,2403
4422,4422
9220,9222
4366,4368
2869,2871
7813,7815
8726,8727
3845,3846
6469,6471
1238,1239
3119,3120
2803,2805
1582,1584
9102,9102
6760,6762
154,156
5602,5604
529,531
1449,1449
2275,2277
7677,7677
5569,5571
6022,6024
2799,2799
8259,8259
6974,6975
4018,4020
2350,2352
3896,3897
5254,5256
4861,4863
554,555
4071,4071
5676,5676
2631,2631
3503,3504
304,306
8735,8736
7063,7065
6574,6576
9971,9972
7398,7398
9435,9435
5367,5367
3716,3717
1703,1704
3232,3234
640,642
7267,7269
5337,5337
8249,8250
9212,9213
1393,1395
6271,6273
9576,9576
1691,1692
6688,6690
6024,6024
6975,6975
165,165
8128,8130
4036,4038
1811,1812
524,525
9387,9387
1281,1281
3237,3237
3110,3111
5780,5781
6977,6978
6540,6540
4533,4533
7431,7431
8386,8388
7199,7200
4935,4935
611,612
9718,9720
1364,1365
8433,8433
1095,1095
2294,2295
4410,4410
8964,8964
1143,1143
6747,6747
4078,4080
5215,5217
2579,2580
401,402
8497,8499
3657,3657
9401,9402
5549,5550
2222,2223
5624,5625
3380,3381
4444,4446
3140,3141
2714,2715
3668,3669
8610,8610
460,462
8011,8013
1964,1965
3975,3975
8196,8196
5232,5232
9836,9837
4878,4878
1919,1920
6130,6132
5615,5616
3912,3912
393,393
4324,4326
4205,4206
6650,6651
3676,3678
1282,1284
3250,3252
4305,4305
3142,3144
5376,5376
8310,8310
6294,6294
2257,2259
4295,4296
8340,8340
3826,3828
2331,2331
8597,8598
7070,7071
8186,8187
5071,5073
4091,4092
9091,9093
9057,9057
6763,6765
1589,1590
1299,1299
1601,1602
7751,7752
4245,4245
568,570
2065,2067
3921,3921
1729,1731
301,303
5091,5091
2198,2199
8850,8850
8173,8175
900,900
6995,6996
2526,2526
7870,7872
3973,3975
9939,9939
3028,3030
3170,3171
4511,4512
8201,8202
9127,9129
9944,9945
4481,4482
2384,2385
9000,9000
561,561
7472,7473
7231,7233
1627,1629
6312,6312
405,405
9506,9507
9967,9969
3346,3348
2487,2487
5513,5514
7136,7137
4230,4230
2462,2463
3623,3624
8096,8097
7559,7560
5395,5397
1686,1686
5168,5169
6464,6465
4059,4059
5901,5901
2614,2616
2514,2514
3104,3105
5325,5325
6199,6201
5330,5331
4363,4365
2787,2787
2596,2598
7320,7320
4422,4422
3828,3828
8432,8433
4208,4209
9751,9753
8707,8709
7192,7194
4733,4734
9118,9120
7627,7629
9577,9579
8330,8331
6208,6210
20,21
8154,8154
3482,3483
4138,4140
5924,5925
8596,8598
763,765
3919,3921
4451,4452
2955,2955
6465,6465
5950,5952
1250,1251
7579,7581
7671,7671
6831,6831
9730,9732
3685,3687
4507,4509
7937,7938
5042,5043
6705,6705
4758,4758
4320,4320
500,501
2658,2658
5635,5637
9721,9723
2526,2526
7426,7428
5688,5688
9071,9072
9346,9348
6052,6054
871,873
9179,9180
3093,3093
1927,1929
639,639
1388,1389
8064,8064
2716,2718
1635,1635
4124,4125
7225,7227
7541,7542
566,567
9405,9405
9449,9450
8079,8079
4658,4659
972,972
657,657
6592,6594
2602,2604
2435,2436
2925,2925
8820,8820
6865,6867
5909,5910
9334,9336
9391,9393
9522,9522
8483,8484
1281,1281
604,606
8234,8235
3381,3381
6297,6297
95,96
4187,4188
6885,6885
7040,7041
4774,4776
5294,5295
7747,7749
6794,6795
9634,9636
9594,9594
9035,9036
942,942
3621,3621
8090,8091
4889,4890
8019,8019
9079,9081
7860,7860
8783,8784
1767,1767
8944,8946
2018,2019
4275,4275
6591,6591
5472,5472
9382,9384
9715,9717
6730,6732
7298,7299
8529,8529
2152,2154
2928,2928
547,549
404,405
5817,5817
4396,4398
2995,2997
7634,7635
1189,1191
803,804
3744,3744
8572,8574
3898,3900
155,156
215,216
2897,2898
129,129
847,849
676,678
7947,7947
8377,8379
2262,2262
7546,7548
1794,1794
8022,8022
4205,4206
3279,3279
1209,1209
4509,4509
6154,6156
9639,9639
1053,1053
8474,8475
9971,9972
5045,5046
2259,2259
5991,5991
1844,1845
2938,2940
6243,6243
3212,3213
6347,6348
5244,5244
9715,9717
8189,8190
8973,8973
8587,8589
8351,8352
4968,4968
7557,7557
8939,8940
7497,7497
76,78
5195,5196
4254,4254
1893,1893
6631,6633
5477,5478
578,579
5501,5502
4478,4479
1820,1821
8486,8487
5170,5172
7353,7353
317,318
7972,7974
8003,8004
1616,1617
8347,8349
5768,5769
4482,4482
588,588
3648,3648
4173,4173
4528,4530
611,612
9385,9387
4956,4956
306,306
9716,9717
1587,1587
2088,2088
6938,6939
428,429
315,315
8672,8673
2043,2043
3654,3654
2738,2739
6582,6582
2469,2469
1065,1065
3040,3042
9941,9942
4173,4173
5177,5178
7616,7617
8203,8205
163,165
4191,4191
1781,1782
8332,8334
4041,4041
2596,2598
7576,7578
7775,7776
9951,9951
1334,1335
2008,2010
3376,3378
3029,3030
4860,4860
4695,4695
2907,2907
2343,2343
9451,9453
8711,8712
8779,8781
917,918
1175,1176
5445,5445
1660,1662
74,75
9868,9870
3438,3438
906,906
8486,8487
7285,7287
5925,5925
3874,3876
5016,5016
6892,6894
6353,6354
6604,6606
3791,3792
2858,2859
6589,6591
8547,8547
7124,7125
3240,3240
2118,2118
6386,6387
8404,8406
9610,9612
3242,3243
1543,1545
1577,1578
1367,1368
9318,9318
2886,2886
6624,6624
5989,5991
1501,1503
6774,6774
9815,9816
5095,5097
1211,1212
3844,3846
1658,1659
2883,2883
7006,7008
4435,4437
4169,4170
7746,7746
9133,9135
9016,9018
7863,7863
2915,2916
5466,5466
9891,9891
4659,4659
255,255
9369,9369
7743,7743
7657,7659
3795,3795
2496,2496
4841,4842
3493,3495
4732,4734
208,210
3651,3651
5362,5364
7519,7521
7367,7368
6729,6729
3684,3684
947,948
9207,9207
8466,8466
9342,9342
3456,3456
3402,3402
4557,4557
4045,4047
345,345
8774,8775
4172,4173
4372,4374
7438,7440
4889,4890
4332,4332
9768,9768
2471,2472
9182,9183
8712,8712
3243,3243
1165,1167
9454,9456
777,777
3498,3498
6930,6930
9987,9987
4623,4623
23,24
7511,7512
5361,5361
4911,4911
9838,9840
2116,2118
2038,2040
430,432
2622,2622
2927,2928
2321,2322
5939,5940
9480,9480
3240,3240
8670,8670
8293,8295
3607,3609
2331,2331
6147,6147
9666,9666
2564,2565
1560,1560
4738,4740
2027,2028
5986,5988
340,342
4899,4899
7168,7170
2421,2421
8429,8430
7695,7695
5692,5694
6929,6930
1125,1125
7736,7737
9673,9675
5401,5403
8575,8577
3555,3555
2121,2121
8606,8607
5553,5553
6843,6843
2171,2172
1639,1641
6579,6579
2515,2517
1383,1383
5928,5928
442,444
9780,9780
8867,8868
7185,7185
2166,2166
2384,2385
5258,5259
63,63
1501,1503
650,651
7134,7134
2759,2760
5451,5451
5618,5619
4075,4077
8448,8448
5788,5790
7176,7176
9578,9579
5437,5439
1787,1788
105,105
1481,1482
9542,9543
5881,5883
4226,4227
9456,9456
3546,3546
5579,5580
5153,5154
1014,1014
8319,8319
1014,1014
2387,2388
7073,7074
1092,1092
6287,6288
4706,4707
8974,8976
876,876
4171,4173
1277,1278
7904,7905
498,498
5371,5373
2497,2499
7446,7446
3466,3468
4044,4044
1838,1839
4024,4026
7165,7167
2089,2091
987,987
3584,3585
5560,5562
8721,8721
3670,3672
1453,1455
4193,4194
2357,2358
629,630
5617,5619
9929,9930
876,876
133,135
2133,2133
5664,5664
2564,2565
7404,7404
1791,1791
2235,2235
4604,4605
2719,2721
384,384
9675,9675
1235,1236
2255,2256
5613,5613
1105,1107
2731,2733
6151,6153
1393,1395
444,444
4104,4104
8653,8655
2425,2427
980,981
3632,3633
6233,6234
9714,9714
6124,6126
8749,8751
952,954
6053,6054
6304,6306
5280,5280
6763,6765
8518,8520
3559,3561
9009,9009
5598,5598
470,471
8326,8328
7724,7725
112,114
4579,4581
4273,4275
7878,7878
2624,2625
2875,2877
625,627
8450,8451
7912,7914
5070,5070
4521,4521
4029,4029
6548,6549
939,939
3777,3777
1525,1527
8516,8517
448,450
8455,8457
917,918
1427,1428
8442,8442
3223,3225
4056,4056
3889,3891
5465,5466
6622,6624
533,534
7878,7878
5402,5403
4881,4881
6681,6681
8868,8868
5760,5760
8751,8751
6935,6936
9374,9375
8319,8319
6867,6867
4184,4185
3534,3534
7146,7146
1549,1551
7152,7152
4522,4524
5367,5367
690,690
1546,1548
1337,1338
7904,7905
4188,4188
3834,3834
2014,2016
4010,4011
6711,6711
8954,8955
938,939
4922,4923
1311,1311
4885,4887
9185,9186
6654,6654
9252,9252
8420,8421
823,825
4656,4656
6036,6036
8272,8274
8343,8343
9700,9702
1081,1083
1783,1785
4643,4644
2118,2118
1333,1335
6856,6858
9105,9105
7542,7542
4994,4995
1003,1005
6320,6321
365,366
8813,8814
3432,3432
4112,4113
9730,9732
8162,8163
9914,9915
6645,6645
3663,3663
7561,7563
6068,6069
9946,9948
6119,6120
5937,5937
6573,6573
5083,5085
6065,6066
4962,4962
9903,9903
6663,6663
2119,2121
6659,6660
6237,6237
926,927
9119,9120
6794,6795
3391,3393
567,567
6740,6741
459,459
1281,1281
2685,2685
5917,5919
4835,4836
9398,9399
9544,9546
8852,8853
7727,7728
1699,1701
3709,3711
7043,7044
5626,5628
8977,8979
1064,1065
5710,5712
1204,1206
2802,2802
7711,7713
2881,2883
5689,5691
8187,8187
6783,6783
9755,9756
7410,7410
7586,7587
8260,8262
4476,4476
2226,2226
2584,2586
6065,6066
8219,8220
2516,2517
8262,8262
5288,5289
2013,2013
1087,1089
3224,3225
1383,1383
4160,4161
1642,1644
4530,4530
5056,5058
1758,1758
6504,6504
1483,1485
2259,2259
8061,8061
6410,6411
10000,10002
8609,8610
7953,7953
2842,2844
8491,8493
5588,5589
8150,8151
7456,7458
4806,4806
4220,4221
5467,5469
7938,7938
2883,2883
8218,8220
3255,3255
788,789
9507,9507
3428,3429
1289,1290
4873,4875
823,825
4518,4518
7252,7254
8199,8199
5673,5673
3329,3330
4094,4095
8982,8982
4886,4887
6217,6219
4763,4764
2453,2454
6550,6552
2472,2472
3179,3180
8242,8244
2822,2823
751,753
2018,2019
3275,3276
7653,7653
6756,6756
8261,8262
1908,1908
8725,8727
6890,6891
9292,9294
8706,8706
3525,3525
4266,4266
1816,1818
4789,4791
3890,3891
6496,6498
7790,7791
5193,5193
6612,6612
3677,3678
1432,1434
9411,9411
4458,4458
2061,2061
9077,9078
8472,8472
3579,3579
7800,7800
1529,1530
6588,6588
2311,2313
7653,7653
2646,2646
9891,9891
2872,2874
6347,6348
5866,5868
1847,1848
8746,8748
6214,6216
5932,5934
294,294
1515,1515
1502,1503
9475,9477
2552,2553
423,423
581,582
6241,6243
3154,3156
1908,1908
2826,2826
1075,1077
5290,5292
6951,6951
670,672
1549,1551
2553,2553
1827,1827
4308,4308
4180,4182
4443,4443
4737,4737
2647,2649
2746,2748
426,426
509,510
4911,4911
4324,4326
9379,9381
6064,6066
8647,8649
6650,6651
8944,8946
4648,4650
2768,2769
8722,8724
570,570
6116,6117
816,816
8867,8868
6086,6087
6972,6972
46,48
3978,3978
3259,3261
9846,9846
2616,2616
1251,1251
5906,5907
7685,7686
6816,6816
2364,2364
523,525
2,3
5171,5172
9672,9672
5073,5073
8699,8700
4634,4635
9390,9390
9942,9942
8441,8442
5371,5373
3048,3048
9106,9108
1549,1551
4653,4653
6871,6873
3728,3729
3450,3450
2703,2703
208,210
8906,8907
6867,6867
8357,8358
8061,8061
7756,7758
7285,7287
2108,2109
1179,1179
1434,1434
8629,8631
3633,3633
8274,8274
8331,8331
855,855
8858,8859
409,411
7663,7665
5801,5802
5535,5535
9758,9759
5986,5988
4350,4350
1177,1179
9710,9711
1830,1830
3220,3222
2974,2976
985,987
8846,8847
7817,7818
6603,6603
2383,2385
8648,8649
5008,5010
9557,9558
4594,4596
3451,3453
9693,9693
6584,6585
2133,2133
2401,2403
9689,9690
3909,3909
8663,8664
6168,6168
3875,3876
8562,8562
5029,5031
904,906
3606,3606
1573,1575
6719,6720
3530,3531
999,999
6973,6975
4783,4785
9756,9756
1862,1863
6798,6798
99,99
9309,9309
7667,7668
2859,2859
454,456
4976,4977
9599,9600
4784,4785
4401,4401
2359,2361
8911,8913
6128,6129
8971,8973
2702,2703
52,54
2823,2823
4262,4263
3636,3636
505,507
8635,8637
2519,2520
1193,1194
5579,5580
4824,4824
9875,9876
2138,2139
3188,3189
9172,9174
2721,2721
8592,8592
8209,8211
7237,7239
1880,1881
627,627
1174,1176
7202,7203
4646,4647
9021,9021
9227,9228
7476,7476
2918,2919
4730,4731
1594,1596
6678,6678
73,75
2013,2013
5011,5013
3102,3102
8780,8781
3096,3096
7646,7647
6874,6876
6744,6744
1678,1680
5360,5361
1258,1260
8740,8742
9057,9057
2062,2064
6300,6300
7953,7953
1517,1518
9812,9813
4557,4557
9006,9006
8297,8298
1615,1617
2662,2664
9960,9960
1939,1941
2344,2346
9137,9138
3987,3987
4290,4290
7119,7119
7947,7947
7813,7815
771,771
241,243
283,285
6925,6927
4570,4572
1212,1212
1798,1800
892,894
4762,4764
9912,9912
6936,6936
9518,9519
2561,2562
7371,7371
5316,5316
8839,8841
4041,4041
1126,1128
8840,8841
1952,1953
6419,6420
3264,3264
1114,1116
4358,4359
701,702
9421,9423
3670,3672
9320,9321
6172,6174
6645,6645
7103,7104
9228,9228
9631,9633
3605,3606
692,693
3039,3039
244,246
2483,2484
9582,9582
9776,9777
5267,5268
9280,9282
2637,2637
5430,5430
6358,6360
2966,2967
6579,6579
667,669
982,984
1667,1668
2102,2103
5790,5790
4460,4461
9102,9102
46,48
9933,9933
9440,9441
9670,9672
1738,1740
9884,9885
8032,8034
583,585
356,357
2628,2628
7433,7434
7296,7296
5001,5001
4261,4263
4926,4926
8170,8172
4497,4497
9029,9030
8381,8382
6682,6684
7837,7839
8263,8265
9213,9213
5395,5397
8431,8433
6563,6564
7430,7431
3130,3132
1282,1284
4205,4206
9758,9759
9595,9597
5751,5751
7318,7320
111,111
9165,9165
3934,3936
2355,2355
610,612
4084,4086
1390,1392
5875,5877
7173,7173
6573,6573
2552,2553
9618,9618
444,444
3066,3066
9914,9915
633,633
2910,2910
4276,4278
996,996
7211,7212
6067,6069
4246,4248
3429,3429
8175,8175
9972,9972
5928,5928
9138,9138
7360,7362
1073,1074
7504,7506
5618,5619
5100,5100
547,549
1558,1560
831,831
6649,6651
8306,8307
7346,7347
6584,6585
7605,7605
4003,4005
8177,8178
1932,1932
679,681
4457,4458
2334,2334
5414,5415
159,159
9290,9291
1409,1410
8259,8259
8801,8802
8516,8517
6409,6411
9710,9711
9439,9441
4811,4812
7667,7668
8343,8343
6108,6108
3374,3375
5634,5634
6907,6909
1513,1515
2040,2040
778,780
670,672
5446,5448
8766,8766
7935,7935
4820,4821
9503,9504
7433,7434
8294,8295
7798,7800
7247,7248
5214,5214
7822,7824
691,693
7228,7230
7185,7185
6559,6561
78,78
430,432
4974,4974
6351,6351
631,633
6712,6714
10,12
916,918
137,138
8716,8718
9580,9582
3946,3948
8669,8670
1785,1785
5436,5436
4793,4794
9070,9072
4546,4548
7252,7254
1408,1410
2752,2754
8205,8205
1464,1464
8624,8625
3974,3975
1901,1902
7033,7035
8683,8685
5985,5985
9725,9726
990,990
8509,8511
6744,6744
2684,2685
1553,1554
6880,6882
629,630
6817,6819
6868,6870
4038,4038
4308,4308
7011,7011
4448,4449
5649,5649
4514,4515
5346,5346
1473,1473
8482,8484
500,501
2487,2487
1112,1113
1322,1323
9841,9843
8424,8424
7492,7494
9415,9417
2865,2865
9624,9624
151,153
5321,5322
7226,7227
4635,4635
2780,2781
3664,3666
7697,7698
5161,5163
9774,9774
187,189
9135,9135
1671,1671
1075,1077
4685,4686
1728,1728
8266,8268
8563,8565
7208,7209
7376,7377
1387,1389
6657,6657
4675,4677
5374,5376
8819,8820
4807,4809
9002,9003
4533,4533
2237,2238
877,879
2951,2952
2228,2229
9518,9519
8909,8910
4960,4962
3733,3735
5672,5673
2549,2550
2864,2865
1463,1464
5930,5931
3730,3732
4856,4857
3859,3861
8405,8406
9093,9093
3456,3456
6158,6159
1470,1470
2674,2676
466,468
6416,6417
5876,5877
2591,2592
4823,4824
6954,6954
8913,8913
4846,4848
3625,3627
9432,9432
6519,6519
7992,7992
1751,1752
4006,4008
881,882
138,138
9553,9555
3018,3018
4876,4878
8295,8295
8960,8961
3896,3897
2247,2247
8255,8256
2236,2238
1216,1218
9619,9621
7489,7491
1270,1272
1969,1971
8131,8133
6262,6264
1627,1629
2995,2997
7575,7575
4306,4308
323,324
7390,7392
5492,5493
3264,3264
8617,8619
7379,7380
2988,2988
667,669
9591,9591
9620,9621
4944,4944
632,633
47,48
3603,3603
7501,7503
1090,1092
3659,3660
1489,1491
9675,9675
2766,2766
2602,2604
189,189
1143,1143
2135,2136
7212,7212
8584,8586
6226,6228
1436,1437
9443,9444
5421,5421
2695,2697
1053,1053
8061,8061
775,777
6818,6819
9501,9501
5430,5430
6509,6510
7235,7236
9465,9465
9901,9903
6309,6309
5875,5877
3379,3381
509,510
7964,7965
5377,5379
4970,4971
6867,6867
7425,7425
5841,5841
1079,1080
3852,3852
3375,3375
96,96
9399,9399
7791,7791
4740,4740
3692,3693
3507,3507
6940,6942
7208,7209
5106,5106
3597,3597
2938,2940
5708,5709
406,408
1669,1671
4479,4479
9675,9675
8253,8253
8106,8106
4123,4125
7457,7458
2077,2079
9671,9672
5077,5079
6501,6501
1861,1863
7971,7971
6894,6894
7424,7425
9030,9030
5395,5397
871,873
9629,9630
3230,3231
5472,5472
5505,5505
7652,7653
4484,4485
1101,1101
1390,1392
4927,4929
8568,8568
8418,8418
2116,2118
8836,8838
3548,3549
2103,2103
5537,5538
4310,4311
8614,8616
1266,1266
9119,9120
8198,8199
2785,2787
845,846
6021,6021
4731,4731
3685,3687
2022,2022
6951,6951
5101,5103
49,51
1509,1509
3765,3765
937,939
116,117
502,504
6552,6552
7015,7017
4719,4719
9715,9717
2382,2382
6688,6690
3129,3129
552,552
7230,7230
537,537
9688,9690
275,276
3941,3942
7601,7602
2889,2889
4397,4398
3177,3177
9632,9633
7011,7011
8717,8718
1103,1104
3617,3618
93,93
483,483
6422,6423
535,537
5364,5364
9339,9339
2622,2622
807,807
1857,1857
9754,9756
2468,2469
1846,1848
4053,4053
5350,5352
6087,6087
5242,5244
1243,1245
6592,6594
9347,9348
6570,6570
4500,4500
9969,9969
13,15
8059,8061
2063,2064
5446,5448
6852,6852
8663,8664
2639,2640
7865,7866
3305,3306
6057,6057
2177,2178
7498,7500
3360,3360
8240,8241
2837,2838
6836,6837
2289,2289
1031,1032
8023,8025
1643,1644
6818,6819
6751,6753
8063,8064
3792,3792
3106,3108
7703,7704
5873,5874
5994,5994
2337,2337
4609,4611
1147,1149
4854,4854
6357,6357
8672,8673
7888,7890
7712,7713
4984,4986
9700,9702
7895,7896
2141,2142
7125,7125
2236,2238
4632,4632
1345,1347
4582,4584
1393,1395
8903,8904
9817,9819
8132,8133
137,138
4288,4290
451,453
7674,7674
3049,3051
1537,1539
3536,3537
1767,1767
1766,1767
5061,5061
5271,5271
3684,3684
3617,3618
173,174
4840,4842
9857,9858
178,180
6560,6561
4809,4809
8268,8268
4069,4071
6145,6147
1974,1974
1309,1311
2985,2985
7609,7611
1454,1455
3766,3768
1050,1050
9091,9093
2101,2103
4017,4017
2697,2697
8024,8025
1080,1080
1580,1581
9983,9984
984,984
2054,2055
3692,3693
4198,4200
2039,2040
454,456
5771,5772
8230,8232
4978,4980
3841,3843
4933,4935
8660,8661
3229,3231
981,981
591,591
6402,6402
5064,5064
5776,5778
9488,9489
4722,4722
1024,1026
9286,9288
1915,1917
9062,9063
6446,6447
7554,7554
9563,9564
2921,2922
5247,5247
9151,9153
1575,1575
8597,8598
7917,7917
2910,2910
9645,9645
6359,6360
5542,5544
9844,9846
227,228
7646,7647
5778,5778
3146,3147
712,714
6767,6768
7312,7314
7736,7737
8769,8769
489,489
3154,3156
7437,7437
9585,9585
6687,6687
6535,6537
2606,2607
4341,4341
7578,7578
9688,9690
4188,4188
4816,4818
621,621
549,549
8360,8361
8305,8307
8204,8205
9080,9081
9138,9138
4493,4494
1218,1218
8664,8664
4797,4797
4992,4992
6186,6186
9949,9951
2486,2487
4533,4533
3080,3081
9358,9360
52,54
6443,6444
7181,7182
1335,1335
2527,2529
9441,9441
6716,6717
2475,2475
737,738
6233,6234
4719,4719
2066,2067
9723,9723
4599,4599
5145,5145
7008,7008
9920,9921
208,210
9912,9912
8268,8268
1179,1179
9716,9717
1362,1362
5940,5940
1531,1533
6061,6063
3129,3129
5456,5457
9613,9615
5750,5751
9851,9852
3414,3414
525,525
473,474
6117,6117
2577,2577
9005,9006
1950,1950
6770,6771
3308,3309
5249,5250
6254,6255
6730,6732
8049,8049
5295,5295
534,534
2100,2100
1739,1740
8096,8097
8899,8901
9675,9675
7955,7956
8731,8733
2947,2949
9690,9690
4842,4842
2849,2850
5955,5955
9305,9306
5710,5712
484,486
9250,9252
5991,5991
8109,8109
3040,3042
3054,3054
6170,6171
7459,7461
4136,4137
9628,9630
9366,9366
5949,5949
7404,7404
1547,1548
4440,4440
6603,6603
286,288
3704,3705
8468,8469
3924,3924
8816,8817
9886,9888
536,537
705,705
4514,4515
687,687
6202,6204
516,516
1651,1653
7666,7668
3070,3072
5192,5193
9061,9063
5923,5925
6579,6579
1161,1161
6386,6387
8037,8037
9499,9501
2654,2655
6387,6387
7116,7116
2598,2598
4531,4533
9004,9006
1202,1203
4499,4500
1437,1437
7260,7260
6030,6030
9452,9453
2870,2871
6081,6081
140,141
2960,2961
8389,8391
4624,4626
1124,1125
4818,4818
4449,4449
2954,2955
8168,8169
8805,8805
3357,3357
772,774
8008,8010
8143,8145
4816,4818
6316,6318
5792,5793
4064,4065
8317,8319
5884,5886
835,837
333,333
1240,1242
2431,2433
2424,2424
9119,9120
5935,5937
7497,7497
5484,5484
9421,9423
8681,8682
5156,5157
4200,4200
3699,3699
5632,5634
1840,1842
7161,7161
5262,5262
4024,4026
5776,5778
6766,6768
9128,9129
4997,4998
6663,6663
8920,8922
6336,6336
1600,1602
2912,2913
777,777
5927,5928
6434,6435
6571,6573
5873,5874
1491,1491
2756,2757
3569,3570
2014,2016
6368,6369
1521,1521
7052,7053
5469,5469
3026,3027
3397,3399
6949,6951
9117,9117
1631,1632
8517,8517
1794,1794
2839,2841
3006,3006
809,810
2443,2445
8305,8307
6252,6252
2162,2163
6765,6765
8293,8295
8792,8793
188,189
3790,3792
296,297
1204,1206
6485,6486
6304,6306
5631,5631
4678,4680
6978,6978
2054,2055
8151,8151
932,933
8003,8004
5165,5166
9327,9327
6604,6606
9735,9735
4265,4266
9060,9060
5208,5208
4965,4965
2272,2274
9503,9504
7227,7227
1379,1380
5699,5700
4660,4662
734,735
221,222
1799,1800
2086,2088
8152,8154
3797,3798
8198,8199
7731,7731
7445,7446
3857,3858
9228,9228
6643,6645
5317,5319
8907,8907
4757,4758
1307,1308
6156,6156
7727,7728
6985,6987
7005,7005
5469,5469
5860,5862
7120,7122
245,246
6590,6591
3163,3165
3619,3621
205,207
5460,5460
9277,9279
7710,7710
9560,9561
3253,3255
2424,2424
3312,3312
3620,3621
7687,7689
8612,8613
8652,8652
8718,8718
9185,9186
4694,4695
8632,8634
8508,8508
5720,5721
9512,9513
3976,3978
5045,5046
7238,7239
4441,4443
8536,8538
3701,3702
503,504
6921,6921
6979,6981
2020,2022
4573,4575
3443,3444
9313,9315
5521,5523
3367,3369
7373,7374
9149,9150
8127,8127
1724,1725
7982,7983
7034,7035
3453,3453
3939,3939
2163,2163
2951,2952
9539,9540
5151,5151
543,543
4667,4668
1133,1134
7216,7218
2451,2451
5951,5952
9371,9372
2088,2088
2247,2247
4410,4410
6154,6156
3245,3246
8337,8337
626,627
9108,9108
3050,3051
3904,3906
8371,8373
777,777
996,996
7823,7824
7720,7722
2375,2376
3071,3072
6230,6231
3478,3480
1803,1803
4120,4122
7916,7917
7991,7992
757,759
4774,4776
3054,3054
4815,4815
6695,6696
8323,8325
1011,1011
8060,8061
6626,6627
8147,8148
6735,6735
5914,5916
211,213
9345,9345
1742,1743
2251,2253
7779,7779
3097,3099
9677,9678
751,753
1343,1344
1086,1086
2963,2964
5239,5241
9464,9465
8305,8307
2460,2460
1081,1083
6312,6312
8309,8310
6574,6576
8046,8046
2624,2625
1963,1965
207,207
5781,5781
7367,7368
2547,2547
525,525
3761,3762
9074,9075
6695,6696
8465,8466
6063,6063
5042,5043
5504,5505
8403,8403
6665,6666
4037,4038
8872,8874
600,600
4044,4044
7666,7668
5683,5685
1015,1017
6646,6648
4191,4191
4750,4752
6602,6603
6974,6975
7921,7923
4644,4644
7069,7071
8340,8340
4278,4278
9276,9276
156,156
761,762
5707,5709
1161,1161
3191,3192
1399,1401
4407,4407
8216,8217
6665,6666
3473,3474
8060,8061
4475,4476
8645,8646
1367,1368
9683,9684
510,510
130,132
7050,7050
8924,8925
3963,3963
885,885
8470,8472
9319,9321
2111,2112
9394,9396
9876,9876
1449,1449
4724,4725
3818,3819
8209,8211
4787,4788
1211,1212
8768,8769
6734,6735
1808,1809
7254,7254
2096,2097
445,447
6311,6312
2129,2130
8467,8469
3970,3972
7469,7470
7129,7131
2442,2442
4068,4068
1109,1110
4830,4830
7628,7629
8872,8874
1812,1812
3468,3468
4435,4437
8454,8454
6490,6492
2866,2868
2688,2688
1534,1536
1463,1464
3883,3885
4823,4824
249,249
1964,1965
8107,8109
5848,5850
1821,1821
4203,4203
1368,1368
504,504
4168,4170
682,684
1142,1143
3088,3090
4451,4452
7795,7797
6316,6318
6786,6786
7005,7005
6892,6894
8358,8358
1347,1347
9590,9591
359,360
1503,1503
672,672
5667,5667
3015,3015
9297,9297
2137,2139
712,714
3836,3837
7215,7215
667,669
1070,1071
3965,3966
6954,6954
3700,3702
8442,8442
859,861
4134,4134
8571,8571
2313,2313
3444,3444
9915,9915
6902,6903
8352,8352
1935,1935
2726,2727
8602,8604
7823,7824
7599,7599
9267,9267
981,981
5623,5625
7346,7347
8056,8058
587,588
8943,8943
4726,4728
1479,1479
7348,7350
7584,7584
3515,3516
9917,9918
6630,6630
479,480
1189,1191
6389,6390
4916,4917
823,825
2956,2958
7813,7815
6913,6915
3043,3045
8759,8760
5002,5004
1705,1707
2792,2793
2360,2361
7995,7995
8766,8766
192,192
8634,8634
9702,9702
7591,7593
8385,8385
9182,9183
6898,6900
6174,6174
1634,1635
2205,2205
23,24
7431,7431
5725,5727
7196,7197
3281,3282
7836,7836
3863,3864
3381,3381
3436,3438
6701,6702
9283,9285
4035,4035
2897,2898
9005,9006
9288,9288
4563,4563
924,924
5630,5631
7545,7545
9955,9957
8700,8700
9442,9444
90,90
1547,1548
3807,3807
4413,4413
188,189
7377,7377
6675,6675
7060,7062
2677,2679
9948,9948
5148,5148
5234,5235
2959,2961
1176,1176
3466,3468
980,981
3458,3459
7466,7467
8613,8613
487,489
3489,3489
5058,5058
3664,3666
9954,9954
2163,2163
5298,5298
2062,2064
3611,3612
1046,1047
4099,4101
2352,2352
8832,8832
6220,6222
6194,6195
9836,9837
263,264
3898,3900
2385,2385
1711,1713
9472,9474
6003,6003
598,600
2926,2928
6985,6987
1268,1269
5345,5346
9569,9570
9396,9396
8185,8187
9432,9432
9113,9114
1976,1977
5469,5469
7467,7467
170,171
1822,1824
5548,5550
6309,6309
7881,7881
4379,4380
3411,3411
2578,2580
3320,3321
8228,8229
6781,6783
7958,7959
891,891
9493,9495
6274,6276
7142,7143
3306,3306
429,429
2938,2940
6889,6891
882,882
2660,2661
566,567
5914,5916
8455,8457
6028,6030
5227,5229
9134,9135
2965,2967
4228,4230
8901,8901
813,813
7325,7326
7284,7284
7269,7269
3376,3378
2239,2241
6396,6396
3487,3489
5426,5427
9659,9660
9092,9093
5967,5967
4367,4368
8585,8586
4359,4359
3103,3105
450,450
6901,6903
362,363
5497,5499
7055,7056
117,117
8700,8700
5915,5916
9464,9465
6169,6171
7514,7515
8050,8052
7537,7539
3494,3495
4646,4647
9757,9759
6416,6417
1224,1224
7719,7719
8783,8784
9262,9264
2273,2274
2397,2397
9449,9450
8343,8343
5373,5373
3540,3540
3704,3705
8745,8745
1844,1845
2077,2079
9454,9456
9288,9288
2323,2325
8904,8904
9762,9762
3515,3516
1503,1503
7542,7542
741,741
6900,6900
8629,8631
3515,3516
6830,6831
3566,3567
3763,3765
7568,7569
4744,4746
1470,1470
6343,6345
8824,8826
5636,5637
9305,9306
7927,7929
6477,6477
8718,8718
7337,7338
684,684
6316,6318
4963,4965
9561,9561
353,354
9082,9084
6971,6972
2990,2991
8651,8652
4322,4323
5024,5025
9325,9327
391,393
8265,8265
7448,7449
2594,2595
8962,8964
8984,8985
2578,2580
7421,7422
1561,1563
594,594
2181,2181
6275,6276
7951,7953
286,288
3095,3096
4785,4785
8949,8949
3146,3147
3972,3972
133,135
8868,8868
2370,2370
4867,4869
1121,1122
5948,5949
5146,5148
861,861
55,57
4883,4884
9910,9912
1689,1689
1440,1440
8440,8442
6577,6579
5822,5823
1040,1041
3535,3537
1989,1989
5731,5733
3749,3750
4032,4032
2190,2190
3205,3207
3466,3468
101,102
1624,1626
8953,8955
5310,5310
6246,6246
4883,4884
9168,9168
610,612
6912,6912
6866,6867
2098,2100
2110,2112
9705,9705
8183,8184
7755,7755
3829,3831
3764,3765
6608,6609
1569,1569
5647,5649
921,921
1767,1767
9998,9999
1584,1584
8900,8901
8136,8136
9062,9063
7747,7749
1471,1473
2357,2358
3222,3222
3063,3063
2512,2514
8952,8952
4324,4326
8918,8919
6559,6561
1539,1539
6758,6759
2328,2328
3283,3285
3898,3900
6896,6897
9071,9072
4697,4698
5707,5709
6204,6204
2861,2862
1766,1767
4947,4947
3664,3666
21,21
4783,4785
2723,2724
4067,4068
5696,5697
104,105
3249,3249
7173,7173
7534,7536
5404,5406
9387,9387
1055,1056
1857,1857
2636,2637
7783,7785
4718,4719
5185,5187
7675,7677
2133,2133
8590,8592
4779,4779
3388,3390
585,585
1224,1224
48,48
6980,6981
8584,8586
692,693
8948,8949
686,687
1373,1374
5865,5865
1767,1767
4073,4074
1725,1725
3582,3582
5084,5085
9062,9063
1003,1005
7550,7551
1757,1758
888,888
4820,4821
8771,8772
5969,5970
8248,8250
2039,2040
4517,4518
9592,9594
1391,1392
1462,1464
7037,7038
1771,1773
2265,2265
6547,6549
7768,7770
9109,9111
9227,9228
4778,4779
3848,3849
8835,8835
4839,4839
5670,5670
6301,6303
7272,7272
643,645
4914,4914
7832,7833
7350,7350
1093,1095
6271,6273
4119,4119
8283,8283
4853,4854
1909,1911
626,627
9842,9843
9593,9594
5609,5610
9800,9801
5025,5025
9136,9138
5291,5292
8813,8814
3810,3810
602,603
5432,5433
1487,1488
8276,8277
3038,3039
7688,7689
5005,5007
9897,9897
4988,4989
5045,5046
6010,6012
340,342
5957,5958
2069,2070
8199,8199
7607,7608
3341,3342
4002,4002
9848,9849
7093,7095
3772,3774
9752,9753
1054,1056
1425,1425
1461,1461
4961,4962
6987,6987
3644,3645
142,144
2382,2382
8911,8913
1612,1614
1205,1206
4772,4773
5292,5292
1147,1149
3565,3567
4245,4245
2341,2343
842,843
9379,9381
2814,2814
7182,7182
3439,3441
8074,8076
3354,3354
8708,8709
7758,7758
4917,4917
3419,3420
2515,2517
5666,5667
5303,5304
7625,7626
9443,9444
8353,8355
9813,9813
6084,6084
7978,7980
6456,6456
8331,8331
3917,3918
2583,2583
6244,6246
5302,5304
1646,1647
7551,7551
2054,2055
518,519
4158,4158
1586,1587
427,429
2484,2484
9341,9342
3014,3015
6738,6738
5906,5907
1253,1254
4398,4398
9714,9714
4405,4407
5375,5376
6945,6945
590,591
9717,9717
1114,1116
4789,4791
8132,8133
2533,2535
6402,6402
5080,5082
3240,3240
5990,5991
3863,3864
6325,6327
1922,1923
7591,7593
329,330
8666,8667
3087,3087
3902,3903
8611,8613
9517,9519
6144,6144
3512,3513
6420,6420
9604,9606
5206,5208
531,531
8824,8826
947,948
8696,8697
3950,3951
7077,7077
3509,3510
6077,6078
6240,6240
2682,2682
6954,6954
8114,8115
2150,2151
5328,5328
2573,2574
169,171
6258,6258
8761,8763
397,399
9303,9303
9833,9834
3954,3954
3097,3099
6912,6912
1377,1377
2904,2904
4002,4002
3025,3027
4253,4254
4906,4908
4466,4467
1818,1818
7998,7998
4132,4134
2697,2697
3051,3051
5433,5433
3513,3513
8829,8829
6556,6558
7957,7959
7878,7878
8737,8739
9122,9123
684,684
7932,7932
3641,3642
2710,2712
8734,8736
1723,1725
5913,5913
6313,6315
8370,8370
2257,2259
1380,1380
3771,3771
9094,9096
7413,7413
9068,9069
1077,1077
86,87
8179,8181
1966,1968
9973,9975
7406,7407
3623,3624
5375,5376
324,324
9347,9348
704,705
4214,4215
202,204
2770,2772
3138,3138
2918,2919
338,339
7784,7785
4078,4080
8391,8391
9931,9933
3275,3276
9486,9486
4657,4659
6793,6795
650,651
7927,7929
847,849
6440,6441
8514,8514
7379,7380
6732,6732
9111,9111
2443,2445
1578,1578
2508,2508
2549,2550
8885,8886
5259,5259
5648,5649
8506,8508
7760,7761
3866,3867
1773,1773
7613,7614
4963,4965
7803,7803
1539,1539
4857,4857
2213,2214
80,81
132,132
867,867
3472,3474
3217,3219
437,438
7929,7929
202,204
9254,9255
5989,5991
3603,3603
5699,5700
5624,5625
354,354
5669,5670
2143,2145
6234,6234
595,597
4539,4539
3375,3375
7116,7116
8658,8658
6670,6672
9607,9609
6127,6129
6280,6282
1203,1203
5810,5811
8509,8511
5165,5166
6744,6744
4192,4194
4127,4128
233,234
7224,7224
9253,9255
8187,8187
1221,1221
6532,6534
6791,6792
1182,1182
4169,4170
7925,7926
2695,2697
1393,1395
9286,9288
7300,7302
3254,3255
8622,8622
5556,5556
4947,4947
258,258
8446,8448
6467,6468
2278,2280
4790,4791
4060,4062
9249,9249
6452,6453
5115,5115
6526,6528
2745,2745
8668,8670
9850,9852
3502,3504
6695,6696
4424,4425
302,303
3354,3354
2519,2520
6902,6903
6439,6441
5913,5913
6548,6549
6035,6036
7356,7356
7669,7671
2136,2136
9116,9117
896,897
3815,3816
5559,5559
9913,9915
6980,6981
1410,1410
7726,7728
4831,4833
7360,7362
9390,9390
4203,4203
757,759
3122,3123
9033,9033
8063,8064
2510,2511
9016,9018
1278,1278
9123,9123
5062,5064
7818,7818
1484,1485
2283,2283
8380,8382
5986,5988
8050,8052
7728,7728
9758,9759
5158,5160
1576,1578
1119,1119
9101,9102
8782,8784
2750,2751
2973,2973
8860,8862
5468,5469
8897,8898
6182,6183
7389,7389
8623,8625
528,528
779,780
516,516
6281,6282
9418,9420
1322,1323
8911,8913
4062,4062
9753,9753
9068,9069
5253,5253
3134,3135
5745,5745
6679,6681
408,408
5157,5157
372,372
9741,9741
5530,5532
4948,4950
2819,2820
7916,7917
1690,1692
4845,4845
8030,8031
9809,9810
1548,1548
8291,8292
8256,8256
3327,3327
8846,8847
9436,9438
5640,5640
7866,7866
8512,8514
4085,4086
3659,3660
1379,1380
7092,7092
3862,3864
8646,8646
2033,2034
1877,1878
3954,3954
9979,9981
7167,7167
6319,6321
8587,8589
4006,4008
5821,5823
5352,5352
4506,4506
2046,2046
1970,1971
9277,9279
7018,7020
1912,1914
5194,5196
4075,4077
7710,7710
6998,6999
5661,5661
5378,5379
2817,2817
6662,6663
7519,7521
6859,6861
4480,4482
6121,6123
725,726
6696,6696
1848,1848
6240,6240
4211,4212
8745,8745
8295,8295
3068,3069
1468,1470
9733,9735
5718,5718
6747,6747
3074,3075
5534,5535
5638,5640
4928,4929
7220,7221
3739,3741
9795,9795
5708,5709
7256,7257
4031,4032
7327,7329
2534,2535
668,669
4875,4875
5297,5298
7299,7299
6029,6030
9293,9294
4364,4365
1275,1275
3687,3687
7019,7020
7714,7716
3180,3180
9316,9318
915,915
9470,9471
1378,1380
3755,3756
595,597
9045,9045
4213,4215
1825,1827
162,162
5347,5349
3631,3633
3192,3192
4152,4152
6600,6600
9472,9474
1870,1872
3182,3183
6507,6507
5448,5448
6878,6879
4543,4545
8782,8784
2732,2733
1675,1677
4878,4878
4981,4983
8071,8073
845,846
6832,6834
7087,7089
1396,1398
6888,6888
8754,8754
3783,3783
8053,8055
2220,2220
8912,8913
1723,1725
9857,9858
5976,5976
7829,7830
2147,2148
9069,9069
7983,7983
1655,1656
7816,7818
133,135
5726,5727
7404,7404
2633,2634
9822,9822
4801,4803
9336,9336
6064,6066
9263,9264
3352,3354
3811,3813
2312,2313
5272,5274
5038,5040
2866,2868
4620,4620
2819,2820
5151,5151
7154,7155
2430,2430
132,132
5795,5796
8292,8292
567,567
2854,2856
5197,5199
976,978
3261,3261
2013,2013
7722,7722
6930,6930
1691,1692
4208,4209
500,501
1367,1368
6298,6300
3319,3321
235,237
1324,1326
9780,9780
3963,3963
8715,8715
5925,5925
7312,7314
102,102
3249,3249
1921,1923
5082,5082
7972,7974
159,159
3231,3231
3432,3432
8848,8850
9577,9579
6206,6207
9214,9216
6013,6015
4107,4107
6229,6231
5035,5037
2158,2160
1826,1827
9783,9783
40,42
5715,5715
5269,5271
7119,7119
6149,6150
3884,3885
8438,8439
1581,1581
7905,7905
3988,3990
4021,4023
7435,7437
7207,7209
6126,6126
3638,3639
6736,6738
1154,1155
1765,1767
9759,9759
6949,6951
7727,7728
4017,4017
9532,9534
9991,9993
7730,7731
5127,5127
4850,4851
3430,3432
5535,5535
6970,6972
4220,4221
9254,9255
8179,8181
1668,1668
8549,8550
9765,9765
6328,6330
5650,5652
8833,8835
9727,9729
4650,4650
104,105
2684,2685
8932,8934
1667,1668
5783,5784
1418,1419
7063,7065
4709,4710
4933,4935
4127,4128
8460,8460
502,504
4280,4281
2707,2709
6784,6786
9173,9174
110,111
8804,8805
169,171
8203,8205
1286,1287
5666,5667
6309,6309
3956,3957
72,72
6444,6444
5025,5025
3674,3675
7684,7686
3351,3351
19,21
4410,4410
5005,5007
3816,3816
3512,3513
1633,1635
2353,2355
596,597
9376,9378
6650,6651
8184,8184
8025,8025
9950,9951
3929,3930
3554,3555
9867,9867
4532,4533
3617,3618
1079,1080
3139,3141
7782,7782
2756,2757
6425,6426
853,855
7109,7110
9906,9906
7396,7398
2085,2085
106,108
1582,1584
9014,9015
4089,4089
8436,8436
6089,6090
1102,1104
9671,9672
1123,1125
9328,9330
3949,3951
399,399
8134,8136
1712,1713
1348,1350
4720,4722
3525,3525
4343,4344
6645,6645
9594,9594
963,963
7023,7023
367,369
8715,8715
4389,4389
7369,7371
2417,2418
2899,2901
3209,3210
6037,6039
4862,4863
2978,2979
116,117
9998,9999
9044,9045
9133,9135
5873,5874
5107,5109
2663,2664
3689,3690
2790,2790
6647,6648
6779,6780
9411,9411
9752,9753
6493,6495
4874,4875
5299,5301
9598,9600
7894,7896
4,6
4455,4455
8258,8259
5204,5205
315,315
6738,6738
9930,9930
7903,7905
232,234
3770,3771
3551,3552
9790,9792
3670,3672
4737,4737
9846,9846
6090,6090
416,417
74,75
4057,4059
7671,7671
2554,2556
6642,6642
8065,8067
2843,2844
8652,8652
8097,8097
1694,1695
5831,5832
9172,9174
9641,9642
8128,8130
1943,1944
6903,6903
4750,4752
6710,6711
8496,8496
1878,1878
9644,9645
9404,9405
4134,4134
8982,8982
1095,1095
5097,5097
1738,1740
7904,7905
9566,9567
1237,1239
2885,2886
6480,6480
1103,1104
4005,4005
2424,2424
6904,6906
2765,2766
3932,3933
5707,5709
883,885
8191,8193
8667,8667
9586,9588
1456,1458
2843,2844
812,813
5479,5481
8546,8547
2487,2487
9522,9522
1592,1593
3796,3798
9386,9387
2446,2448
1223,1224
1380,1380
6349,6351
5123,5124
1044,1044
2937,2937
9143,9144
2557,2559
776,777
7805,7806
6807,6807
5142,5142
8996,8997
4781,4782
3056,3057
4319,4320
4114,4116
2531,2532
8703,8703
5505,5505
7360,7362
6433,6435
4138,4140
126,126
853,855
7307,7308
112,114
7237,7239
5602,5604
6979,6981
6755,6756
3580,3582
3303,3303
4044,4044
5564,5565
2044,2046
9850,9852
3942,3942
6872,6873
9044,9045
4841,4842
9080,9081
3705,3705
7336,7338
72,72
7339,7341
3625,3627
5422,5424
383,384
2926,2928
7014,7014
390,390
9862,9864
6524,6525
6581,6582
5092,5094
336,336
6585,6585
1812,1812
8639,8640
7186,7188
245,246
3943,3945
9720,9720
9410,9411
7560,7560
1794,1794
2132,2133
2970,2970
8101,8103
2656,2658
3133,3135
416,417
6385,6387
686,687
5490,5490
6117,6117
4009,4011
2681,2682
660,660
8290,8292
7051,7053
65,66
4763,4764
9732,9732
4764,4764
5244,5244
4153,4155
4303,4305
3900,3900
8533,8535
1976,1977
7260,7260
8819,8820
4381,4383
1731,1731
324,324
7304,7305
9435,9435
4671,4671
5685,5685
265,267
6232,6234
4385,4386
6906,6906
3321,3321
2909,2910
3848,3849
843,843
8422,8424
6561,6561
3918,3918
3046,3048
7300,7302
6306,6306
5516,5517
9811,9813
650,651
848,849
6746,6747
8379,8379
6193,6195
4585,4587
6141,6141
2284,2286
957,957
1040,1041
1171,1173
7533,7533
3769,3771
1469,1470
7844,7845
3191,3192
8560,8562
4448,4449
5005,5007
7711,7713
1655,1656
4737,4737
3578,3579
273,273
4172,4173
1836,1836
6261,6261
3166,3168
7171,7173
8934,8934
6220,6222
8386,8388
9028,9030
8809,8811
9903,9903
7942,7944
217,219
7394,7395
6426,6426
6485,6486
169,171
859,861
1181,1182
9051,9051
446,447
9401,9402
5532,5532
7236,7236
1036,1038
6559,6561
187,189
8774,8775
525,525
386,387
8216,8217
7843,7845
4154,4155
7235,7236
4996,4998
3806,3807
8690,8691
1328,1329
3313,3315
9313,9315
1457,1458
6467,6468
2463,2463
5861,5862
6676,6678
9452,9453
4290,4290
2596,2598
1200,1200
8192,8193
8637,8637
1961,1962
4562,4563
8468,8469
607,609
4133,4134
6301,6303
6422,6423
3590,3591
7853,7854
7572,7572
5201,5202
243,243
250,252
9421,9423
8826,8826
822,822
9940,9942
5633,5634
7324,7326
3984,3984
2197,2199
1823,1824
5546,5547
8690,8691
6177,6177
3257,3258
3087,3087
5012,5013
8062,8064
9843,9843
4257,4257
1148,1149
110,111
1165,1167
4281,4281
5114,5115
3605,3606
1025,1026
9598,9600
3703,3705
1478,1479
7604,7605
2281,2283
7566,7566
9724,9726
2367,2367
5089,5091
475,477
5524,5526
4858,4860
2030,2031
9295,9297
1337,1338
5949,5949
6649,6651
4212,4212
657,657
705,705
6212,6213
3966913
2148117
251994
895243
1583792
1608616
2172437
1739556
444121
603370
205482
317675
460168
453162
579992
175873
66494
414343
250914
428906
237909
81154
22277
78383
47087
5686
457
13075
219309
9097
58961
25001
4140
138078
116758
55245
7265
57281
14161
32233
33700
17021
1817
34443
19700
1807
6275
8334
6203
20353
650
587
123
176
2910
14749
3716
8974
862
4459
872
3591
5493
1739
3806
477
2893
432
2080
1506
1236
508
48
625
380
312
269
393
151
42
165
182
174
95
75
25
23
36
63
15
21
31
23
7
28
2
21
7
7
7
2
7
2
1
9
0
1
0
0
2
0
4
1
0
2
1
2
2
1
2
0
2
0
0
0
1
1
0
1
0
0
1
0
0
0
0
0
0
0
0
0
0
0
0
0
0
0
0
0
0
0
0
0
0
0
0
0
0
0
0
0
0
0
0
0
0
0
0
0
0
0
0
0
0
0
0
0
0
0
0
0
0
0
0
0
0
0
0
0
0
0
0
0
0
0
0
0
0
0
0
0
0
0
0
0
0
0
0
0
0
0
0
0
0
0
0
0
0
0
0
0
0
0
0
0
0
0
0
0
0
0
0
0
0
0
0
0
0
0
0
0
0
0
0
0
0
0
0
0
0
0
0
0
0
0
0
0
0
0
0
0
0
0
0
0
0
0
0
0
0
0
0
0
0
0
0
0
0
0
0
0
0
0
0
0
0
0
0
0
0
0
0
0
0
0
0
0
0
0
0
0
0
0
0
0
0
0
0
0
0
0
0
0
0
0
0
0
0
0
0
0
0
0
0
0
0
0
0
0
0
0
0
0
0
0
0
0
0
0
0
0
0
0
0
0
0
0
0
0
0
0
0
0
0
0
0
0
0
0
0
0
0
0
0
0
0
0
0
0
0
0
0
0
0
0
0
0
0
0
0
0
0
0
0
0
0
0
0
0
0
0
0
0
0
0
0
0
0
0
0
0
0
0
0
0
0
0
0
0
0
0
0
0
0
0
0
0
0
0
0
0
0
0
0
0
0
0
0
0
0
0
0
0
0
0
0
0
0
0
0
0
0
0
0
0
0
0
0
0
0
0
0
0
0
0
0
0
0
0
0
0
0
0
0
0
0
0
0
0
0
0
0
0
0
0
0
0
0
0
0
0
0
0
0
0
0
0
0
0
0
0
0
0
0
0
0
0
0
0
0
0
0
0
0
0
0
0
0
0
0
0
0
0
0
0
0
0
0
0
0
0
0
0
0
0
0
0
0
0
0
0
0
0
0
0
0
0
0
0
0
0
0
0
0
0
0
0
0
0
0
0
0
0
0
0
0
0
0
0
0
0
0
0
0
0
0
0
0
0
0
0
0
0
0
0
0
0
0
0
0
0
0
0
0
0
0
0
0
0
0
0
0
0
0
0
0
0
0
0
0
0
0
0
0
0
0
0
0
0
0
0
0
0
0
0
0
0
0
0
0
0
0
0
0
0
0
0
0
0
0
0
0
0
0
0
0
0
0
0
0
0
0
0
0
0
0
0
0
0
0
0
0
0
0
0
0
0
0
0
0
0
0
0
0
0
0
0
0
0
0
0
0
0
0
0
0
0
0
0
0
0
0
0
0
0
0
0
0
0
0
0
0
0
0
0
0
0
0
0
0
0
0
0
0
0
0
0
0
0
0
0
0
0
0
0
0
0
0
0
0
0
0
0
0
0
0
0
0
0
0
0
0
0
0
0
0
0
0
0
0
0
0
0
0
0
0
0
0
0
0
0
0
0
0
0
0
0
0
0
0
0
0
0
0
0
0
0
0
0
0
0
0
0
0
0
0
0
0
0
0
0
0
0
0
0
0
0
0
0
0
0
0
0
0
0
0
0
0
0
0
