892,894
826,828
60,60
308,309
952,954
648,648
475,477
238,240
112,114
237,237
554,555
685,687
603,603
337,339
755,756
793,795
671,672
411,411
573,573
88,90
876,876
248,249
674,675
23,24
593,594
51,51
612,612
671,672
146,147
830,831
50,51
627,627
931,933
772,774
263,264
804,804
353,354
668,669
503,504
102,102
205,207
275,276
852,852
690,690
59,60
721,723
108,108
857,858
854,855
511,513
51,51
638,639
836,837
172,174
526,528
715,717
661,663
163,165
232,234
10,12
490,492
485,486
433,435
175,177
847,849
842,843
606,606
584,585
110,111
497,498
115,117
360,360
542,543
107,108
183,183
421,423
207,207
247,249
28,30
510,510
171,171
866,867
36,36
620,621
105,105
810,810
466,468
232,234
175,177
674,675
408,408
74,75
350,351
700,702
780,780
229,231
201,201
939,939
317,318
898,900
25,27
413,414
165,165
869,870
489,489
542,543
769,771
123,123
311,312
585,585
499,501
832,834
568,570
115,117
569,570
314,315
335,336
539,540
870,870
752,753
315,315
287,288
345,345
971,972
883,885
291,291
234,234
965,966
48,48
595,597
627,627
693,693
664,666
998,999
280,282
442,444
435,435
660,660
193,195
697,699
19,21
935,936
382,384
945,945
79,81
731,732
611,612
216,216
791,792
798,798
484,486
133,135
412,414
670,672
24,24
492,492
261,261
121,123
267,267
17,18
543,543
576,576
145,147
234,234
131,132
378,378
11,12
405,405
1,3
281,282
517,519
309,309
822,822
299,300
154,156
969,969
524,525
788,789
983,984
210,210
124,126
993,993
365,366
303,303
408,408
977,978
741,741
918,918
626,627
494,495
360,360
570,570
442,444
202,204
676,678
1,3
716,717
719,720
170,171
640,642
118,120
402,402
528,528
557,558
701,702
503,504
967,969
331,333
200,201
224,225
669,669
542,543
91,93
207,207
35,36
122,123
48,48
66,66
177,177
976,978
738,738
602,603
531,531
501,501
103,105
798,798
889,891
454,456
905,906
272,273
106,108
319,321
668,669
420,420
616,618
521,522
916,918
208,210
813,813
716,717
617,618
490,492
432,432
344,345
951,951
133,135
967,969
992,993
992,993
909,909
251,252
57,57
333,333
205,207
578,579
256,258
600,600
876,876
396,396
224,225
719,720
665,666
643,645
258,258
196,198
687,687
677,678
283,285
89,90
769,771
692,693
920,921
660,660
351,351
527,528
414,414
695,696
809,810
384,384
601,603
955,957
429,429
596,597
297,297
211,213
920,921
590,591
493,495
456,456
381,381
702,702
864,864
204,204
818,819
375,375
40,42
949,951
873,873
841,843
770,771
327,327
192,192
78,78
398,399
198,198
817,819
350,351
725,726
96,96
774,774
736,738
182,183
489,489
240,240
551,552
602,603
351,351
490,492
459,459
835,837
917,918
984,984
192,192
657,657
984,984
98,99
64,66
810,810
853,855
451,453
864,864
76,78
940,942
36,36
69,69
177,177
509,510
865,867
419,420
492,492
816,816
65,66
289,291
637,639
119,120
522,522
498,498
21,21
103,105
524,525
663,663
146,147
232,234
881,882
927,927
112,114
792,792
374,375
362,363
292,294
901,903
352,354
470,471
502,504
367,369
753,753
686,687
573,573
328,330
288,288
757,759
485,486
646,648
492,492
701,702
236,237
727,729
579,579
354,354
325,327
925,927
401,402
252,252
557,558
862,864
103,105
735,735
391,393
788,789
776,777
445,447
832,834
879,879
498,498
512,513
581,582
333,333
701,702
990,990
960,960
699,699
108,108
305,306
842,843
782,783
470,471
387,387
868,870
66,66
982,984
739,741
369,369
820,822
630,630
192,192
213,213
523,525
744,744
169,171
692,693
801,801
820,822
958,960
141,141
844,846
831,831
438,438
273,273
645,645
921,921
844,846
673,675
987,987
730,732
243,243
670,672
346,348
885,885
617,618
57,57
300,300
947,948
769,771
255,255
592,594
544,546
794,795
256,258
801,801
701,702
267,267
664,666
772,774
441,441
196,198
356,357
210,210
793,795
136,138
199,201
784,786
113,114
30,30
799,801
756,756
708,708
534,534
455,456
284,285
292,294
569,570
570,570
686,687
389,390
519,519
429,429
348,348
230,231
290,291
798,798
321,321
120,120
685,687
393,393
448,450
415,417
166,168
150,150
947,948
188,189
227,228
840,840
85,87
89,90
875,876
377,378
338,339
910,912
197,198
391,393
203,204
398,399
324,324
807,807
581,582
714,714
845,846
81,81
576,576
289,291
607,609
194,195
511,513
886,888
107,108
835,837
995,996
763,765
904,906
507,507
856,858
311,312
918,918
783,783
12,12
992,993
904,906
495,495
858,858
970,972
76,78
327,327
235,237
565,567
132,132
383,384
461,462
448,450
746,747
561,561
55,57
559,561
611,612
691,693
262,264
868,870
281,282
402,402
894,894
435,435
667,669
914,915
876,876
132,132
379,381
85,87
617,618
766,768
710,711
561,561
687,687
578,579
531,531
721,723
362,363
572,573
715,717
627,627
439,441
698,699
25,27
398,399
890,891
494,495
724,726
594,594
116,117
706,708
433,435
393,393
930,930
888,888
1000,1002
734,735
991,993
542,543
983,984
581,582
862,864
653,654
236,237
252,252
628,630
990,990
219,219
42,42
591,591
841,843
557,558
522,522
872,873
107,108
197,198
918,918
811,813
823,825
55,57
313,315
354,354
920,921
172,174
371,372
139,141
290,291
302,303
753,753
873,873
25,27
206,207
452,453
358,360
210,210
317,318
334,336
909,909
804,804
320,321
802,804
359,360
818,819
396,396
955,957
695,696
512,513
375,375
967,969
684,684
417,417
732,732
616,618
696,696
590,591
92,93
110,111
505,507
149,150
945,945
258,258
510,510
931,933
269,270
765,765
45,45
33,33
257,258
105,105
67,69
913,915
741,741
922,924
915,915
665,666
842,843
105,105
347,348
462,462
859,861
2,3
65,66
766,768
875,876
837,837
153,153
304,306
43,45
767,768
690,690
897,897
181,183
280,282
327,327
249,249
755,756
297,297
968,969
200,201
140,141
363,363
431,432
910,912
715,717
274,276
502,504
618,618
51,51
484,486
167,168
251,252
905,906
140,141
973,975
424,426
502,504
45,45
963,963
656,657
980,981
267,267
434,435
511,513
106,108
106,108
951,951
421,423
69,69
432,432
840,840
443,444
375,375
713,714
371,372
722,723
14,15
601,603
202,204
641,642
545,546
511,513
643,645
554,555
763,765
18,18
490,492
18,18
429,429
78,78
745,747
382,384
752,753
198,198
805,807
916,918
85,87
356,357
229,231
879,879
438,438
538,540
715,717
82,84
174,174
721,723
880,882
932,933
335,336
475,477
190,192
283,285
900,900
930,930
819,819
970,972
679,681
839,840
312,312
703,705
457,459
769,771
953,954
834,834
144,144
328,330
121,123
565,567
154,156
676,678
440,441
450,450
375,375
18,18
731,732
81,81
610,612
131,132
982,984
845,846
448,450
582,582
179,180
359,360
417,417
311,312
835,837
597,597
580,582
543,543
629,630
723,723
914,915
698,699
697,699
886,888
322,324
791,792
46,48
756,756
205,207
601,603
784,786
341,342
4,6
799,801
416,417
374,375
242,243
811,813
915,915
931,933
410,411
723,723
960,960
929,930
909,909
714,714
331,333
404,405
459,459
117,117
38,39
500,501
618,618
812,813
710,711
928,930
32,33
435,435
345,345
467,468
242,243
734,735
47,48
55,57
570,570
940,942
605,606
703,705
561,561
341,342
436,438
899,900
50,51
736,738
877,879
896,897
879,879
343,345
643,645
593,594
950,951
315,315
786,786
439,441
909,909
188,189
128,129
24,24
213,213
937,939
706,708
233,234
98,99
105,105
208,210
549,549
741,741
285,285
39,39
854,855
743,744
715,717
16,18
881,882
686,687
219,219
532,534
875,876
243,243
609,609
534,534
820,822
321,321
769,771
372,372
947,948
54,54
773,774
66,66
962,963
20,21
524,525
972,972
733,735
857,858
697,699
180,180
888,888
633,633
701,702
510,510
762,762
166,168
281,282
785,786
46,48
315,315
539,540
235,237
240,240
330,330
786,786
849,849
61,63
532,534
971,972
254,255
856,858
219,219
526,528
441,441
611,612
569,570
76,78
372,372
330,330
475,477
695,696
908,909
562,564
538,540
799,801
389,390
486,486
943,945
735,735
702,702
572,573
796,798
858,858
183,183
331,333
533,534
300,300
801,801
176,177
269,270
209,210
821,822
631,633
346,348
371,372
595,597
357,357
21,21
507,507
648,648
215,216
910,912
303,303
188,189
988,990
105,105
271,273
245,246
658,660
348,348
829,831
685,687
720,720
140,141
625,627
111,111
486,486
98,99
833,834
37,39
656,657
745,747
994,996
832,834
443,444
999,999
237,237
815,816
457,459
113,114
154,156
729,729
998,999
825,825
423,423
361,363
506,507
135,135
96,96
718,720
831,831
329,330
128,129
537,537
402,402
576,576
534,534
19,21
543,543
135,135
150,150
338,339
968,969
599,600
610,612
519,519
907,909
646,648
48,48
464,465
49,51
976,978
136,138
295,297
500,501
776,777
744,744
760,762
609,609
594,594
676,678
112,114
156,156
375,375
796,798
851,852
548,549
855,855
842,843
212,213
738,738
974,975
806,807
623,624
560,561
705,705
967,969
562,564
877,879
337,339
411,411
183,183
601,603
861,861
219,219
22,24
375,375
715,717
627,627
456,456
971,972
148,150
364,366
655,657
659,660
873,873
670,672
757,759
582,582
693,693
957,957
82,84
966,966
325,327
242,243
990,990
655,657
769,771
351,351
28,30
706,708
172,174
562,564
931,933
599,600
675,675
209,210
490,492
478,480
78,78
855,855
254,255
557,558
243,243
543,543
557,558
265,267
876,876
308,309
722,723
259,261
671,672
234,234
185,186
668,669
625,627
175,177
800,801
244,246
488,489
145,147
229,231
212,213
897,897
424,426
578,579
542,543
86,87
44,45
498,498
780,780
754,756
735,735
6,6
560,561
728,729
962,963
659,660
690,690
933,933
119,120
157,159
555,555
350,351
447,447
853,855
190,192
616,618
559,561
552,552
305,306
461,462
796,798
844,846
650,651
545,546
5,6
582,582
648,648
634,636
579,579
653,654
198,198
788,789
470,471
92,93
912,912
257,258
290,291
886,888
81,81
859,861
741,741
351,351
597,597
683,684
381,381
448,450
686,687
711,711
296,297
747,747
204,204
285,285
522,522
195,195
234,234
355,357
282,282
339,339
570,570
790,792
596,597
426,426
587,588
326,327
672,672
327,327
831,831
641,642
393,393
624,624
842,843
108,108
846,846
516,516
12,12
4,6
511,513
916,918
928,930
852,852
699,699
153,153
104,105
480,480
700,702
622,624
443,444
151,153
648,648
7,9
225,225
942,942
287,288
500,501
485,486
435,435
757,759
324,324
7,9
628,630
627,627
418,420
490,492
317,318
254,255
527,528
914,915
510,510
380,381
324,324
396,396
522,522
956,957
815,816
562,564
306,306
788,789
39,39
328,330
626,627
44,45
771,771
128,129
829,831
996,996
773,774
55,57
743,744
608,609
763,765
305,306
421,423
141,141
378,378
441,441
900,900
418,420
150,150
907,909
379,381
379,381
170,171
923,924
455,456
523,525
237,237
220,222
859,861
552,552
862,864
945,945
667,669
481,483
431,432
580,582
169,171
266,267
782,783
552,552
175,177
461,462
398,399
444,444
265,267
567,567
809,810
659,660
269,270
428,429
958,960
178,180
675,675
477,477
753,753
697,699
335,336
942,942
346,348
17,18
101,102
566,567
451,453
613,615
552,552
338,339
451,453
830,831
166,168
289,291
352,354
318,318
195,195
924,924
226,228
691,693
991,993
896,897
409,411
936,936
589,591
708,708
133,135
549,549
553,555
62,63
212,213
919,921
238,240
709,711
532,534
218,219
988,990
989,990
733,735
84,84
88,90
618,618
52,54
508,510
132,132
849,849
872,873
166,168
321,321
905,906
472,474
780,780
544,546
836,837
784,786
553,555
426,426
403,405
846,846
266,267
73,75
217,219
844,846
741,741
407,408
248,249
176,177
285,285
748,750
555,555
597,597
366,366
386,387
181,183
142,144
217,219
586,588
792,792
151,153
690,690
695,696
416,417
625,627
174,174
262,264
571,573
578,579
838,840
694,696
230,231
621,621
25,27
123,123
264,264
755,756
915,915
443,444
589,591
683,684
585,585
454,456
356,357
37,39
925,927
739,741
981,981
5,6
478,480
345,345
747,747
202,204
410,411
791,792
752,753
900,900
555,555
103,105
877,879
521,522
85,87
461,462
459,459
288,288
343,345
370,372
945,945
859,861
914,915
264,264
119,120
874,876
550,552
381,381
295,297
789,789
504,504
244,246
921,921
21,21
734,735
384,384
379,381
199,201
41,42
772,774
110,111
702,702
316,318
496,498
889,891
577,579
107,108
926,927
790,792
533,534
388,390
305,306
666,666
844,846
657,657
929,930
968,969
265,267
276,276
497,498
427,429
831,831
532,534
29,30
587,588
869,870
80,81
300,300
62,63
96,96
366,366
385,387
59,60
599,600
894,894
741,741
518,519
553,555
717,717
510,510
518,519
528,528
692,693
444,444
825,825
161,162
742,744
445,447
968,969
928,930
996,996
775,777
999,999
925,927
824,825
614,615
382,384
216,216
546,546
790,792
482,483
464,465
181,183
93,93
702,702
843,843
447,447
263,264
816,816
901,903
205,207
608,609
763,765
441,441
437,438
666,666
416,417
236,237
455,456
841,843
591,591
20,21
294,294
628,630
675,675
997,999
948,948
319,321
340,342
381,381
70,72
982,984
750,750
709,711
996,996
969,969
363,363
85,87
126,126
370,372
247,249
390,390
156,156
679,681
368,369
52,54
579,579
437,438
351,351
949,951
666,666
851,852
975,975
637,639
19,21
653,654
438,438
197,198
506,507
382,384
863,864
784,786
331,333
685,687
674,675
44,45
15,15
1000,1002
522,522
930,930
451,453
287,288
345,345
576,576
151,153
794,795
236,237
409,411
943,945
455,456
277,279
126,126
449,450
502,504
231,231
580,582
970,972
37,39
175,177
338,339
760,762
525,525
755,756
516,516
597,597
702,702
282,282
60,60
388,390
342,342
950,951
215,216
667,669
666,666
706,708
819,819
62,63
563,564
625,627
20,21
628,630
41,42
503,504
744,744
7,9
668,669
11,12
225,225
71,72
741,741
63,63
742,744
430,432
953,954
241,243
804,804
821,822
401,402
719,720
716,717
619,621
836,837
519,519
209,210
770,771
312,312
860,861
710,711
324,324
162,162
236,237
729,729
997,999
59,60
149,150
881,882
124,126
495,495
318,318
976,978
329,330
140,141
175,177
447,447
915,915
601,603
877,879
830,831
481,483
244,246
497,498
639,639
470,471
893,894
898,900
559,561
830,831
301,303
460,462
14,15
910,912
594,594
495,495
563,564
697,699
435,435
778,780
712,714
879,879
651,651
133,135
406,408
21,21
258,258
483,483
934,936
44,45
999,999
743,744
58,60
314,315
552,552
860,861
422,423
936,936
768,768
869,870
28,30
469,471
444,444
938,939
911,912
665,666
811,813
317,318
179,180
692,693
968,969
920,921
47,48
824,825
216,216
572,573
353,354
542,543
813,813
76,78
452,453
473,474
531,531
504,504
683,684
618,618
784,786
155,156
798,798
598,600
743,744
934,936
879,879
345,345
590,591
508,510
468,468
116,117
3,3
538,540
141,141
570,570
527,528
153,153
604,606
64,66
276,276
936,936
364,366
60,60
41,42
936,936
520,522
450,450
721,723
91,93
165,165
513,513
271,273
449,450
375,375
301,303
212,213
537,537
232,234
184,186
286,288
13,15
431,432
136,138
565,567
965,966
979,981
251,252
927,927
589,591
520,522
175,177
477,477
191,192
258,258
480,480
321,321
809,810
402,402
255,255
839,840
299,300
333,333
231,231
33,33
443,444
2,3
913,915
127,129
519,519
422,423
13,15
39,39
251,252
868,870
456,456
794,795
834,834
703,705
736,738
933,933
250,252
30,30
561,561
694,696
122,123
819,819
564,564
177,177
992,993
690,690
892,894
803,804
686,687
593,594
346,348
217,219
937,939
188,189
383,384
774,774
526,528
333,333
264,264
997,999
422,423
927,927
513,513
760,762
260,261
129,129
646,648
710,711
8,9
421,423
566,567
971,972
814,816
84,84
236,237
590,591
678,678
672,672
554,555
546,546
917,918
363,363
590,591
939,939
580,582
684,684
869,870
409,411
264,264
888,888
1,3
111,111
766,768
615,615
237,237
530,531
674,675
14,15
246,246
976,978
224,225
204,204
515,516
910,912
930,930
169,171
73,75
570,570
527,528
2,3
486,486
542,543
994,996
204,204
540,540
245,246
174,174
54,54
918,918
820,822
66,66
454,456
489,489
989,990
901,903
73,75
363,363
858,858
262,264
419,420
830,831
650,651
506,507
416,417
51,51
913,915
182,183
535,537
309,309
688,690
762,762
825,825
261,261
14,15
965,966
418,420
895,897
637,639
762,762
466,468
75,75
48,48
721,723
361,363
966,966
576,576
901,903
463,465
387,387
974,975
85,87
425,426
735,735
543,543
807,807
415,417
228,228
178,180
425,426
468,468
547,549
170,171
385,387
896,897
102,102
880,882
997,999
3,3
46,48
546,546
659,660
944,945
385,387
783,783
123,123
264,264
302,303
208,210
42,42
388,390
711,711
447,447
845,846
9,9
482,483
531,531
747,747
600,600
181,183
536,537
295,297
505,507
128,129
23,24
393,393
304,306
297,297
846,846
304,306
534,534
116,117
483,483
118,120
610,612
94,96
240,240
193,195
745,747
967,969
112,114
743,744
266,267
498,498
54,54
151,153
529,531
158,159
882,882
891,891
70,72
592,594
186,186
426,426
871,873
684,684
700,702
626,627
432,432
559,561
449,450
7,9
367,369
838,840
317,318
81,81
915,915
746,747
167,168
176,177
490,492
819,819
288,288
562,564
21,21
332,333
909,909
360,360
434,435
887,888
458,459
481,483
362,363
990,990
772,774
438,438
86,87
613,615
831,831
74,75
516,516
27,27
57,57
586,588
698,699
714,714
630,630
126,126
982,984
644,645
285,285
531,531
858,858
753,753
720,720
897,897
916,918
680,681
397,399
371,372
39,39
989,990
248,249
876,876
100,102
282,282
880,882
744,744
795,795
919,921
792,792
221,222
135,135
249,249
43,45
14,15
914,915
3,3
798,798
29,30
615,615
414,414
971,972
645,645
15,15
560,561
434,435
82,84
709,711
551,552
409,411
683,684
730,732
389,390
171,171
378,378
31,33
633,633
703,705
702,702
522,522
460,462
614,615
922,924
246,246
541,543
247,249
328,330
806,807
271,273
480,480
174,174
541,543
866,867
619,621
165,165
613,615
346,348
404,405
490,492
883,885
632,633
317,318
987,987
353,354
28,30
5,6
526,528
34,36
876,876
812,813
780,780
910,912
516,516
27,27
459,459
714,714
934,936
929,930
262,264
96,96
347,348
348,348
685,687
219,219
525,525
230,231
994,996
407,408
539,540
320,321
311,312
34,36
681,681
206,207
594,594
924,924
993,993
243,243
193,195
839,840
257,258
245,246
456,456
437,438
458,459
279,279
185,186
407,408
455,456
578,579
994,996
593,594
455,456
503,504
693,693
520,522
768,768
573,573
195,195
984,984
822,822
653,654
616,618
265,267
971,972
496,498
422,423
907,909
224,225
523,525
763,765
563,564
968,969
658,660
628,630
42,42
749,750
492,492
914,915
13,15
987,987
141,141
490,492
682,684
479,480
16,18
954,954
195,195
109,111
178,180
745,747
443,444
133,135
604,606
989,990
447,447
458,459
78,78
899,900
977,978
395,396
549,549
290,291
17,18
612,612
396,396
8,9
545,546
356,357
365,366
950,951
824,825
341,342
952,954
250,252
665,666
762,762
553,555
247,249
717,717
436,438
699,699
745,747
65,66
817,819
340,342
84,84
716,717
817,819
884,885
926,927
652,654
944,945
265,267
716,717
594,594
104,105
763,765
567,567
873,873
237,237
493,495
558,558
657,657
866,867
726,726
236,237
631,633
124,126
6,6
872,873
360,360
315,315
489,489
97,99
607,609
523,525
144,144
66,66
536,537
25,27
53,54
364,366
55,57
153,153
616,618
29,30
959,960
917,918
230,231
572,573
548,549
100,102
653,654
221,222
606,606
20,21
75,75
318,318
674,675
337,339
98,99
880,882
417,417
481,483
210,210
152,153
906,906
882,882
902,903
741,741
91,93
678,678
343,345
235,237
630,630
17,18
633,633
28,30
302,303
550,552
215,216
990,990
72,72
23,24
181,183
172,174
722,723
446,447
536,537
432,432
989,990
823,825
144,144
45,45
825,825
842,843
568,570
110,111
88,90
736,738
778,780
611,612
337,339
138,138
138,138
536,537
584,585
793,795
508,510
753,753
444,444
891,891
701,702
687,687
56,57
56,57
848,849
305,306
532,534
781,783
642,642
573,573
196,198
1000,1002
837,837
897,897
31,33
595,597
169,171
935,936
886,888
160,162
472,474
397,399
410,411
163,165
857,858
578,579
578,579
85,87
859,861
351,351
701,702
369,369
56,57
876,876
645,645
285,285
507,507
157,159
97,99
721,723
930,930
1,3
570,570
738,738
471,471
358,360
439,441
513,513
395,396
233,234
793,795
300,300
766,768
247,249
915,915
859,861
119,120
632,633
998,999
28,30
597,597
377,378
597,597
265,267
647,648
48,48
910,912
584,585
883,885
362,363
202,204
837,837
719,720
151,153
292,294
141,141
281,282
430,432
928,930
613,615
783,783
930,930
71,72
434,435
232,234
557,558
50,51
166,168
66,66
707,708
640,642
302,303
815,816
276,276
258,258
490,492
933,933
8,9
430,432
925,927
851,852
677,678
522,522
811,813
887,888
211,213
364,366
846,846
803,804
206,207
983,984
971,972
584,585
897,897
980,981
504,504
867,867
459,459
503,504
894,894
13,15
154,156
736,738
10,12
702,702
572,573
821,822
105,105
390,390
698,699
817,819
365,366
12,12
606,606
827,828
340,342
452,453
633,633
790,792
221,222
569,570
602,603
559,561
837,837
29,30
201,201
849,849
534,534
257,258
438,438
312,312
681,681
954,954
371,372
80,81
667,669
267,267
321,321
649,651
630,630
969,969
234,234
406,408
104,105
931,933
516,516
697,699
730,732
781,783
301,303
172,174
288,288
706,708
731,732
142,144
642,642
824,825
475,477
533,534
449,450
137,138
955,957
944,945
630,630
303,303
151,153
970,972
525,525
283,285
773,774
100,102
890,891
740,741
309,309
996,996
129,129
908,909
39,39
168,168
767,768
374,375
408,408
410,411
601,603
811,813
912,912
413,414
94,96
392,393
493,495
874,876
755,756
494,495
393,393
284,285
52,54
216,216
436,438
800,801
557,558
435,435
50,51
412,414
305,306
776,777
715,717
279,279
281,282
274,276
558,558
37,39
288,288
982,984
229,231
351,351
464,465
487,489
242,243
122,123
894,894
742,744
311,312
308,309
183,183
765,765
447,447
21,21
775,777
949,951
64,66
589,591
222,222
65,66
566,567
637,639
363,363
619,621
790,792
794,795
140,141
362,363
209,210
169,171
138,138
144,144
505,507
373,375
900,900
225,225
774,774
499,501
610,612
418,420
543,543
857,858
343,345
617,618
868,870
637,639
440,441
493,495
427,429
812,813
653,654
833,834
551,552
886,888
802,804
32,33
607,609
899,900
716,717
586,588
340,342
423,423
466,468
100,102
907,909
291,291
560,561
562,564
192,192
994,996
985,987
899,900
914,915
981,981
364,366
182,183
423,423
836,837
493,495
444,444
968,969
990,990
817,819
966,966
922,924
992,993
670,672
608,609
541,543
503,504
936,936
521,522
253,255
495,495
309,309
873,873
384,384
987,987
148,150
409,411
564,564
142,144
920,921
910,912
661,663
959,960
343,345
665,666
943,945
913,915
611,612
520,522
448,450
539,540
814,816
871,873
312,312
415,417
630,630
314,315
657,657
389,390
37,39
708,708
478,480
450,450
649,651
846,846
872,873
329,330
471,471
827,828
356,357
141,141
228,228
655,657
545,546
706,708
185,186
415,417
734,735
308,309
190,192
150,150
240,240
238,240
368,369
372,372
188,189
81,81
795,795
751,753
845,846
764,765
6,6
963,963
932,933
392,393
432,432
156,156
108,108
853,855
83,84
46,48
921,921
97,99
402,402
451,453
797,798
589,591
137,138
676,678
45,45
639,639
384,384
286,288
376,378
626,627
33,33
766,768
408,408
859,861
804,804
645,645
818,819
659,660
127,129
71,72
663,663
244,246
890,891
26,27
546,546
825,825
934,936
359,360
786,786
88,90
222,222
824,825
305,306
407,408
411,411
71,72
195,195
487,489
544,546
504,504
688,690
524,525
694,696
402,402
268,270
50,51
800,801
621,621
218,219
575,576
376,378
363,363
502,504
294,294
437,438
120,120
337,339
981,981
338,339
831,831
478,480
233,234
277,279
634,636
183,183
442,444
951,951
118,120
706,708
497,498
598,600
665,666
350,351
802,804
958,960
242,243
180,180
875,876
161,162
101,102
937,939
849,849
590,591
57,57
669,669
733,735
235,237
654,654
881,882
197,198
705,705
804,804
152,153
485,486
111,111
401,402
193,195
883,885
618,618
365,366
990,990
374,375
921,921
214,216
633,633
173,174
968,969
179,180
80,81
346,348
236,237
460,462
615,615
548,549
800,801
92,93
422,423
665,666
746,747
363,363
580,582
540,540
947,948
446,447
425,426
880,882
478,480
460,462
578,579
312,312
289,291
206,207
249,249
586,588
222,222
501,501
551,552
657,657
341,342
280,282
184,186
691,693
728,729
534,534
318,318
642,642
510,510
915,915
222,222
239,240
64,66
109,111
167,168
116,117
910,912
884,885
601,603
32,33
96,96
953,954
290,291
488,489
153,153
808,810
676,678
370,372
118,120
53,54
730,732
276,276
924,924
588,588
216,216
742,744
560,561
326,327
970,972
288,288
162,162
887,888
903,903
221,222
371,372
925,927
784,786
142,144
134,135
214,216
791,792
116,117
559,561
132,132
47,48
277,279
280,282
547,549
210,210
390,390
633,633
196,198
457,459
177,177
846,846
900,900
852,852
807,807
842,843
606,606
965,966
716,717
806,807
648,648
196,198
724,726
906,906
536,537
67,69
800,801
728,729
710,711
901,903
258,258
936,936
916,918
551,552
168,168
213,213
433,435
117,117
992,993
307,309
226,228
423,423
308,309
539,540
822,822
528,528
724,726
197,198
104,105
651,651
182,183
212,213
342,342
863,864
806,807
589,591
190,192
719,720
329,330
61,63
78,78
162,162
52,54
827,828
379,381
895,897
145,147
882,882
253,255
230,231
791,792
863,864
416,417
506,507
487,489
802,804
811,813
995,996
186,186
743,744
449,450
360,360
732,732
471,471
850,852
878,879
234,234
709,711
887,888
577,579
868,870
258,258
814,816
693,693
372,372
993,993
733,735
715,717
603,603
891,891
36,36
472,474
181,183
310,312
948,948
17,18
200,201
640,642
210,210
969,969
628,630
21,21
581,582
605,606
230,231
258,258
439,441
592,594
357,357
373,375
754,756
867,867
885,885
679,681
252,252
385,387
590,591
986,987
49,51
600,600
722,723
442,444
835,837
866,867
395,396
306,306
943,945
207,207
346,348
35,36
262,264
651,651
934,936
623,624
975,975
803,804
899,900
805,807
909,909
296,297
46,48
300,300
231,231
807,807
571,573
723,723
911,912
801,801
16,18
256,258
361,363
302,303
470,471
106,108
27,27
721,723
701,702
39,39
957,957
85,87
899,900
815,816
25,27
453,453
782,783
806,807
696,696
158,159
296,297
814,816
134,135
413,414
71,72
507,507
574,576
737,738
273,273
230,231
50,51
321,321
74,75
522,522
710,711
345,345
64,66
685,687
107,108
387,387
51,51
968,969
249,249
332,333
457,459
823,825
719,720
545,546
666,666
620,621
138,138
807,807
707,708
572,573
680,681
373,375
15,15
959,960
629,630
910,912
151,153
820,822
252,252
45,45
629,630
434,435
573,573
759,759
424,426
487,489
902,903
199,201
626,627
454,456
500,501
261,261
724,726
551,552
959,960
296,297
906,906
808,810
163,165
584,585
571,573
113,114
62,63
197,198
964,966
351,351
346,348
756,756
193,195
114,114
166,168
61,63
109,111
483,483
871,873
985,987
505,507
53,54
960,960
907,909
30,30
521,522
787,789
865,867
5,6
207,207
51,51
851,852
505,507
735,735
349,351
925,927
186,186
991,993
841,843
716,717
347,348
886,888
489,489
921,921
709,711
401,402
971,972
750,750
462,462
225,225
385,387
815,816
659,660
685,687
26,27
637,639
987,987
217,219
333,333
347,348
720,720
632,633
279,279
948,948
55,57
290,291
894,894
166,168
618,618
753,753
904,906
207,207
935,936
444,444
566,567
517,519
335,336
222,222
731,732
816,816
864,864
623,624
462,462
85,87
15,15
363,363
987,987
529,531
708,708
249,249
557,558
532,534
536,537
295,297
982,984
69,69
832,834
660,660
368,369
882,882
831,831
666,666
135,135
100,102
539,540
664,666
247,249
754,756
653,654
895,897
366,366
305,306
915,915
447,447
756,756
760,762
55,57
397,399
413,414
115,117
488,489
105,105
156,156
778,780
390,390
739,741
570,570
229,231
675,675
37,39
649,651
474,474
752,753
662,663
720,720
485,486
121,123
26,27
533,534
628,630
488,489
27,27
347,348
703,705
197,198
634,636
918,918
286,288
790,792
996,996
343,345
746,747
782,783
506,507
965,966
344,345
587,588
609,609
867,867
685,687
531,531
693,693
831,831
813,813
958,960
685,687
374,375
579,579
649,651
551,552
765,765
796,798
641,642
392,393
307,309
358,360
52,54
736,738
771,771
563,564
940,942
575,576
202,204
899,900
32,33
683,684
27,27
856,858
839,840
689,690
482,483
122,123
956,957
12,12
73,75
372,372
780,780
892,894
768,768
622,624
962,963
727,729
585,585
782,783
371,372
257,258
953,954
113,114
26,27
957,957
111,111
103,105
568,570
367,369
360,360
972,972
957,957
926,927
195,195
98,99
783,783
27,27
849,849
100,102
121,123
694,696
740,741
285,285
721,723
779,780
538,540
400,402
176,177
522,522
656,657
230,231
22,24
287,288
652,654
952,954
174,174
652,654
154,156
931,933
758,759
176,177
277,279
177,177
970,972
32,33
309,309
783,783
219,219
744,744
999,999
127,129
205,207
730,732
371,372
421,423
349,351
481,483
155,156
987,987
434,435
279,279
686,687
48,48
965,966
879,879
702,702
795,795
406,408
306,306
1000,1002
46,48
553,555
287,288
103,105
436,438
470,471
529,531
335,336
871,873
723,723
724,726
194,195
864,864
648,648
921,921
98,99
418,420
137,138
948,948
474,474
625,627
653,654
392,393
452,453
327,327
811,813
451,453
983,984
931,933
680,681
965,966
313,315
12,12
566,567
392,393
239,240
426,426
289,291
847,849
436,438
146,147
261,261
989,990
936,936
14,15
830,831
347,348
894,894
379,381
325,327
574,576
258,258
617,618
701,702
96,96
735,735
800,801
256,258
604,606
233,234
662,663
44,45
7,9
931,933
734,735
670,672
426,426
428,429
273,273
325,327
988,990
173,174
193,195
440,441
274,276
438,438
472,474
728,729
542,543
945,945
749,750
598,600
901,903
618,618
559,561
900,900
984,984
32,33
698,699
665,666
750,750
437,438
450,450
980,981
963,963
706,708
645,645
513,513
730,732
875,876
525,525
732,732
87,87
473,474
775,777
951,951
905,906
747,747
172,174
499,501
872,873
411,411
824,825
918,918
55,57
944,945
488,489
20,21
375,375
172,174
307,309
505,507
452,453
639,639
827,828
164,165
943,945
587,588
816,816
38,39
536,537
779,780
63,63
144,144
346,348
449,450
193,195
167,168
309,309
906,906
71,72
899,900
653,654
285,285
100,102
498,498
483,483
859,861
149,150
335,336
972,972
225,225
294,294
404,405
16,18
770,771
919,921
512,513
910,912
940,942
975,975
695,696
210,210
266,267
164,165
441,441
416,417
56,57
252,252
597,597
452,453
738,738
844,846
453,453
853,855
96,96
503,504
385,387
142,144
452,453
435,435
607,609
918,918
260,261
895,897
114,114
653,654
381,381
854,855
114,114
688,690
727,729
676,678
614,615
815,816
364,366
301,303
283,285
909,909
743,744
784,786
774,774
580,582
578,579
933,933
486,486
606,606
562,564
692,693
713,714
7,9
959,960
69,69
697,699
711,711
144,144
432,432
128,129
34,36
411,411
791,792
437,438
169,171
294,294
461,462
726,726
555,555
996,996
932,933
705,705
118,120
80,81
1,3
616,618
283,285
290,291
937,939
927,927
148,150
455,456
53,54
735,735
18,18
824,825
674,675
829,831
552,552
839,840
232,234
857,858
482,483
897,897
367,369
382,384
918,918
31,33
192,192
878,879
727,729
553,555
856,858
25,27
390,390
715,717
585,585
863,864
990,990
683,684
835,837
601,603
102,102
815,816
648,648
859,861
39,39
52,54
525,525
942,942
43,45
617,618
960,960
100,102
773,774
45,45
620,621
385,387
358,360
265,267
513,513
455,456
243,243
687,687
876,876
944,945
902,903
76,78
908,909
501,501
882,882
348,348
1,3
902,903
169,171
123,123
371,372
583,585
245,246
116,117
606,606
385,387
270,270
108,108
587,588
317,318
513,513
34,36
917,918
448,450
402,402
106,108
318,318
217,219
578,579
124,126
883,885
423,423
200,201
357,357
811,813
350,351
566,567
899,900
490,492
470,471
207,207
942,942
853,855
847,849
732,732
622,624
743,744
975,975
23,24
744,744
718,720
307,309
957,957
334,336
898,900
307,309
599,600
527,528
801,801
801,801
558,558
160,162
647,648
79,81
39,39
849,849
389,390
904,906
67,69
952,954
941,942
184,186
328,330
239,240
244,246
635,636
706,708
445,447
221,222
411,411
221,222
7,9
181,183
527,528
922,924
7,9
560,561
748,750
235,237
687,687
70,72
508,510
296,297
691,693
283,285
56,57
704,705
722,723
243,243
939,939
136,138
400,402
694,696
468,468
57,57
108,108
205,207
920,921
941,942
95,96
66,66
507,507
61,63
863,864
135,135
415,417
250,252
477,477
122,123
45,45
713,714
89,90
651,651
815,816
836,837
12,12
919,921
749,750
243,243
503,504
112,114
940,942
738,738
437,438
953,954
930,930
879,879
143,144
122,123
993,993
830,831
310,312
157,159
180,180
39,39
522,522
60,60
147,147
314,315
756,756
652,654
291,291
560,561
965,966
150,150
251,252
150,150
256,258
940,942
891,891
115,117
696,696
2,3
986,987
35,36
234,234
408,408
890,891
114,114
161,162
831,831
337,339
686,687
652,654
485,486
327,327
816,816
889,891
231,231
163,165
121,123
283,285
126,126
567,567
404,405
892,894
703,705
688,690
55,57
104,105
93,93
575,576
661,663
54,54
83,84
40,42
994,996
718,720
294,294
483,483
619,621
333,333
252,252
498,498
452,453
485,486
645,645
482,483
470,471
265,267
721,723
744,744
923,924
993,993
694,696
673,675
697,699
63,63
746,747
979,981
936,936
916,918
855,855
357,357
207,207
408,408
29,30
920,921
339,339
603,603
852,852
379,381
807,807
290,291
811,813
84,84
998,999
349,351
514,516
934,936
961,963
524,525
85,87
193,195
816,816
103,105
60,60
792,792
63,63
556,558
383,384
366,366
571,573
11,12
8,9
451,453
488,489
492,492
399,399
986,987
301,303
224,225
517,519
313,315
125,126
995,996
337,339
291,291
992,993
643,645
862,864
750,750
951,951
483,483
97,99
547,549
504,504
186,186
521,522
653,654
407,408
100,102
232,234
546,546
212,213
774,774
438,438
989,990
45,45
52,54
326,327
682,684
668,669
991,993
591,591
999,999
818,819
175,177
454,456
150,150
372,372
917,918
909,909
513,513
109,111
248,249
673,675
41,42
404,405
361,363
657,657
148,150
821,822
604,606
495,495
492,492
301,303
519,519
443,444
623,624
310,312
893,894
818,819
442,444
853,855
820,822
333,333
818,819
405,405
369,369
664,666
748,750
627,627
535,537
165,165
390,390
530,531
717,717
12,12
192,192
239,240
997,999
983,984
257,258
848,849
692,693
157,159
987,987
225,225
131,132
734,735
420,420
846,846
719,720
268,270
522,522
815,816
936,936
837,837
906,906
994,996
613,615
363,363
995,996
118,120
912,912
392,393
731,732
791,792
503,504
330,330
847,849
524,525
797,798
444,444
52,54
751,753
790,792
130,132
982,984
348,348
214,216
419,420
405,405
31,33
254,255
654,654
409,411
204,204
74,75
204,204
664,666
342,342
813,813
687,687
904,906
432,432
395,396
264,264
903,903
781,783
941,942
519,519
213,213
376,378
187,189
417,417
915,915
988,990
875,876
8,9
852,852
219,219
354,354
393,393
243,243
4,6
813,813
472,474
317,318
245,246
486,486
606,606
876,876
53,54
383,384
235,237
204,204
546,546
637,639
275,276
667,669
62,63
421,423
552,552
454,456
625,627
214,216
397,399
350,351
829,831
281,282
199,201
718,720
468,468
749,750
795,795
831,831
128,129
361,363
55,57
892,894
69,69
543,543
534,534
778,780
203,204
855,855
741,741
185,186
899,900
556,558
791,792
64,66
151,153
307,309
810,810
99,99
161,162
265,267
229,231
204,204
775,777
594,594
27,27
813,813
116,117
968,969
925,927
412,414
890,891
73,75
214,216
172,174
482,483
767,768
797,798
899,900
120,120
199,201
800,801
239,240
431,432
723,723
875,876
773,774
968,969
454,456
873,873
34,36
653,654
544,546
68,69
540,540
457,459
482,483
256,258
977,978
800,801
299,300
984,984
422,423
677,678
745,747
650,651
17,18
770,771
748,750
589,591
666,666
705,705
107,108
268,270
741,741
325,327
639,639
708,708
719,720
947,948
920,921
620,621
432,432
749,750
91,93
661,663
38,39
958,960
937,939
720,720
243,243
287,288
924,924
700,702
331,333
830,831
951,951
99,99
732,732
188,189
441,441
112,114
21,21
459,459
811,813
834,834
250,252
369,369
238,240
954,954
990,990
180,180
277,279
261,261
807,807
578,579
387,387
725,726
508,510
30,30
362,363
53,54
532,534
702,702
580,582
293,294
651,651
580,582
45,45
462,462
663,663
724,726
591,591
314,315
758,759
962,963
820,822
814,816
534,534
543,543
826,828
460,462
486,486
240,240
270,270
344,345
591,591
838,840
472,474
205,207
691,693
434,435
269,270
175,177
258,258
434,435
855,855
830,831
67,69
466,468
790,792
217,219
894,894
539,540
240,240
899,900
152,153
380,381
571,573
275,276
402,402
103,105
183,183
867,867
355,357
527,528
784,786
387,387
133,135
555,555
732,732
383,384
239,240
364,366
664,666
182,183
293,294
119,120
352,354
334,336
943,945
439,441
953,954
205,207
896,897
98,99
13,15
618,618
2,3
994,996
603,603
989,990
862,864
955,957
443,444
189,189
793,795
148,150
101,102
561,561
611,612
94,96
453,453
380,381
154,156
543,543
142,144
966,966
597,597
64,66
78,78
825,825
302,303
103,105
522,522
197,198
585,585
164,165
317,318
723,723
97,99
506,507
231,231
861,861
713,714
296,297
792,792
116,117
966,966
250,252
537,537
692,693
746,747
323,324
157,159
586,588
840,840
562,564
122,123
243,243
530,531
247,249
829,831
693,693
979,981
389,390
305,306
712,714
688,690
853,855
670,672
34,36
806,807
810,810
385,387
201,201
491,492
813,813
533,534
255,255
208,210
45,45
263,264
775,777
656,657
368,369
542,543
940,942
598,600
866,867
854,855
669,669
577,579
197,198
817,819
305,306
34,36
918,918
262,264
246,246
899,900
535,537
114,114
194,195
460,462
346,348
896,897
938,939
856,858
475,477
272,273
499,501
316,318
933,933
302,303
219,219
528,528
279,279
486,486
409,411
356,357
215,216
269,270
802,804
949,951
494,495
723,723
613,615
989,990
468,468
322,324
439,441
260,261
267,267
60,60
786,786
533,534
52,54
639,639
171,171
941,942
628,630
284,285
626,627
799,801
310,312
259,261
907,909
122,123
652,654
896,897
666,666
344,345
909,909
408,408
794,795
675,675
845,846
769,771
565,567
721,723
125,126
29,30
959,960
966,966
150,150
43,45
574,576
279,279
370,372
561,561
786,786
524,525
728,729
931,933
758,759
521,522
596,597
903,903
47,48
373,375
724,726
881,882
113,114
161,162
435,435
204,204
789,789
770,771
518,519
576,576
594,594
161,162
749,750
208,210
548,549
600,600
762,762
430,432
117,117
532,534
150,150
192,192
798,798
403,405
232,234
216,216
513,513
253,255
175,177
665,666
238,240
629,630
765,765
135,135
734,735
728,729
666,666
345,345
186,186
384,384
896,897
550,552
628,630
300,300
329,330
639,639
607,609
644,645
166,168
355,357
785,786
681,681
685,687
123,123
560,561
166,168
901,903
648,648
956,957
780,780
901,903
915,915
688,690
721,723
431,432
411,411
892,894
305,306
251,252
963,963
116,117
838,840
175,177
892,894
172,174
912,912
759,759
853,855
466,468
407,408
124,126
497,498
731,732
552,552
413,414
169,171
813,813
906,906
209,210
28,30
217,219
795,795
542,543
112,114
346,348
608,609
608,609
754,756
160,162
439,441
605,606
840,840
94,96
289,291
380,381
398,399
66,66
851,852
686,687
318,318
894,894
414,414
430,432
427,429
623,624
136,138
522,522
558,558
242,243
592,594
483,483
229,231
820,822
355,357
18,18
114,114
713,714
436,438
934,936
498,498
574,576
923,924
788,789
663,663
217,219
438,438
843,843
381,381
211,213
962,963
36,36
870,870
58,60
507,507
34,36
159,159
415,417
579,579
805,807
276,276
117,117
360,360
793,795
990,990
912,912
835,837
834,834
70,72
504,504
587,588
485,486
648,648
721,723
784,786
948,948
940,942
366,366
901,903
57,57
584,585
937,939
638,639
462,462
698,699
671,672
331,333
729,729
924,924
206,207
282,282
411,411
905,906
758,759
100,102
323,324
460,462
71,72
437,438
326,327
788,789
474,474
973,975
438,438
952,954
381,381
181,183
334,336
354,354
748,750
157,159
562,564
867,867
514,516
503,504
129,129
757,759
618,618
816,816
365,366
885,885
362,363
462,462
91,93
449,450
825,825
348,348
586,588
121,123
389,390
675,675
762,762
372,372
775,777
416,417
825,825
664,666
409,411
614,615
166,168
602,603
357,357
638,639
690,690
775,777
467,468
106,108
160,162
717,717
150,150
327,327
17,18
185,186
25,27
869,870
199,201
2,3
592,594
45,45
582,582
987,987
832,834
715,717
27,27
286,288
127,129
120,120
230,231
730,732
246,246
700,702
225,225
397,399
374,375
901,903
491,492
653,654
695,696
999,999
594,594
809,810
426,426
528,528
491,492
521,522
132,132
584,585
712,714
235,237
443,444
220,222
492,492
392,393
349,351
914,915
614,615
974,975
242,243
200,201
496,498
181,183
321,321
574,576
14,15
405,405
521,522
598,600
702,702
215,216
990,990
542,543
350,351
176,177
682,684
359,360
729,729
705,705
152,153
439,441
835,837
285,285
438,438
862,864
375,375
603,603
621,621
574,576
220,222
301,303
71,72
356,357
735,735
178,180
392,393
95,96
970,972
757,759
366,366
846,846
441,441
952,954
978,978
138,138
83,84
351,351
646,648
875,876
513,513
543,543
432,432
702,702
116,117
437,438
564,564
837,837
76,78
480,480
882,882
703,705
540,540
20,21
12,12
396,396
793,795
201,201
5,6
113,114
914,915
466,468
701,702
867,867
485,486
853,855
679,681
797,798
839,840
4,6
774,774
421,423
551,552
922,924
864,864
122,123
258,258
419,420
726,726
989,990
114,114
192,192
235,237
305,306
472,474
381,381
908,909
732,732
238,240
987,987
469,471
409,411
405,405
697,699
815,816
676,678
799,801
665,666
647,648
637,639
496,498
587,588
359,360
252,252
27,27
833,834
649,651
305,306
493,495
63,63
416,417
672,672
620,621
710,711
736,738
90,90
98,99
423,423
3,3
964,966
591,591
768,768
397,399
778,780
242,243
986,987
568,570
587,588
712,714
479,480
933,933
350,351
140,141
38,39
317,318
601,603
952,954
454,456
2,3
67,69
739,741
936,936
801,801
673,675
695,696
245,246
377,378
437,438
738,738
23,24
660,660
764,765
136,138
109,111
78,78
100,102
423,423
377,378
501,501
822,822
530,531
148,150
113,114
174,174
959,960
523,525
725,726
989,990
289,291
160,162
400,402
886,888
763,765
547,549
66,66
395,396
300,300
678,678
185,186
116,117
39,39
173,174
503,504
941,942
972,972
302,303
724,726
276,276
935,936
333,333
330,330
423,423
176,177
630,630
100,102
129,129
332,333
825,825
59,60
980,981
85,87
210,210
821,822
219,219
998,999
719,720
93,93
170,171
523,525
296,297
983,984
511,513
368,369
287,288
724,726
517,519
869,870
957,957
135,135
891,891
723,723
868,870
930,930
141,141
213,213
886,888
20,21
102,102
329,330
624,624
185,186
14,15
585,585
775,777
189,189
944,945
596,597
515,516
605,606
848,849
173,174
989,990
968,969
627,627
300,300
165,165
688,690
704,705
366,366
900,900
877,879
346,348
853,855
513,513
184,186
289,291
294,294
457,459
733,735
169,171
587,588
405,405
585,585
509,510
260,261
281,282
66,66
373,375
565,567
184,186
346,348
148,150
881,882
680,681
366,366
652,654
800,801
256,258
298,300
333,333
607,609
394,396
48,48
61,63
846,846
981,981
960,960
634,636
631,633
939,939
324,324
97,99
602,603
530,531
266,267
572,573
398,399
660,660
457,459
114,114
656,657
108,108
632,633
93,93
128,129
550,552
473,474
574,576
40,42
130,132
76,78
370,372
108,108
977,978
55,57
867,867
258,258
905,906
558,558
82,84
765,765
21,21
640,642
983,984
911,912
87,87
619,621
125,126
177,177
909,909
732,732
506,507
656,657
711,711
869,870
932,933
435,435
350,351
106,108
205,207
461,462
428,429
633,633
890,891
555,555
285,285
1,3
529,531
819,819
444,444
155,156
621,621
539,540
94,96
492,492
916,918
295,297
79,81
25,27
426,426
86,87
22,24
20,21
153,153
531,531
965,966
214,216
68,69
323,324
107,108
444,444
900,900
903,903
183,183
659,660
790,792
662,663
270,270
489,489
252,252
268,270
960,960
900,900
942,942
563,564
144,144
973,975
846,846
294,294
563,564
830,831
478,480
461,462
674,675
320,321
162,162
946,948
407,408
892,894
128,129
966,966
928,930
274,276
475,477
813,813
485,486
646,648
925,927
355,357
112,114
893,894
606,606
259,261
833,834
576,576
532,534
71,72
760,762
448,450
414,414
107,108
631,633
788,789
442,444
543,543
758,759
597,597
599,600
657,657
664,666
321,321
336,336
402,402
350,351
854,855
130,132
287,288
672,672
310,312
659,660
487,489
214,216
82,84
187,189
900,900
332,333
984,984
261,261
776,777
863,864
992,993
220,222
986,987
97,99
31,33
888,888
100,102
387,387
881,882
881,882
551,552
403,405
693,693
475,477
413,414
439,441
465,465
933,933
198,198
187,189
412,414
895,897
979,981
158,159
994,996
120,120
158,159
716,717
619,621
150,150
106,108
812,813
934,936
445,447
561,561
391,393
969,969
453,453
441,441
426,426
238,240
545,546
147,147
480,480
320,321
253,255
952,954
284,285
675,675
346,348
889,891
802,804
949,951
623,624
317,318
965,966
956,957
875,876
297,297
343,345
23,24
518,519
67,69
39,39
844,846
448,450
736,738
918,918
981,981
405,405
940,942
727,729
713,714
967,969
147,147
29,30
860,861
121,123
410,411
682,684
484,486
494,495
540,540
714,714
820,822
409,411
525,525
669,669
895,897
584,585
327,327
922,924
174,174
387,387
923,924
348,348
785,786
526,528
720,720
949,951
935,936
314,315
870,870
631,633
615,615
247,249
414,414
790,792
377,378
893,894
621,621
815,816
6,6
702,702
383,384
81,81
1,3
847,849
654,654
995,996
359,360
33,33
510,510
30,30
9,9
122,123
97,99
822,822
548,549
66,66
734,735
466,468
9,9
566,567
242,243
239,240
561,561
767,768
453,453
53,54
476,477
402,402
825,825
113,114
935,936
606,606
956,957
505,507
639,639
114,114
658,660
498,498
834,834
97,99
911,912
177,177
660,660
923,924
499,501
776,777
891,891
807,807
733,735
495,495
787,789
361,363
594,594
707,708
75,75
836,837
814,816
256,258
306,306
529,531
576,576
511,513
667,669
63,63
217,219
366,366
787,789
759,759
603,603
830,831
468,468
341,342
262,264
896,897
810,810
7,9
19,21
301,303
244,246
879,879
250,252
549,549
58,60
171,171
684,684
446,447
972,972
957,957
688,690
832,834
149,150
328,330
421,423
797,798
846,846
865,867
865,867
305,306
311,312
974,975
678,678
818,819
786,786
585,585
980,981
998,999
626,627
728,729
981,981
644,645
725,726
464,465
478,480
586,588
905,906
549,549
198,198
219,219
586,588
503,504
377,378
336,336
821,822
42,42
723,723
658,660
417,417
271,273
795,795
15,15
715,717
25,27
781,783
11,12
167,168
1,3
648,648
472,474
692,693
471,471
1000,1002
401,402
338,339
349,351
717,717
998,999
275,276
688,690
843,843
488,489
519,519
927,927
601,603
316,318
4,6
956,957
323,324
863,864
953,954
89,90
995,996
988,990
61,63
622,624
656,657
849,849
516,516
475,477
867,867
119,120
990,990
756,756
306,306
346,348
789,789
956,957
323,324
515,516
788,789
364,366
349,351
980,981
576,576
733,735
408,408
310,312
388,390
666,666
746,747
482,483
601,603
23,24
819,819
573,573
155,156
105,105
913,915
518,519
526,528
13,15
273,273
1000,1002
653,654
849,849
753,753
65,66
457,459
634,636
220,222
614,615
143,144
590,591
134,135
716,717
203,204
70,72
774,774
715,717
737,738
323,324
548,549
252,252
154,156
882,882
972,972
239,240
858,858
952,954
707,708
16,18
354,354
647,648
652,654
829,831
804,804
388,390
751,753
861,861
811,813
815,816
671,672
951,951
693,693
905,906
619,621
697,699
239,240
244,246
303,303
419,420
443,444
696,696
683,684
906,906
210,210
153,153
164,165
444,444
466,468
803,804
623,624
356,357
873,873
337,339
466,468
344,345
282,282
590,591
131,132
641,642
916,918
334,336
678,678
567,567
94,96
585,585
622,624
843,843
938,939
954,954
899,900
467,468
230,231
533,534
463,465
417,417
801,801
200,201
582,582
774,774
521,522
375,375
817,819
471,471
937,939
765,765
631,633
636,636
341,342
769,771
859,861
558,558
633,633
874,876
10,12
540,540
365,366
899,900
747,747
75,75
222,222
398,399
280,282
256,258
676,678
541,543
954,954
865,867
779,780
42,42
415,417
382,384
180,180
393,393
107,108
994,996
119,120
920,921
168,168
125,126
241,243
288,288
820,822
252,252
607,609
621,621
592,594
834,834
289,291
184,186
419,420
412,414
944,945
124,126
448,450
893,894
341,342
938,939
556,558
491,492
226,228
636,636
8,9
325,327
271,273
165,165
148,150
739,741
312,312
230,231
213,213
246,246
265,267
913,915
349,351
61,63
779,780
108,108
304,306
836,837
782,783
488,489
883,885
761,762
323,324
794,795
648,648
201,201
282,282
412,414
429,429
438,438
201,201
538,540
243,243
110,111
828,828
812,813
833,834
199,201
99,99
756,756
298,300
884,885
957,957
712,714
135,135
214,216
573,573
712,714
702,702
819,819
440,441
153,153
399,399
800,801
516,516
697,699
966,966
213,213
891,891
366,366
577,579
796,798
300,300
241,243
884,885
375,375
788,789
937,939
958,960
684,684
739,741
138,138
886,888
853,855
257,258
567,567
451,453
648,648
709,711
246,246
4,6
176,177
817,819
873,873
647,648
328,330
11,12
814,816
234,234
110,111
247,249
956,957
684,684
931,933
172,174
602,603
440,441
969,969
791,792
494,495
827,828
594,594
938,939
186,186
918,918
983,984
841,843
458,459
425,426
546,546
895,897
707,708
6,6
607,609
14,15
49,51
863,864
510,510
469,471
534,534
28,30
593,594
335,336
54,54
550,552
606,606
195,195
96,96
657,657
530,531
625,627
982,984
803,804
216,216
903,903
103,105
402,402
110,111
976,978
865,867
186,186
539,540
823,825
139,141
330,330
3,3
479,480
309,309
690,690
939,939
897,897
905,906
50,51
696,696
655,657
217,219
827,828
567,567
145,147
361,363
1,3
83,84
846,846
672,672
414,414
965,966
817,819
748,750
959,960
273,273
920,921
548,549
859,861
968,969
702,702
122,123
544,546
133,135
248,249
258,258
581,582
860,861
900,900
20,21
168,168
785,786
597,597
233,234
225,225
806,807
986,987
157,159
488,489
626,627
541,543
410,411
902,903
577,579
70,72
235,237
649,651
922,924
984,984
296,297
571,573
658,660
217,219
537,537
117,117
562,564
178,180
461,462
454,456
530,531
790,792
435,435
145,147
491,492
756,756
750,750
451,453
342,342
403,405
525,525
587,588
182,183
301,303
889,891
919,921
993,993
659,660
548,549
671,672
806,807
643,645
599,600
240,240
739,741
743,744
499,501
991,993
349,351
696,696
401,402
375,375
721,723
593,594
533,534
61,63
544,546
18,18
862,864
102,102
826,828
305,306
341,342
701,702
945,945
681,681
943,945
179,180
129,129
445,447
806,807
505,507
809,810
367,369
438,438
112,114
456,456
909,909
312,312
453,453
369,369
243,243
864,864
756,756
60,60
857,858
764,765
282,282
40,42
648,648
89,90
26,27
635,636
18,18
734,735
964,966
943,945
950,951
791,792
337,339
717,717
858,858
234,234
322,324
308,309
124,126
781,783
188,189
671,672
245,246
933,933
384,384
30,30
823,825
774,774
518,519
907,909
386,387
265,267
364,366
955,957
765,765
885,885
574,576
153,153
629,630
790,792
429,429
488,489
930,930
395,396
982,984
867,867
493,495
777,777
945,945
127,129
220,222
910,912
18,18
172,174
675,675
901,903
142,144
293,294
898,900
823,825
734,735
929,930
640,642
779,780
969,969
35,36
181,183
678,678
363,363
649,651
512,513
926,927
903,903
314,315
149,150
495,495
690,690
785,786
264,264
342,342
811,813
211,213
189,189
580,582
952,954
760,762
395,396
650,651
539,540
697,699
517,519
340,342
64,66
764,765
448,450
315,315
521,522
91,93
25,27
564,564
467,468
194,195
817,819
690,690
74,75
720,720
984,984
147,147
60,60
381,381
511,513
468,468
358,360
719,720
63,63
687,687
455,456
240,240
307,309
263,264
94,96
932,933
217,219
467,468
469,471
674,675
494,495
504,504
770,771
406,408
417,417
298,300
79,81
138,138
979,981
818,819
478,480
742,744
977,978
134,135
510,510
558,558
766,768
115,117
376,378
40,42
452,453
961,963
914,915
967,969
523,525
468,468
875,876
140,141
798,798
547,549
652,654
989,990
49,51
224,225
58,60
347,348
939,939
18,18
382,384
459,459
991,993
521,522
46,48
50,51
589,591
161,162
127,129
458,459
224,225
173,174
19,21
821,822
986,987
349,351
650,651
34,36
791,792
206,207
122,123
630,630
567,567
675,675
126,126
105,105
999,999
195,195
301,303
737,738
596,597
532,534
900,900
77,78
540,540
189,189
127,129
327,327
866,867
236,237
829,831
808,810
176,177
441,441
263,264
948,948
230,231
859,861
962,963
614,615
156,156
74,75
476,477
632,633
439,441
271,273
586,588
157,159
237,237
961,963
319,321
466,468
854,855
677,678
856,858
802,804
244,246
258,258
295,297
809,810
151,153
670,672
757,759
248,249
58,60
410,411
876,876
343,345
133,135
500,501
854,855
17,18
159,159
334,336
260,261
795,795
882,882
302,303
137,138
117,117
83,84
696,696
272,273
734,735
341,342
181,183
855,855
912,912
656,657
491,492
85,87
974,975
96,96
60,60
334,336
44,45
824,825
488,489
752,753
622,624
809,810
858,858
998,999
10,12
509,510
380,381
626,627
329,330
193,195
48,48
865,867
910,912
467,468
490,492
490,492
998,999
201,201
78,78
998,999
319,321
713,714
659,660
315,315
563,564
774,774
929,930
767,768
989,990
179,180
553,555
389,390
604,606
242,243
584,585
488,489
181,183
774,774
572,573
975,975
70,72
24,24
700,702
807,807
277,279
342,342
941,942
22,24
285,285
417,417
128,129
752,753
244,246
808,810
34,36
578,579
412,414
810,810
397,399
914,915
397,399
158,159
204,204
376,378
585,585
947,948
529,531
90,90
493,495
108,108
167,168
762,762
684,684
153,153
384,384
255,255
13,15
579,579
912,912
543,543
445,447
623,624
618,618
17,18
504,504
649,651
638,639
112,114
367,369
860,861
701,702
538,540
163,165
520,522
745,747
550,552
829,831
154,156
511,513
130,132
40,42
257,258
518,519
860,861
865,867
872,873
734,735
298,300
576,576
429,429
828,828
681,681
248,249
85,87
639,639
482,483
106,108
481,483
191,192
989,990
233,234
220,222
526,528
150,150
560,561
163,165
380,381
357,357
27,27
324,324
868,870
945,945
140,141
735,735
982,984
345,345
295,297
615,615
624,624
461,462
872,873
371,372
1000,1002
577,579
975,975
347,348
487,489
892,894
86,87
920,921
314,315
788,789
18,18
634,636
976,978
492,492
941,942
174,174
318,318
559,561
250,252
157,159
364,366
564,564
277,279
518,519
997,999
479,480
412,414
99,99
451,453
670,672
947,948
992,993
252,252
117,117
353,354
227,228
888,888
306,306
844,846
130,132
448,450
87,87
746,747
612,612
722,723
243,243
380,381
559,561
400,402
304,306
276,276
954,954
133,135
422,423
723,723
215,216
222,222
544,546
606,606
988,990
556,558
175,177
726,726
65,66
226,228
137,138
270,270
516,516
409,411
425,426
107,108
974,975
509,510
508,510
673,675
655,657
852,852
587,588
755,756
257,258
548,549
234,234
591,591
14,15
713,714
645,645
557,558
276,276
139,141
743,744
543,543
66,66
732,732
530,531
8,9
267,267
578,579
195,195
824,825
928,930
710,711
306,306
840,840
525,525
998,999
311,312
801,801
556,558
783,783
230,231
558,558
703,705
83,84
617,618
607,609
382,384
263,264
839,840
71,72
449,450
772,774
404,405
614,615
787,789
549,549
589,591
123,123
479,480
321,321
331,333
859,861
724,726
612,612
199,201
753,753
887,888
96,96
562,564
278,279
570,570
111,111
41,42
524,525
810,810
138,138
295,297
484,486
948,948
441,441
168,168
92,93
817,819
704,705
7,9
362,363
964,966
149,150
650,651
360,360
522,522
240,240
96,96
758,759
465,465
344,345
761,762
792,792
521,522
827,828
516,516
655,657
12,12
202,204
829,831
603,603
434,435
847,849
101,102
741,741
75,75
528,528
584,585
12,12
555,555
261,261
755,756
820,822
276,276
565,567
457,459
770,771
513,513
791,792
244,246
375,375
674,675
325,327
163,165
459,459
227,228
72,72
461,462
63,63
827,828
490,492
100,102
464,465
246,246
900,900
572,573
18,18
578,579
162,162
289,291
261,261
437,438
32,33
19,21
287,288
140,141
730,732
960,960
276,276
427,429
235,237
51,51
314,315
713,714
727,729
664,666
758,759
181,183
38,39
6,6
790,792
260,261
206,207
601,603
790,792
704,705
726,726
306,306
252,252
157,159
455,456
163,165
508,510
6,6
622,624
483,483
886,888
56,57
954,954
454,456
142,144
690,690
483,483
415,417
537,537
56,57
38,39
868,870
808,810
417,417
638,639
648,648
494,495
141,141
305,306
761,762
77,78
214,216
534,534
210,210
765,765
554,555
298,300
598,600
638,639
736,738
459,459
10,12
657,657
358,360
50,51
92,93
939,939
256,258
695,696
409,411
935,936
166,168
975,975
909,909
732,732
318,318
591,591
68,69
463,465
558,558
511,513
184,186
533,534
415,417
701,702
971,972
179,180
40,42
33,33
127,129
613,615
458,459
224,225
732,732
656,657
565,567
433,435
395,396
737,738
883,885
329,330
157,159
721,723
925,927
384,384
270,270
401,402
892,894
45,45
964,966
520,522
740,741
497,498
465,465
293,294
192,192
440,441
617,618
589,591
230,231
430,432
375,375
948,948
575,576
201,201
1,3
658,660
572,573
659,660
192,192
988,990
331,333
666,666
894,894
172,174
608,609
747,747
524,525
987,987
78,78
322,324
541,543
332,333
55,57
193,195
189,189
754,756
181,183
285,285
750,750
533,534
525,525
577,579
744,744
449,450
397,399
647,648
628,630
878,879
827,828
34,36
239,240
228,228
752,753
3,3
820,822
565,567
491,492
281,282
692,693
730,732
612,612
575,576
451,453
270,270
850,852
616,618
708,708
117,117
564,564
93,93
268,270
560,561
718,720
686,687
577,579
707,708
827,828
715,717
727,729
352,354
900,900
508,510
620,621
277,279
484,486
128,129
603,603
148,150
161,162
804,804
594,594
412,414
350,351
463,465
512,513
510,510
32,33
720,720
397,399
59,60
769,771
749,750
934,936
581,582
258,258
319,321
713,714
272,273
126,126
781,783
973,975
397,399
956,957
500,501
671,672
263,264
298,300
58,60
580,582
441,441
921,921
929,930
792,792
239,240
502,504
991,993
586,588
850,852
231,231
962,963
961,963
632,633
609,609
264,264
413,414
52,54
232,234
24,24
335,336
671,672
838,840
204,204
400,402
653,654
111,111
692,693
752,753
919,921
954,954
88,90
250,252
772,774
95,96
576,576
481,483
1,3
272,273
103,105
595,597
145,147
215,216
259,261
718,720
138,138
180,180
168,168
839,840
293,294
250,252
200,201
907,909
790,792
330,330
156,156
107,108
381,381
489,489
66,66
835,837
295,297
83,84
78,78
10,12
723,723
379,381
261,261
698,699
971,972
894,894
584,585
386,387
293,294
283,285
969,969
351,351
964,966
345,345
66,66
68,69
361,363
417,417
497,498
530,531
976,978
975,975
178,180
322,324
801,801
229,231
748,750
317,318
339,339
989,990
757,759
330,330
185,186
383,384
923,924
801,801
246,246
627,627
199,201
177,177
222,222
358,360
247,249
565,567
963,963
35,36
157,159
524,525
562,564
798,798
296,297
15,15
166,168
250,252
178,180
808,810
940,942
197,198
856,858
86,87
612,612
360,360
447,447
301,303
408,408
170,171
873,873
490,492
608,609
155,156
446,447
808,810
303,303
181,183
67,69
344,345
557,558
468,468
592,594
707,708
832,834
940,942
222,222
876,876
5,6
383,384
588,588
339,339
930,930
496,498
553,555
368,369
836,837
292,294
769,771
767,768
964,966
427,429
473,474
515,516
295,297
262,264
363,363
218,219
987,987
985,987
63,63
600,600
366,366
306,306
241,243
916,918
402,402
887,888
523,525
23,24
393,393
983,984
909,909
734,735
640,642
135,135
725,726
492,492
532,534
358,360
649,651
638,639
976,978
772,774
182,183
420,420
873,873
249,249
836,837
745,747
591,591
599,600
422,423
413,414
798,798
980,981
55,57
631,633
773,774
698,699
912,912
355,357
258,258
952,954
155,156
181,183
438,438
178,180
377,378
693,693
772,774
695,696
53,54
362,363
784,786
969,969
495,495
145,147
903,903
567,567
687,687
388,390
382,384
203,204
487,489
262,264
877,879
824,825
69,69
70,72
969,969
212,213
157,159
713,714
870,870
550,552
93,93
357,357
930,930
593,594
914,915
80,81
15,15
636,636
316,318
925,927
861,861
290,291
915,915
510,510
589,591
270,270
436,438
933,933
528,528
532,534
537,537
58,60
725,726
346,348
267,267
664,666
961,963
56,57
112,114
351,351
240,240
363,363
258,258
605,606
373,375
750,750
820,822
85,87
439,441
952,954
940,942
475,477
488,489
16,18
431,432
777,777
221,222
118,120
752,753
833,834
321,321
764,765
151,153
215,216
561,561
56,57
248,249
923,924
198,198
564,564
615,615
667,669
650,651
56,57
630,630
817,819
910,912
645,645
217,219
618,618
591,591
729,729
276,276
277,279
656,657
988,990
11,12
344,345
780,780
616,618
198,198
811,813
470,471
583,585
317,318
669,669
269,270
141,141
183,183
818,819
84,84
602,603
962,963
273,273
605,606
583,585
1000,1002
756,756
661,663
210,210
739,741
739,741
864,864
754,756
589,591
792,792
94,96
37,39
579,579
956,957
109,111
399,399
787,789
241,243
148,150
643,645
681,681
212,213
563,564
591,591
912,912
774,774
908,909
347,348
23,24
536,537
589,591
630,630
645,645
485,486
316,318
951,951
317,318
523,525
344,345
197,198
86,87
470,471
588,588
641,642
462,462
405,405
548,549
203,204
607,609
967,969
68,69
497,498
149,150
646,648
142,144
337,339
666,666
698,699
810,810
862,864
332,333
733,735
496,498
582,582
990,990
331,333
864,864
609,609
987,987
208,210
34,36
40,42
882,882
480,480
115,117
222,222
808,810
381,381
293,294
995,996
382,384
433,435
480,480
235,237
256,258
630,630
934,936
721,723
854,855
533,534
672,672
613,615
24,24
111,111
603,603
106,108
624,624
371,372
927,927
36,36
77,78
353,354
207,207
412,414
714,714
176,177
81,81
377,378
796,798
255,255
693,693
984,984
403,405
371,372
291,291
502,504
318,318
257,258
906,906
585,585
681,681
180,180
29,30
360,360
899,900
795,795
229,231
448,450
980,981
843,843
310,312
23,24
345,345
510,510
648,648
479,480
137,138
128,129
907,909
157,159
319,321
664,666
598,600
303,303
267,267
27,27
272,273
934,936
643,645
669,669
885,885
564,564
311,312
993,993
944,945
566,567
695,696
442,444
719,720
104,105
568,570
344,345
311,312
392,393
395,396
475,477
944,945
542,543
70,72
241,243
30,30
715,717
88,90
144,144
790,792
191,192
443,444
424,426
412,414
475,477
133,135
20,21
260,261
300,300
386,387
201,201
801,801
437,438
33,33
716,717
258,258
236,237
898,900
313,315
760,762
562,564
771,771
765,765
809,810
80,81
166,168
831,831
507,507
594,594
99,99
842,843
962,963
167,168
813,813
528,528
455,456
340,342
458,459
288,288
1,3
883,885
572,573
851,852
544,546
525,525
593,594
138,138
955,957
935,936
197,198
103,105
733,735
828,828
384,384
428,429
50,51
41,42
11,12
748,750
84,84
1,3
510,510
26,27
369,369
112,114
568,570
139,141
201,201
981,981
41,42
276,276
739,741
340,342
662,663
208,210
886,888
326,327
52,54
282,282
469,471
912,912
588,588
947,948
118,120
970,972
605,606
580,582
966,966
326,327
72,72
624,624
91,93
365,366
393,393
552,552
126,126
595,597
169,171
849,849
987,987
974,975
170,171
722,723
348,348
479,480
519,519
993,993
24,24
117,117
371,372
602,603
146,147
664,666
150,150
440,441
351,351
191,192
394,396
599,600
165,165
3,3
840,840
36,36
221,222
835,837
179,180
376,378
807,807
44,45
225,225
141,141
52,54
574,576
669,669
807,807
702,702
511,513
36,36
730,732
72,72
140,141
547,549
603,603
87,87
55,57
662,663
987,987
807,807
486,486
332,333
443,444
728,729
219,219
699,699
740,741
76,78
70,72
912,912
655,657
626,627
431,432
967,969
282,282
965,966
184,186
311,312
950,951
553,555
451,453
460,462
595,597
896,897
612,612
104,105
783,783
355,357
470,471
668,669
183,183
661,663
579,579
552,552
946,948
970,972
690,690
51,51
390,390
268,270
595,597
414,414
622,624
737,738
154,156
283,285
197,198
728,729
174,174
953,954
39,39
388,390
363,363
287,288
627,627
974,975
728,729
744,744
313,315
504,504
870,870
144,144
343,345
919,921
147,147
939,939
282,282
969,969
704,705
886,888
88,90
349,351
254,255
850,852
858,858
301,303
674,675
256,258
635,636
376,378
376,378
367,369
902,903
978,978
591,591
186,186
320,321
67,69
128,129
385,387
324,324
46,48
186,186
994,996
197,198
522,522
176,177
654,654
830,831
313,315
5,6
682,684
627,627
420,420
417,417
433,435
990,990
55,57
433,435
674,675
554,555
328,330
725,726
991,993
112,114
780,780
185,186
458,459
824,825
479,480
553,555
90,90
480,480
479,480
50,51
924,924
82,84
558,558
137,138
966,966
17,18
377,378
260,261
290,291
713,714
972,972
983,984
209,210
258,258
964,966
446,447
981,981
841,843
264,264
533,534
326,327
921,921
96,96
216,216
62,63
290,291
528,528
418,420
949,951
357,357
145,147
469,471
699,699
602,603
705,705
184,186
385,387
582,582
982,984
405,405
597,597
708,708
820,822
38,39
670,672
495,495
704,705
641,642
674,675
930,930
657,657
220,222
441,441
612,612
604,606
471,471
110,111
331,333
312,312
241,243
713,714
379,381
928,930
461,462
469,471
497,498
84,84
115,117
61,63
408,408
264,264
406,408
617,618
523,525
498,498
801,801
835,837
641,642
904,906
257,258
844,846
468,468
479,480
655,657
27,27
681,681
277,279
585,585
990,990
33,33
32,33
203,204
67,69
984,984
915,915
384,384
200,201
893,894
951,951
158,159
59,60
960,960
26,27
639,639
954,954
358,360
8,9
807,807
245,246
944,945
72,72
249,249
497,498
471,471
203,204
502,504
758,759
955,957
6,6
764,765
925,927
38,39
600,600
187,189
854,855
828,828
432,432
437,438
860,861
487,489
786,786
268,270
544,546
260,261
535,537
329,330
139,141
43,45
70,72
82,84
483,483
679,681
571,573
284,285
217,219
132,132
921,921
124,126
154,156
600,600
583,585
911,912
389,390
135,135
693,693
389,390
343,345
516,516
237,237
978,978
186,186
980,981
844,846
704,705
275,276
526,528
704,705
493,495
243,243
553,555
632,633
827,828
919,921
212,213
533,534
142,144
711,711
168,168
177,177
341,342
790,792
466,468
537,537
882,882
816,816
959,960
737,738
642,642
482,483
355,357
252,252
734,735
990,990
950,951
147,147
397,399
696,696
296,297
588,588
826,828
185,186
227,228
267,267
787,789
133,135
643,645
868,870
462,462
188,189
211,213
192,192
419,420
145,147
80,81
619,621
986,987
402,402
695,696
301,303
33,33
986,987
697,699
440,441
291,291
357,357
472,474
243,243
362,363
584,585
753,753
294,294
212,213
71,72
652,654
542,543
875,876
509,510
677,678
671,672
780,780
618,618
825,825
431,432
130,132
157,159
588,588
551,552
518,519
538,540
354,354
240,240
795,795
880,882
35,36
95,96
30,30
803,804
953,954
941,942
756,756
78,78
197,198
876,876
846,846
712,714
891,891
201,201
274,276
807,807
783,783
816,816
882,882
772,774
567,567
936,936
876,876
270946
860565
302669
217529
42916
122637
464736
284477
312722
196011
152470
69579
121723
143885
44748
61638
58739
39107
11846
11369
42770
27944
3278
31335
1645
9251
13845
8328
9027
20821
8631
5330
11466
986
4633
673
3378
4124
5881
644
3564
2256
1906
848
1507
40
1261
1272
471
208
608
71
408
477
371
426
56
290
92
35
65
28
98
207
58
200
4
167
3
107
96
33
52
53
8
22
13
18
6
18
19
8
8
4
0
3
3
5
3
2
4
0
2
0
4
1
1
0
1
0
2
1
1
0
0
1
0
0
1
0
0
0
0
0
0
0
0
0
0
0
0
0
0
0
0
0
0
0
0
0
0
0
0
0
0
0
0
0
0
0
0
0
0
0
0
0
0
0
0
0
0
0
0
0
0
0
0
0
0
0
0
0
0
0
0
0
0
0
0
0
0
0
0
0
0
0
0
0
0
0
0
0
0
0
0
0
0
0
0
0
0
0
0
0
0
0
0
0
0
0
0
0
0
0
0
0
0
0
0
0
0
0
0
0
0
0
0
0
0
0
0
0
0
0
0
0
0
0
0
0
0
0
0
0
0
0
0
0
0
0
0
0
0
0
0
0
0
0
0
0
0
0
0
0
0
0
0
0
0
0
0
0
0
0
0
0
0
0
0
0
0
0
0
0
0
0
0
0
0
0
0
0
0
0
0
0
0
0
0
0
0
0
0
0
0
0
0
0
0
0
0
0
0
0
0
0
0
0
0
0
0
0
0
0
0
0
0
0
0
0
0
0
0
0
0
0
0
0
0
0
0
0
0
0
0
0
0
0
0
0
0
0
0
0
0
0
0
0
0
0
0
0
0
0
0
0
0
0
0
0
0
0
0
0
0
0
0
0
0
0
0
0
0
0
0
0
0
0
0
0
0
0
0
0
0
0
0
0
0
0
0
0
0
0
0
0
0
0
0
0
0
0
0
0
0
0
0
0
0
0
0
0
0
0
0
0
0
0
0
0
0
0
0
0
0
0
0
0
0
0
0
0
0
0
0
0
0
0
0
0
0
0
0
0
0
0
0
0
0
0
0
0
0
0
0
0
0
0
0
0
0
0
0
0
0
0
0
0
0
0
0
0
0
0
0
0
0
0
0
0
0
0
0
0
0
0
0
0
0
0
0
0
0
0
0
0
0
0
0
0
0
0
0
0
0
0
0
0
0
0
0
0
0
0
0
0
0
0
0
0
0
0
0
0
0
0
0
0
0
0
0
0
0
0
0
0
0
0
0
0
0
0
0
0
0
0
0
0
0
0
0
0
0
0
0
0
0
0
0
0
0
0
0
0
0
0
0
0
0
0
0
0
0
0
0
0
0
0
0
0
0
0
0
0
0
0
0
0
0
0
0
0
0
0
0
0
0
0
0
0
0
0
0
0
0
0
0
0
0
0
0
0
0
0
0
0
0
0
0
0
0
0
0
0
0
0
0
0
0
0
0
0
0
0
0
0
0
0
0
0
0
0
0
0
0
0
0
0
0
0
0
0
0
0
0
0
0
0
0
0
0
0
0
0
0
0
0
0
0
0
0
0
0
0
0
0
0
0
0
0
0
0
0
0
0
0
0
0
0
0
0
0
0
0
0
0
0
0
0
0
0
0
0
0
0
0
0
0
0
0
0
0
0
0
0
0
0
0
0
0
0
0
0
0
0
0
0
0
0
0
0
0
0
0
0
0
0
0
0
0
0
0
0
0
0
0
0
0
0
0
0
0
0
0
0
0
0
0
0
0
0
0
0
0
0
0
0
0
0
0
0
0
0
0
0
0
0
0
0
0
0
0
0
0
0
0
0
0
0
0
0
0
0
0
0
0
0
0
0
0
