212,213
373,375
86,87
958,960
929,930
777,777
322,324
627,627
164,165
269,270
874,876
449,450
708,708
91,93
672,672
248,249
262,264
383,384
249,249
892,894
143,144
793,795
883,885
778,780
665,666
362,363
212,213
860,861
22,24
863,864
566,567
205,207
357,357
810,810
553,555
330,330
593,594
172,174
41,42
818,819
80,81
809,810
990,990
626,627
898,900
209,210
363,363
117,117
504,504
539,540
551,552
151,153
761,762
545,546
514,516
582,582
562,564
838,840
870,870
244,246
361,363
686,687
931,933
589,591
495,495
250,252
410,411
376,378
446,447
811,813
603,603
788,789
381,381
345,345
37,39
933,933
869,870
245,246
309,309
554,555
646,648
142,144
192,192
491,492
76,78
118,120
143,144
279,279
192,192
55,57
553,555
852,852
859,861
330,330
450,450
477,477
939,939
361,363
486,486
487,489
521,522
667,669
396,396
333,333
240,240
114,114
435,435
177,177
484,486
25,27
728,729
345,345
241,243
669,669
877,879
515,516
820,822
374,375
802,804
518,519
950,951
929,930
755,756
950,951
73,75
94,96
686,687
126,126
961,963
940,942
22,24
294,294
823,825
82,84
836,837
279,279
576,576
242,243
578,579
15,15
713,714
633,633
665,666
581,582
4,6
190,192
213,213
803,804
162,162
250,252
802,804
969,969
544,546
18,18
329,330
280,282
274,276
879,879
86,87
640,642
803,804
224,225
991,993
314,315
497,498
755,756
387,387
285,285
354,354
437,438
429,429
187,189
877,879
146,147
683,684
585,585
978,978
799,801
649,651
299,300
983,984
492,492
613,615
587,588
359,360
49,51
77,78
444,444
12,12
92,93
333,333
186,186
383,384
164,165
647,648
434,435
422,423
829,831
604,606
351,351
738,738
166,168
745,747
709,711
791,792
126,126
741,741
349,351
432,432
422,423
95,96
51,51
207,207
527,528
131,132
257,258
285,285
399,399
960,960
690,690
347,348
139,141
12,12
654,654
192,192
256,258
968,969
980,981
85,87
671,672
421,423
531,531
984,984
994,996
658,660
583,585
361,363
959,960
652,654
197,198
603,603
461,462
343,345
118,120
270,270
357,357
818,819
562,564
270,270
370,372
583,585
536,537
954,954
965,966
917,918
387,387
818,819
726,726
468,468
149,150
108,108
720,720
729,729
920,921
24,24
173,174
658,660
558,558
324,324
744,744
607,609
700,702
427,429
229,231
427,429
165,165
767,768
316,318
781,783
662,663
642,642
514,516
746,747
820,822
385,387
750,750
175,177
798,798
548,549
997,999
364,366
208,210
294,294
162,162
941,942
364,366
990,990
823,825
523,525
773,774
920,921
913,915
352,354
484,486
993,993
646,648
887,888
559,561
352,354
380,381
393,393
136,138
772,774
45,45
950,951
476,477
113,114
780,780
58,60
133,135
445,447
601,603
461,462
33,33
9,9
332,333
881,882
941,942
313,315
427,429
252,252
697,699
933,933
57,57
193,195
155,156
805,807
143,144
339,339
729,729
574,576
80,81
81,81
381,381
931,933
269,270
720,720
271,273
651,651
816,816
485,486
210,210
785,786
873,873
665,666
505,507
335,336
399,399
804,804
428,429
257,258
769,771
877,879
525,525
192,192
670,672
510,510
495,495
19,21
318,318
756,756
313,315
107,108
335,336
695,696
988,990
12,12
979,981
573,573
653,654
163,165
720,720
513,513
876,876
346,348
347,348
476,477
110,111
991,993
143,144
188,189
316,318
248,249
786,786
597,597
705,705
923,924
343,345
999,999
688,690
282,282
170,171
870,870
251,252
368,369
186,186
329,330
658,660
298,300
141,141
875,876
853,855
350,351
834,834
265,267
523,525
525,525
355,357
296,297
774,774
404,405
744,744
561,561
198,198
173,174
556,558
607,609
941,942
101,102
376,378
361,363
259,261
519,519
457,459
202,204
650,651
811,813
175,177
988,990
971,972
347,348
951,951
722,723
293,294
274,276
153,153
626,627
762,762
465,465
274,276
374,375
901,903
537,537
820,822
441,441
927,927
924,924
821,822
315,315
800,801
207,207
344,345
604,606
330,330
352,354
243,243
795,795
455,456
920,921
387,387
843,843
58,60
261,261
476,477
853,855
957,957
542,543
521,522
592,594
774,774
76,78
538,540
148,150
188,189
370,372
586,588
530,531
233,234
916,918
668,669
930,930
216,216
445,447
391,393
462,462
939,939
16,18
492,492
839,840
306,306
411,411
479,480
90,90
760,762
668,669
272,273
853,855
112,114
174,174
403,405
641,642
511,513
863,864
320,321
155,156
860,861
58,60
628,630
754,756
102,102
605,606
682,684
313,315
723,723
762,762
794,795
483,483
933,933
229,231
809,810
446,447
497,498
335,336
676,678
402,402
674,675
900,900
254,255
89,90
328,330
837,837
433,435
703,705
96,96
581,582
229,231
147,147
517,519
465,465
199,201
752,753
686,687
463,465
224,225
517,519
373,375
81,81
837,837
824,825
999,999
408,408
154,156
276,276
374,375
412,414
240,240
916,918
951,951
847,849
425,426
779,780
867,867
206,207
655,657
502,504
757,759
707,708
470,471
42,42
67,69
954,954
85,87
588,588
169,171
455,456
425,426
872,873
905,906
645,645
84,84
671,672
816,816
373,375
728,729
664,666
299,300
390,390
189,189
460,462
591,591
677,678
715,717
795,795
592,594
819,819
413,414
596,597
405,405
879,879
890,891
452,453
620,621
506,507
247,249
707,708
245,246
2,3
805,807
718,720
779,780
361,363
674,675
63,63
99,99
944,945
34,36
116,117
807,807
298,300
569,570
528,528
821,822
789,789
469,471
980,981
899,900
387,387
758,759
226,228
218,219
656,657
572,573
999,999
349,351
836,837
500,501
153,153
126,126
797,798
1,3
604,606
471,471
862,864
526,528
836,837
369,369
767,768
249,249
498,498
589,591
7,9
856,858
724,726
749,750
505,507
117,117
381,381
958,960
391,393
206,207
931,933
846,846
289,291
44,45
897,897
667,669
414,414
970,972
325,327
62,63
3,3
334,336
425,426
96,96
98,99
659,660
740,741
910,912
16,18
69,69
197,198
372,372
892,894
898,900
23,24
104,105
252,252
725,726
760,762
466,468
271,273
902,903
205,207
651,651
619,621
5,6
295,297
722,723
316,318
558,558
860,861
228,228
437,438
782,783
128,129
205,207
318,318
354,354
850,852
867,867
782,783
342,342
140,141
546,546
626,627
691,693
689,690
391,393
207,207
678,678
123,123
388,390
894,894
244,246
470,471
564,564
621,621
726,726
537,537
970,972
888,888
755,756
18,18
770,771
652,654
190,192
490,492
565,567
941,942
207,207
453,453
947,948
963,963
640,642
693,693
661,663
437,438
172,174
554,555
73,75
251,252
596,597
948,948
204,204
95,96
883,885
31,33
264,264
514,516
358,360
157,159
336,336
61,63
797,798
763,765
443,444
549,549
449,450
459,459
729,729
258,258
209,210
987,987
970,972
310,312
863,864
970,972
137,138
352,354
670,672
214,216
465,465
502,504
34,36
478,480
676,678
814,816
95,96
331,333
218,219
448,450
227,228
242,243
868,870
678,678
939,939
378,378
139,141
191,192
997,999
962,963
879,879
454,456
578,579
134,135
135,135
869,870
676,678
632,633
706,708
43,45
948,948
455,456
37,39
436,438
423,423
913,915
864,864
864,864
93,93
490,492
15,15
254,255
728,729
133,135
361,363
45,45
832,834
770,771
252,252
944,945
504,504
360,360
139,141
826,828
857,858
851,852
105,105
570,570
50,51
939,939
663,663
775,777
124,126
999,999
858,858
890,891
390,390
313,315
178,180
870,870
914,915
471,471
841,843
893,894
841,843
877,879
123,123
19,21
470,471
109,111
835,837
116,117
334,336
272,273
118,120
687,687
778,780
465,465
375,375
633,633
306,306
407,408
571,573
287,288
286,288
908,909
700,702
759,759
747,747
977,978
455,456
529,531
888,888
471,471
963,963
96,96
308,309
594,594
410,411
321,321
590,591
932,933
518,519
644,645
664,666
593,594
900,900
163,165
739,741
594,594
570,570
215,216
543,543
130,132
351,351
81,81
229,231
635,636
276,276
171,171
98,99
477,477
69,69
603,603
272,273
11,12
632,633
321,321
579,579
634,636
858,858
920,921
887,888
796,798
37,39
528,528
756,756
165,165
666,666
367,369
583,585
361,363
87,87
988,990
628,630
124,126
470,471
747,747
495,495
703,705
255,255
331,333
74,75
957,957
75,75
912,912
934,936
868,870
525,525
134,135
680,681
574,576
531,531
122,123
47,48
326,327
632,633
872,873
481,483
602,603
952,954
487,489
132,132
749,750
576,576
320,321
375,375
669,669
402,402
409,411
11,12
546,546
871,873
206,207
9,9
434,435
642,642
276,276
182,183
229,231
195,195
214,216
258,258
803,804
130,132
688,690
813,813
6,6
937,939
528,528
156,156
734,735
45,45
82,84
245,246
931,933
103,105
86,87
490,492
977,978
904,906
507,507
217,219
765,765
315,315
262,264
879,879
43,45
840,840
751,753
205,207
81,81
978,978
302,303
259,261
766,768
448,450
405,405
349,351
369,369
727,729
981,981
857,858
537,537
48,48
931,933
808,810
142,144
550,552
720,720
67,69
7,9
320,321
863,864
48,48
120,120
110,111
746,747
270,270
742,744
84,84
234,234
236,237
322,324
803,804
243,243
35,36
763,765
859,861
309,309
144,144
949,951
137,138
285,285
816,816
834,834
36,36
20,21
418,420
777,777
35,36
461,462
243,243
682,684
161,162
606,606
872,873
996,996
990,990
615,615
44,45
953,954
504,504
751,753
398,399
351,351
209,210
25,27
16,18
215,216
1,3
291,291
924,924
181,183
723,723
705,705
366,366
991,993
358,360
607,609
325,327
383,384
857,858
858,858
93,93
33,33
896,897
191,192
486,486
944,945
790,792
524,525
148,150
968,969
886,888
893,894
818,819
720,720
65,66
776,777
725,726
262,264
996,996
291,291
529,531
225,225
956,957
891,891
203,204
112,114
427,429
323,324
704,705
198,198
51,51
649,651
339,339
689,690
211,213
150,150
772,774
496,498
9,9
88,90
204,204
662,663
460,462
902,903
742,744
225,225
45,45
956,957
779,780
174,174
872,873
769,771
39,39
324,324
723,723
924,924
628,630
472,474
410,411
291,291
704,705
886,888
231,231
468,468
723,723
682,684
5,6
2,3
236,237
540,540
131,132
294,294
774,774
531,531
799,801
906,906
16,18
847,849
301,303
392,393
257,258
609,609
436,438
788,789
668,669
397,399
442,444
53,54
395,396
2,3
474,474
153,153
273,273
439,441
736,738
712,714
337,339
878,879
23,24
47,48
731,732
830,831
825,825
103,105
322,324
699,699
335,336
78,78
314,315
339,339
592,594
329,330
792,792
599,600
630,630
69,69
805,807
92,93
56,57
412,414
401,402
852,852
669,669
749,750
327,327
32,33
812,813
910,912
249,249
487,489
223,225
452,453
650,651
867,867
467,468
452,453
204,204
379,381
989,990
61,63
65,66
701,702
405,405
147,147
319,321
75,75
505,507
902,903
913,915
488,489
694,696
872,873
161,162
832,834
648,648
168,168
463,465
902,903
347,348
796,798
63,63
198,198
809,810
986,987
412,414
914,915
510,510
405,405
909,909
466,468
476,477
251,252
12,12
90,90
220,222
146,147
983,984
509,510
743,744
225,225
831,831
279,279
767,768
1,3
686,687
974,975
140,141
498,498
491,492
114,114
97,99
398,399
498,498
982,984
9,9
346,348
779,780
805,807
973,975
804,804
741,741
674,675
159,159
302,303
488,489
458,459
761,762
906,906
367,369
789,789
323,324
877,879
722,723
275,276
908,909
243,243
225,225
827,828
411,411
438,438
83,84
102,102
104,105
144,144
383,384
580,582
389,390
549,549
998,999
886,888
507,507
166,168
408,408
555,555
79,81
280,282
490,492
334,336
397,399
761,762
997,999
564,564
570,570
268,270
623,624
641,642
648,648
180,180
104,105
960,960
894,894
710,711
556,558
345,345
665,666
849,849
718,720
677,678
4,6
173,174
197,198
997,999
431,432
671,672
652,654
921,921
85,87
592,594
638,639
589,591
249,249
215,216
367,369
781,783
93,93
45,45
954,954
281,282
493,495
238,240
334,336
229,231
577,579
446,447
880,882
787,789
381,381
928,930
746,747
862,864
966,966
18,18
505,507
993,993
78,78
989,990
368,369
879,879
925,927
521,522
654,654
922,924
645,645
278,279
242,243
559,561
366,366
502,504
528,528
911,912
38,39
357,357
401,402
435,435
468,468
38,39
36,36
876,876
93,93
73,75
587,588
837,837
569,570
819,819
576,576
75,75
759,759
497,498
188,189
491,492
336,336
502,504
132,132
71,72
492,492
959,960
953,954
84,84
78,78
189,189
771,771
487,489
836,837
987,987
654,654
265,267
356,357
8,9
109,111
120,120
417,417
702,702
330,330
271,273
735,735
560,561
787,789
878,879
639,639
831,831
365,366
924,924
223,225
739,741
623,624
466,468
332,333
576,576
588,588
460,462
249,249
845,846
156,156
918,918
945,945
159,159
726,726
791,792
738,738
464,465
895,897
689,690
972,972
249,249
735,735
362,363
886,888
267,267
328,330
505,507
202,204
155,156
740,741
855,855
733,735
557,558
572,573
642,642
480,480
472,474
504,504
11,12
159,159
813,813
736,738
167,168
862,864
130,132
45,45
104,105
893,894
79,81
655,657
635,636
916,918
947,948
629,630
22,24
508,510
733,735
888,888
188,189
10,12
792,792
700,702
229,231
434,435
271,273
531,531
447,447
223,225
926,927
429,429
921,921
118,120
48,48
134,135
800,801
441,441
617,618
921,921
574,576
832,834
411,411
963,963
451,453
429,429
199,201
622,624
805,807
255,255
590,591
280,282
438,438
962,963
841,843
957,957
113,114
886,888
74,75
718,720
367,369
247,249
776,777
971,972
381,381
104,105
56,57
671,672
411,411
677,678
453,453
405,405
692,693
161,162
642,642
402,402
63,63
130,132
488,489
574,576
769,771
549,549
686,687
423,423
944,945
833,834
269,270
29,30
867,867
102,102
945,945
666,666
630,630
667,669
713,714
299,300
865,867
268,270
554,555
906,906
286,288
414,414
663,663
252,252
804,804
636,636
676,678
562,564
592,594
419,420
239,240
90,90
253,255
70,72
138,138
33,33
938,939
902,903
526,528
222,222
296,297
711,711
450,450
790,792
886,888
998,999
924,924
966,966
518,519
433,435
352,354
893,894
276,276
330,330
288,288
207,207
52,54
852,852
892,894
734,735
187,189
661,663
316,318
222,222
686,687
995,996
141,141
516,516
415,417
26,27
115,117
331,333
418,420
814,816
812,813
768,768
682,684
382,384
416,417
690,690
604,606
522,522
110,111
966,966
994,996
630,630
894,894
175,177
756,756
250,252
695,696
650,651
41,42
382,384
239,240
311,312
755,756
164,165
238,240
498,498
518,519
877,879
433,435
662,663
256,258
538,540
865,867
388,390
596,597
252,252
460,462
288,288
588,588
127,129
492,492
999,999
650,651
132,132
477,477
487,489
898,900
450,450
12,12
237,237
340,342
929,930
937,939
991,993
848,849
626,627
564,564
485,486
912,912
362,363
984,984
954,954
892,894
157,159
525,525
727,729
174,174
248,249
493,495
964,966
678,678
562,564
263,264
136,138
94,96
120,120
842,843
942,942
791,792
247,249
279,279
937,939
26,27
466,468
23,24
617,618
151,153
610,612
20,21
340,342
516,516
5,6
148,150
173,174
186,186
693,693
479,480
688,690
292,294
644,645
102,102
775,777
606,606
483,483
276,276
943,945
51,51
428,429
829,831
626,627
150,150
497,498
436,438
795,795
803,804
109,111
202,204
153,153
860,861
12,12
395,396
705,705
866,867
461,462
636,636
660,660
195,195
362,363
909,909
278,279
955,957
26,27
524,525
908,909
65,66
161,162
175,177
482,483
330,330
592,594
405,405
793,795
526,528
382,384
59,60
710,711
266,267
158,159
911,912
803,804
804,804
968,969
201,201
877,879
959,960
903,903
115,117
668,669
608,609
4,6
145,147
749,750
554,555
779,780
573,573
149,150
251,252
873,873
60,60
681,681
687,687
201,201
362,363
44,45
626,627
213,213
564,564
458,459
530,531
277,279
848,849
615,615
545,546
832,834
754,756
275,276
137,138
862,864
880,882
184,186
745,747
753,753
225,225
343,345
806,807
210,210
801,801
563,564
78,78
22,24
461,462
173,174
117,117
168,168
993,993
100,102
29,30
386,387
565,567
846,846
13,15
425,426
82,84
911,912
460,462
202,204
32,33
467,468
768,768
42,42
323,324
128,129
727,729
55,57
1000,1002
117,117
134,135
90,90
753,753
747,747
833,834
830,831
900,900
769,771
151,153
938,939
940,942
500,501
714,714
794,795
553,555
564,564
239,240
283,285
847,849
906,906
975,975
863,864
212,213
157,159
218,219
431,432
422,423
961,963
365,366
705,705
691,693
702,702
494,495
92,93
27,27
456,456
897,897
915,915
68,69
768,768
423,423
10,12
602,603
941,942
93,93
855,855
249,249
914,915
871,873
178,180
116,117
996,996
431,432
505,507
520,522
347,348
473,474
512,513
389,390
800,801
606,606
35,36
91,93
380,381
46,48
154,156
731,732
802,804
880,882
375,375
787,789
230,231
497,498
49,51
333,333
393,393
907,909
318,318
94,96
209,210
53,54
796,798
321,321
489,489
291,291
112,114
676,678
841,843
430,432
320,321
135,135
397,399
924,924
490,492
87,87
601,603
837,837
906,906
647,648
69,69
436,438
893,894
580,582
196,198
977,978
149,150
696,696
212,213
530,531
338,339
36,36
312,312
460,462
453,453
993,993
706,708
929,930
696,696
418,420
608,609
566,567
83,84
840,840
72,72
219,219
664,666
253,255
201,201
934,936
303,303
60,60
581,582
334,336
652,654
489,489
930,930
378,378
872,873
758,759
935,936
640,642
223,225
80,81
706,708
133,135
364,366
583,585
938,939
343,345
777,777
58,60
351,351
54,54
899,900
616,618
672,672
313,315
3,3
980,981
506,507
638,639
113,114
62,63
638,639
583,585
401,402
135,135
233,234
540,540
852,852
467,468
252,252
368,369
554,555
822,822
380,381
46,48
657,657
707,708
795,795
642,642
976,978
947,948
405,405
121,123
161,162
957,957
680,681
368,369
264,264
356,357
524,525
393,393
194,195
98,99
370,372
51,51
648,648
475,477
118,120
821,822
469,471
629,630
905,906
406,408
71,72
898,900
834,834
720,720
155,156
514,516
935,936
34,36
870,870
201,201
916,918
235,237
841,843
941,942
569,570
777,777
534,534
784,786
206,207
937,939
1,3
132,132
859,861
773,774
710,711
567,567
272,273
489,489
619,621
258,258
336,336
76,78
175,177
759,759
211,213
610,612
105,105
190,192
822,822
70,72
811,813
910,912
1,3
183,183
908,909
868,870
222,222
533,534
652,654
268,270
363,363
421,423
290,291
205,207
3,3
380,381
507,507
688,690
832,834
260,261
385,387
315,315
248,249
959,960
489,489
369,369
450,450
546,546
684,684
63,63
558,558
354,354
775,777
461,462
337,339
730,732
991,993
246,246
52,54
737,738
139,141
511,513
920,921
163,165
15,15
254,255
228,228
361,363
31,33
886,888
622,624
185,186
670,672
188,189
113,114
473,474
7,9
107,108
753,753
832,834
981,981
666,666
148,150
4,6
582,582
690,690
12,12
600,600
691,693
391,393
821,822
42,42
37,39
873,873
878,879
933,933
936,936
829,831
981,981
615,615
984,984
763,765
158,159
761,762
487,489
115,117
193,195
435,435
281,282
949,951
683,684
799,801
637,639
244,246
984,984
872,873
17,18
759,759
77,78
132,132
22,24
271,273
629,630
456,456
357,357
108,108
979,981
558,558
328,330
762,762
838,840
921,921
995,996
357,357
951,951
170,171
69,69
527,528
186,186
600,600
167,168
223,225
625,627
613,615
152,153
480,480
685,687
63,63
577,579
408,408
346,348
222,222
91,93
832,834
114,114
26,27
342,342
105,105
70,72
45,45
875,876
143,144
948,948
228,228
390,390
13,15
763,765
237,237
811,813
609,609
596,597
322,324
265,267
313,315
646,648
935,936
525,525
613,615
815,816
745,747
572,573
501,501
6,6
159,159
811,813
886,888
13,15
472,474
504,504
963,963
676,678
310,312
592,594
3,3
170,171
417,417
187,189
775,777
708,708
834,834
530,531
386,387
513,513
122,123
325,327
240,240
672,672
787,789
575,576
456,456
262,264
263,264
499,501
885,885
46,48
595,597
523,525
157,159
358,360
409,411
893,894
633,633
348,348
627,627
538,540
973,975
385,387
708,708
257,258
463,465
393,393
525,525
314,315
454,456
99,99
927,927
647,648
201,201
381,381
341,342
416,417
810,810
248,249
331,333
71,72
988,990
990,990
474,474
321,321
993,993
815,816
598,600
236,237
111,111
189,189
829,831
174,174
929,930
472,474
417,417
310,312
164,165
603,603
343,345
64,66
819,819
442,444
417,417
212,213
680,681
939,939
667,669
139,141
506,507
992,993
870,870
519,519
414,414
785,786
733,735
124,126
278,279
805,807
49,51
985,987
452,453
66,66
236,237
134,135
12,12
254,255
983,984
597,597
645,645
239,240
592,594
939,939
53,54
393,393
955,957
591,591
361,363
534,534
521,522
332,333
93,93
8,9
322,324
581,582
736,738
646,648
734,735
374,375
405,405
922,924
252,252
456,456
238,240
923,924
228,228
118,120
832,834
666,666
430,432
765,765
455,456
148,150
889,891
91,93
35,36
223,225
264,264
301,303
597,597
393,393
197,198
10,12
629,630
151,153
412,414
114,114
657,657
374,375
835,837
417,417
854,855
932,933
218,219
49,51
701,702
265,267
315,315
632,633
895,897
95,96
169,171
817,819
106,108
159,159
179,180
593,594
791,792
419,420
207,207
959,960
235,237
237,237
655,657
14,15
846,846
640,642
534,534
647,648
803,804
530,531
552,552
435,435
615,615
194,195
247,249
787,789
397,399
82,84
125,126
552,552
736,738
428,429
165,165
123,123
786,786
910,912
366,366
71,72
873,873
336,336
774,774
9,9
920,921
698,699
262,264
405,405
585,585
736,738
53,54
484,486
503,504
574,576
382,384
944,945
382,384
244,246
243,243
290,291
869,870
69,69
69,69
640,642
960,960
728,729
600,600
130,132
344,345
183,183
708,708
176,177
32,33
925,927
968,969
274,276
607,609
328,330
600,600
161,162
222,222
925,927
805,807
99,99
737,738
838,840
626,627
626,627
611,612
214,216
982,984
413,414
644,645
711,711
800,801
665,666
679,681
844,846
541,543
883,885
802,804
997,999
54,54
492,492
556,558
792,792
331,333
565,567
64,66
15,15
823,825
631,633
433,435
646,648
634,636
93,93
27,27
557,558
27,27
969,969
278,279
661,663
355,357
208,210
278,279
77,78
930,930
433,435
995,996
892,894
506,507
195,195
694,696
862,864
547,549
643,645
87,87
687,687
696,696
797,798
204,204
92,93
801,801
619,621
244,246
901,903
432,432
126,126
217,219
29,30
476,477
364,366
385,387
672,672
763,765
531,531
200,201
486,486
35,36
401,402
348,348
143,144
252,252
820,822
353,354
717,717
214,216
232,234
255,255
985,987
38,39
29,30
942,942
595,597
905,906
411,411
112,114
271,273
248,249
474,474
12,12
217,219
502,504
311,312
87,87
132,132
445,447
397,399
70,72
318,318
51,51
80,81
128,129
89,90
393,393
4,6
104,105
305,306
988,990
551,552
376,378
645,645
358,360
871,873
364,366
497,498
74,75
295,297
280,282
6,6
582,582
282,282
1,3
765,765
751,753
900,900
619,621
773,774
9,9
663,663
466,468
106,108
79,81
970,972
54,54
496,498
656,657
149,150
50,51
909,909
466,468
714,714
631,633
162,162
345,345
501,501
641,642
310,312
430,432
94,96
404,405
218,219
535,537
982,984
680,681
42,42
341,342
830,831
11,12
163,165
757,759
400,402
858,858
885,885
745,747
329,330
869,870
754,756
860,861
331,333
386,387
145,147
992,993
445,447
104,105
282,282
107,108
976,978
260,261
310,312
369,369
504,504
806,807
317,318
905,906
430,432
169,171
641,642
67,69
398,399
167,168
323,324
71,72
827,828
321,321
7,9
527,528
211,213
369,369
226,228
499,501
222,222
830,831
414,414
266,267
866,867
35,36
925,927
683,684
968,969
236,237
294,294
766,768
187,189
109,111
442,444
202,204
625,627
811,813
867,867
252,252
964,966
475,477
961,963
475,477
637,639
929,930
434,435
712,714
868,870
984,984
945,945
118,120
938,939
458,459
39,39
596,597
921,921
57,57
854,855
602,603
349,351
43,45
52,54
402,402
86,87
139,141
315,315
661,663
290,291
494,495
944,945
874,876
98,99
996,996
426,426
313,315
193,195
504,504
891,891
264,264
428,429
493,495
837,837
261,261
567,567
256,258
850,852
325,327
740,741
170,171
398,399
494,495
931,933
448,450
443,444
700,702
395,396
1,3
550,552
213,213
300,300
311,312
285,285
371,372
677,678
472,474
11,12
149,150
790,792
896,897
622,624
694,696
584,585
821,822
353,354
640,642
991,993
395,396
549,549
625,627
906,906
507,507
877,879
828,828
578,579
185,186
891,891
580,582
409,411
470,471
58,60
468,468
266,267
540,540
268,270
305,306
378,378
756,756
464,465
380,381
152,153
866,867
601,603
318,318
295,297
919,921
471,471
291,291
445,447
240,240
806,807
840,840
85,87
960,960
59,60
937,939
428,429
177,177
134,135
10,12
1000,1002
215,216
92,93
67,69
753,753
177,177
511,513
880,882
100,102
596,597
78,78
840,840
1000,1002
704,705
252,252
539,540
908,909
933,933
881,882
457,459
375,375
533,534
198,198
98,99
239,240
175,177
208,210
809,810
36,36
421,423
209,210
244,246
507,507
342,342
391,393
587,588
630,630
50,51
51,51
828,828
145,147
909,909
136,138
890,891
342,342
570,570
991,993
35,36
46,48
31,33
988,990
615,615
45,45
674,675
525,525
431,432
205,207
999,999
897,897
420,420
209,210
396,396
807,807
521,522
888,888
570,570
384,384
919,921
995,996
490,492
524,525
229,231
811,813
529,531
580,582
398,399
807,807
42,42
470,471
483,483
358,360
565,567
820,822
880,882
51,51
585,585
375,375
105,105
159,159
623,624
428,429
375,375
436,438
338,339
524,525
376,378
251,252
672,672
91,93
625,627
273,273
467,468
470,471
269,270
270,270
249,249
505,507
266,267
558,558
42,42
847,849
796,798
733,735
110,111
140,141
913,915
902,903
21,21
761,762
932,933
471,471
143,144
474,474
266,267
783,783
360,360
194,195
338,339
971,972
219,219
690,690
158,159
234,234
219,219
916,918
140,141
670,672
788,789
638,639
733,735
920,921
890,891
816,816
411,411
950,951
853,855
890,891
206,207
9,9
772,774
700,702
957,957
639,639
187,189
738,738
614,615
424,426
29,30
477,477
796,798
692,693
18,18
747,747
411,411
775,777
312,312
293,294
808,810
801,801
852,852
626,627
903,903
302,303
613,615
709,711
35,36
297,297
181,183
660,660
132,132
767,768
800,801
672,672
888,888
16,18
869,870
554,555
736,738
548,549
429,429
510,510
905,906
462,462
67,69
379,381
835,837
63,63
97,99
807,807
636,636
291,291
934,936
769,771
184,186
243,243
13,15
924,924
346,348
435,435
175,177
517,519
24,24
350,351
561,561
29,30
708,708
243,243
12,12
245,246
20,21
420,420
487,489
157,159
378,378
631,633
672,672
873,873
189,189
495,495
917,918
129,129
492,492
358,360
149,150
749,750
519,519
48,48
998,999
254,255
882,882
892,894
137,138
70,72
540,540
163,165
448,450
600,600
443,444
688,690
302,303
76,78
89,90
339,339
480,480
465,465
762,762
540,540
220,222
724,726
570,570
380,381
282,282
866,867
783,783
450,450
650,651
941,942
823,825
581,582
490,492
328,330
151,153
688,690
843,843
108,108
327,327
220,222
749,750
583,585
355,357
435,435
243,243
927,927
643,645
904,906
366,366
879,879
234,234
971,972
553,555
919,921
325,327
836,837
931,933
912,912
166,168
376,378
900,900
530,531
768,768
86,87
464,465
351,351
993,993
239,240
750,750
847,849
585,585
281,282
492,492
597,597
694,696
266,267
183,183
956,957
933,933
93,93
434,435
371,372
962,963
630,630
947,948
463,465
465,465
831,831
425,426
502,504
241,243
815,816
229,231
114,114
780,780
971,972
47,48
782,783
208,210
221,222
383,384
821,822
204,204
271,273
712,714
704,705
107,108
835,837
795,795
918,918
609,609
691,693
402,402
946,948
233,234
947,948
981,981
812,813
646,648
243,243
268,270
438,438
37,39
543,543
643,645
67,69
177,177
797,798
106,108
741,741
956,957
504,504
692,693
417,417
95,96
728,729
578,579
455,456
21,21
997,999
267,267
959,960
727,729
981,981
407,408
116,117
142,144
75,75
738,738
691,693
773,774
265,267
18,18
772,774
13,15
902,903
244,246
152,153
136,138
732,732
889,891
439,441
164,165
391,393
467,468
875,876
190,192
208,210
143,144
37,39
629,630
770,771
184,186
485,486
139,141
373,375
581,582
671,672
909,909
167,168
167,168
740,741
872,873
238,240
50,51
112,114
882,882
320,321
802,804
943,945
138,138
471,471
309,309
774,774
157,159
664,666
798,798
878,879
429,429
148,150
920,921
304,306
89,90
912,912
82,84
311,312
602,603
514,516
612,612
982,984
213,213
841,843
613,615
438,438
90,90
300,300
759,759
218,219
422,423
54,54
691,693
291,291
380,381
409,411
907,909
955,957
721,723
274,276
39,39
566,567
601,603
16,18
829,831
362,363
25,27
670,672
568,570
616,618
736,738
419,420
536,537
130,132
463,465
806,807
876,876
729,729
141,141
835,837
216,216
813,813
992,993
183,183
556,558
839,840
881,882
300,300
854,855
551,552
376,378
361,363
928,930
790,792
811,813
646,648
534,534
512,513
49,51
900,900
564,564
102,102
450,450
913,915
99,99
399,399
339,339
21,21
207,207
797,798
711,711
33,33
458,459
673,675
697,699
439,441
465,465
615,615
268,270
945,945
230,231
95,96
244,246
607,609
728,729
480,480
290,291
178,180
229,231
958,960
606,606
953,954
847,849
144,144
872,873
622,624
375,375
190,192
723,723
503,504
589,591
56,57
407,408
990,990
857,858
119,120
259,261
826,828
798,798
392,393
68,69
538,540
877,879
412,414
463,465
406,408
675,675
193,195
909,909
720,720
736,738
907,909
817,819
24,24
604,606
727,729
459,459
953,954
976,978
44,45
760,762
463,465
648,648
217,219
112,114
477,477
549,549
148,150
327,327
801,801
729,729
915,915
108,108
798,798
46,48
751,753
665,666
881,882
101,102
590,591
260,261
57,57
636,636
617,618
938,939
200,201
226,228
518,519
541,543
308,309
105,105
56,57
782,783
774,774
313,315
801,801
573,573
380,381
134,135
944,945
155,156
703,705
913,915
635,636
269,270
665,666
294,294
940,942
854,855
517,519
827,828
438,438
538,540
531,531
441,441
365,366
676,678
564,564
751,753
452,453
103,105
597,597
5,6
350,351
600,600
297,297
894,894
631,633
46,48
496,498
779,780
757,759
599,600
282,282
485,486
156,156
301,303
297,297
324,324
442,444
161,162
173,174
415,417
704,705
87,87
447,447
789,789
448,450
329,330
11,12
799,801
16,18
713,714
883,885
891,891
762,762
678,678
733,735
127,129
385,387
221,222
680,681
84,84
371,372
848,849
510,510
350,351
581,582
292,294
533,534
195,195
64,66
29,30
473,474
338,339
46,48
790,792
808,810
964,966
506,507
623,624
504,504
748,750
529,531
731,732
828,828
347,348
684,684
377,378
181,183
107,108
422,423
503,504
896,897
970,972
540,540
926,927
338,339
768,768
700,702
221,222
995,996
361,363
760,762
66,66
674,675
980,981
877,879
339,339
111,111
412,414
691,693
689,690
565,567
527,528
309,309
74,75
92,93
602,603
245,246
926,927
939,939
316,318
197,198
151,153
820,822
931,933
968,969
384,384
813,813
308,309
300,300
888,888
978,978
586,588
299,300
79,81
667,669
48,48
434,435
738,738
265,267
535,537
525,525
451,453
179,180
272,273
169,171
263,264
910,912
128,129
650,651
242,243
746,747
108,108
338,339
564,564
475,477
290,291
341,342
313,315
253,255
526,528
819,819
404,405
63,63
622,624
134,135
47,48
520,522
681,681
690,690
915,915
511,513
57,57
346,348
41,42
918,918
344,345
200,201
515,516
49,51
454,456
487,489
556,558
311,312
986,987
914,915
895,897
387,387
337,339
865,867
249,249
539,540
722,723
383,384
739,741
236,237
545,546
72,72
624,624
897,897
19,21
613,615
406,408
967,969
18,18
565,567
714,714
623,624
70,72
170,171
163,165
555,555
47,48
255,255
42,42
134,135
279,279
864,864
39,39
825,825
200,201
580,582
265,267
317,318
125,126
475,477
127,129
456,456
558,558
210,210
287,288
248,249
885,885
188,189
732,732
912,912
76,78
343,345
836,837
629,630
229,231
170,171
253,255
939,939
615,615
807,807
643,645
237,237
604,606
22,24
322,324
893,894
922,924
771,771
418,420
588,588
493,495
49,51
98,99
31,33
636,636
607,609
96,96
625,627
882,882
991,993
373,375
674,675
314,315
488,489
730,732
398,399
981,981
556,558
890,891
987,987
544,546
528,528
910,912
758,759
435,435
151,153
626,627
468,468
442,444
958,960
92,93
927,927
445,447
871,873
889,891
918,918
947,948
998,999
940,942
349,351
496,498
831,831
264,264
889,891
444,444
824,825
375,375
133,135
237,237
417,417
601,603
734,735
667,669
285,285
72,72
460,462
987,987
231,231
535,537
864,864
300,300
381,381
615,615
909,909
477,477
930,930
986,987
759,759
665,666
98,99
983,984
413,414
906,906
331,333
7,9
285,285
384,384
190,192
206,207
643,645
779,780
958,960
623,624
693,693
479,480
427,429
10,12
10,12
637,639
984,984
289,291
409,411
245,246
1000,1002
49,51
266,267
571,573
924,924
326,327
836,837
569,570
302,303
539,540
420,420
597,597
553,555
150,150
432,432
350,351
991,993
537,537
544,546
648,648
494,495
680,681
628,630
462,462
854,855
835,837
804,804
717,717
105,105
141,141
356,357
234,234
424,426
592,594
285,285
716,717
15,15
40,42
315,315
882,882
117,117
988,990
744,744
165,165
506,507
757,759
293,294
857,858
912,912
737,738
567,567
297,297
799,801
673,675
469,471
649,651
495,495
465,465
598,600
758,759
919,921
671,672
140,141
729,729
416,417
845,846
252,252
473,474
762,762
992,993
571,573
36,36
637,639
665,666
39,39
623,624
889,891
838,840
483,483
778,780
379,381
604,606
395,396
915,915
479,480
332,333
368,369
396,396
186,186
326,327
11,12
957,957
770,771
342,342
674,675
729,729
478,480
752,753
732,732
209,210
724,726
608,609
421,423
356,357
526,528
760,762
595,597
228,228
586,588
929,930
723,723
100,102
361,363
887,888
168,168
506,507
457,459
153,153
275,276
718,720
359,360
229,231
852,852
626,627
512,513
800,801
622,624
131,132
362,363
99,99
621,621
461,462
303,303
469,471
17,18
457,459
775,777
967,969
322,324
4283
5412
5791
5707
4861
5210
4446
5033
4819
4654
5722
3989
5381
4193
5065
4077
4670
4920
5594
4676
5527
3991
5833
5141
5079
5653
4664
5132
5032
5601
5897
4838
4213
4214
4783
4044
5725
5351
4012
4143
4878
5006
4302
4921
5534
5352
5369
4213
5096
5264
4062
3969
5209
3960
4617
4642
5469
4415
5844
5897
4489
4170
4512
4025
4159
5790
5722
4182
5495
5801
4750
5020
5314
4228
4393
5747
5367
4125
4179
4600
4936
5772
4944
5576
5279
3960
4567
4809
4033
5433
4831
4972
5895
4676
5544
4472
4192
4300
5541
5613
4676
5769
5262
5024
5214
4819
4632
4984
5515
5330
4118
5659
4691
4911
4016
5206
4636
4830
4069
5481
4519
5676
4249
5701
5519
4712
4191
4298
5791
5114
5466
4793
4424
4763
5650
5160
4515
4323
5716
4548
4605
4466
4585
4869
5294
5565
5058
4390
5205
5584
4556
5443
3986
5302
5848
4240
4619
4177
4539
4639
5116
4342
4824
5362
4524
4817
5871
4132
4938
5108
5008
5384
4509
5800
5320
5113
4414
4564
4585
3974
5138
5606
3955
5258
5599
5081
4387
5419
4980
5765
4607
4443
4447
4058
5481
4351
5122
5147
5318
4802
