473,474
737,738
533,534
478,480
395,396
117,117
644,645
642,642
250,252
659,660
509,510
691,693
921,921
573,573
260,261
716,717
121,123
624,624
465,465
102,102
582,582
459,459
493,495
491,492
164,165
544,546
590,591
482,483
449,450
347,348
340,342
514,516
974,975
798,798
379,381
264,264
191,192
457,459
459,459
364,366
986,987
103,105
539,540
539,540
890,891
882,882
93,93
153,153
62,63
325,327
892,894
580,582
929,930
134,135
903,903
310,312
671,672
593,594
634,636
346,348
896,897
369,369
768,768
966,966
697,699
758,759
812,813
380,381
542,543
848,849
898,900
62,63
710,711
409,411
124,126
559,561
389,390
120,120
101,102
478,480
226,228
143,144
782,783
782,783
99,99
790,792
514,516
906,906
599,600
907,909
20,21
791,792
586,588
138,138
686,687
167,168
889,891
8,9
808,810
504,504
781,783
939,939
206,207
520,522
815,816
499,501
403,405
764,765
757,759
527,528
494,495
684,684
50,51
749,750
184,186
788,789
914,915
546,546
678,678
793,795
983,984
466,468
374,375
56,57
644,645
373,375
90,90
321,321
12,12
498,498
460,462
187,189
468,468
985,987
493,495
647,648
592,594
359,360
233,234
824,825
372,372
380,381
438,438
361,363
236,237
616,618
126,126
948,948
389,390
375,375
966,966
619,621
151,153
462,462
687,687
425,426
104,105
533,534
212,213
994,996
38,39
159,159
746,747
327,327
676,678
916,918
279,279
224,225
60,60
902,903
926,927
994,996
71,72
984,984
493,495
866,867
543,543
924,924
269,270
134,135
882,882
87,87
840,840
489,489
663,663
747,747
218,219
935,936
374,375
521,522
614,615
728,729
220,222
223,225
59,60
6,6
697,699
347,348
87,87
343,345
886,888
26,27
3,3
492,492
967,969
396,396
576,576
964,966
182,183
48,48
530,531
159,159
119,120
965,966
767,768
494,495
616,618
95,96
726,726
710,711
448,450
147,147
372,372
615,615
80,81
913,915
225,225
536,537
821,822
279,279
924,924
541,543
525,525
325,327
803,804
231,231
237,237
257,258
813,813
74,75
619,621
71,72
92,93
418,420
195,195
178,180
13,15
424,426
32,33
671,672
51,51
165,165
241,243
8,9
735,735
390,390
237,237
715,717
972,972
160,162
281,282
650,651
164,165
729,729
687,687
833,834
889,891
592,594
978,978
261,261
947,948
434,435
97,99
217,219
831,831
94,96
362,363
855,855
629,630
625,627
436,438
805,807
26,27
922,924
762,762
533,534
446,447
684,684
963,963
592,594
951,951
503,504
883,885
620,621
164,165
256,258
948,948
283,285
497,498
985,987
814,816
32,33
324,324
258,258
30,30
103,105
921,921
914,915
82,84
900,900
184,186
866,867
765,765
654,654
860,861
575,576
168,168
753,753
938,939
185,186
964,966
80,81
181,183
83,84
58,60
12,12
301,303
400,402
339,339
355,357
682,684
903,903
335,336
697,699
942,942
173,174
639,639
175,177
93,93
364,366
871,873
288,288
433,435
611,612
350,351
208,210
937,939
267,267
932,933
793,795
116,117
62,63
448,450
222,222
244,246
132,132
428,429
962,963
520,522
39,39
342,342
960,960
447,447
608,609
752,753
371,372
33,33
475,477
472,474
279,279
25,27
72,72
162,162
550,552
806,807
691,693
928,930
801,801
208,210
317,318
28,30
463,465
740,741
573,573
859,861
724,726
433,435
474,474
647,648
415,417
208,210
91,93
866,867
20,21
720,720
868,870
838,840
668,669
868,870
129,129
380,381
708,708
316,318
35,36
370,372
842,843
270,270
969,969
913,915
959,960
435,435
344,345
580,582
84,84
28,30
633,633
817,819
291,291
333,333
705,705
157,159
194,195
922,924
54,54
146,147
616,618
535,537
611,612
25,27
303,303
282,282
871,873
606,606
509,510
87,87
944,945
116,117
255,255
693,693
631,633
430,432
973,975
486,486
917,918
957,957
71,72
593,594
393,393
623,624
376,378
627,627
804,804
412,414
61,63
341,342
195,195
591,591
58,60
445,447
825,825
663,663
619,621
28,30
207,207
199,201
58,60
378,378
600,600
847,849
758,759
40,42
24,24
884,885
553,555
731,732
5,6
204,204
780,780
21,21
662,663
185,186
710,711
258,258
744,744
554,555
850,852
192,192
572,573
383,384
210,210
387,387
226,228
643,645
834,834
427,429
530,531
137,138
755,756
443,444
29,30
580,582
674,675
864,864
447,447
36,36
132,132
259,261
597,597
814,816
500,501
234,234
912,912
341,342
143,144
677,678
896,897
570,570
994,996
340,342
395,396
508,510
590,591
274,276
631,633
763,765
725,726
486,486
245,246
268,270
308,309
887,888
318,318
820,822
955,957
916,918
656,657
353,354
808,810
198,198
435,435
585,585
7,9
478,480
57,57
565,567
636,636
190,192
634,636
674,675
640,642
345,345
743,744
835,837
568,570
536,537
332,333
848,849
175,177
498,498
517,519
481,483
787,789
697,699
458,459
811,813
606,606
609,609
474,474
720,720
257,258
650,651
768,768
30,30
885,885
672,672
294,294
997,999
868,870
995,996
388,390
320,321
814,816
228,228
705,705
18,18
839,840
371,372
869,870
128,129
681,681
294,294
443,444
49,51
667,669
826,828
542,543
105,105
915,915
928,930
77,78
594,594
927,927
792,792
538,540
126,126
311,312
303,303
414,414
262,264
172,174
5,6
487,489
833,834
867,867
281,282
34,36
269,270
210,210
251,252
858,858
192,192
543,543
860,861
237,237
685,687
264,264
675,675
177,177
942,942
920,921
452,453
684,684
583,585
283,285
442,444
247,249
306,306
443,444
237,237
7,9
625,627
851,852
543,543
567,567
528,528
620,621
914,915
792,792
793,795
467,468
692,693
98,99
199,201
120,120
616,618
153,153
897,897
750,750
304,306
362,363
959,960
549,549
76,78
230,231
683,684
499,501
718,720
968,969
589,591
958,960
633,633
564,564
238,240
191,192
88,90
209,210
235,237
268,270
256,258
332,333
729,729
36,36
870,870
176,177
463,465
681,681
914,915
254,255
775,777
598,600
425,426
784,786
494,495
671,672
452,453
873,873
960,960
165,165
759,759
121,123
100,102
62,63
821,822
171,171
879,879
413,414
364,366
867,867
234,234
322,324
774,774
508,510
130,132
185,186
737,738
242,243
795,795
803,804
106,108
643,645
141,141
159,159
164,165
893,894
350,351
89,90
206,207
675,675
12,12
965,966
114,114
440,441
549,549
104,105
291,291
391,393
56,57
10,12
244,246
197,198
584,585
692,693
404,405
632,633
735,735
468,468
729,729
454,456
384,384
994,996
492,492
609,609
629,630
663,663
10,12
999,999
470,471
520,522
820,822
695,696
34,36
421,423
986,987
491,492
759,759
207,207
179,180
816,816
40,42
882,882
82,84
471,471
297,297
859,861
898,900
275,276
349,351
961,963
478,480
329,330
932,933
658,660
365,366
128,129
188,189
609,609
629,630
558,558
983,984
409,411
834,834
3,3
142,144
725,726
876,876
647,648
151,153
729,729
805,807
58,60
467,468
327,327
666,666
583,585
16,18
258,258
297,297
802,804
33,33
708,708
300,300
516,516
182,183
160,162
322,324
11,12
456,456
446,447
147,147
660,660
950,951
793,795
486,486
961,963
190,192
912,912
278,279
336,336
830,831
571,573
789,789
577,579
781,783
57,57
322,324
517,519
737,738
734,735
498,498
133,135
151,153
875,876
488,489
239,240
376,378
195,195
959,960
643,645
716,717
440,441
637,639
541,543
918,918
333,333
238,240
612,612
375,375
68,69
4,6
611,612
228,228
215,216
70,72
882,882
157,159
21,21
179,180
107,108
543,543
620,621
644,645
966,966
261,261
482,483
871,873
769,771
799,801
424,426
97,99
399,399
982,984
92,93
618,618
366,366
694,696
813,813
844,846
69,69
191,192
647,648
132,132
12,12
742,744
638,639
579,579
823,825
828,828
988,990
119,120
558,558
148,150
105,105
175,177
751,753
967,969
431,432
620,621
607,609
630,630
630,630
53,54
618,618
462,462
545,546
116,117
976,978
466,468
63,63
837,837
31,33
798,798
5,6
394,396
860,861
850,852
489,489
657,657
932,933
233,234
77,78
832,834
713,714
725,726
259,261
300,300
415,417
584,585
365,366
754,756
404,405
17,18
530,531
482,483
624,624
91,93
331,333
907,909
310,312
849,849
667,669
879,879
606,606
539,540
666,666
303,303
153,153
968,969
931,933
742,744
713,714
827,828
371,372
81,81
852,852
745,747
14,15
710,711
146,147
833,834
758,759
125,126
862,864
844,846
133,135
889,891
293,294
449,450
255,255
837,837
878,879
417,417
39,39
12,12
54,54
660,660
338,339
502,504
764,765
57,57
886,888
375,375
964,966
719,720
573,573
985,987
162,162
307,309
909,909
180,180
72,72
47,48
83,84
184,186
304,306
107,108
768,768
233,234
670,672
99,99
724,726
44,45
613,615
39,39
206,207
660,660
668,669
942,942
522,522
812,813
308,309
890,891
763,765
626,627
309,309
252,252
961,963
719,720
166,168
193,195
744,744
573,573
318,318
662,663
921,921
32,33
362,363
145,147
40,42
78,78
785,786
325,327
126,126
826,828
197,198
77,78
990,990
490,492
680,681
247,249
187,189
229,231
786,786
752,753
525,525
50,51
340,342
504,504
167,168
765,765
40,42
971,972
675,675
955,957
425,426
61,63
938,939
902,903
891,891
618,618
178,180
936,936
3,3
115,117
196,198
278,279
512,513
341,342
408,408
634,636
533,534
706,708
116,117
64,66
855,855
296,297
555,555
821,822
859,861
721,723
714,714
541,543
53,54
509,510
142,144
717,717
869,870
522,522
576,576
138,138
272,273
169,171
257,258
453,453
925,927
684,684
224,225
438,438
902,903
191,192
600,600
181,183
534,534
617,618
761,762
471,471
653,654
738,738
961,963
459,459
651,651
786,786
393,393
336,336
206,207
887,888
257,258
79,81
97,99
201,201
649,651
51,51
119,120
688,690
66,66
811,813
337,339
542,543
44,45
338,339
999,999
414,414
459,459
276,276
348,348
774,774
458,459
269,270
455,456
127,129
276,276
481,483
662,663
386,387
523,525
725,726
643,645
358,360
39,39
556,558
30,30
636,636
727,729
331,333
331,333
538,540
239,240
506,507
60,60
961,963
876,876
445,447
929,930
515,516
756,756
931,933
246,246
8,9
968,969
550,552
649,651
492,492
302,303
276,276
401,402
838,840
808,810
284,285
788,789
789,789
46,48
119,120
207,207
870,870
168,168
225,225
874,876
540,540
496,498
931,933
706,708
599,600
59,60
971,972
937,939
627,627
4,6
687,687
894,894
693,693
728,729
903,903
879,879
715,717
319,321
296,297
744,744
147,147
95,96
818,819
740,741
177,177
130,132
52,54
500,501
167,168
789,789
876,876
847,849
696,696
180,180
519,519
427,429
329,330
854,855
899,900
375,375
123,123
549,549
50,51
292,294
428,429
626,627
5,6
783,783
305,306
81,81
491,492
513,513
496,498
343,345
173,174
364,366
497,498
683,684
183,183
805,807
520,522
704,705
435,435
52,54
236,237
672,672
39,39
624,624
713,714
374,375
286,288
943,945
711,711
734,735
139,141
862,864
923,924
765,765
51,51
772,774
261,261
92,93
684,684
822,822
213,213
186,186
933,933
279,279
233,234
294,294
537,537
389,390
56,57
812,813
697,699
627,627
988,990
804,804
368,369
753,753
258,258
676,678
745,747
213,213
189,189
644,645
617,618
885,885
483,483
773,774
393,393
484,486
424,426
966,966
210,210
308,309
549,549
41,42
993,993
59,60
871,873
203,204
497,498
972,972
864,864
335,336
428,429
24,24
589,591
857,858
520,522
190,192
851,852
19,21
59,60
466,468
129,129
177,177
350,351
966,966
389,390
526,528
377,378
803,804
347,348
908,909
569,570
344,345
12,12
710,711
392,393
213,213
556,558
97,99
391,393
368,369
1,3
435,435
569,570
447,447
200,201
787,789
164,165
450,450
873,873
730,732
64,66
363,363
572,573
329,330
188,189
102,102
642,642
860,861
419,420
248,249
479,480
700,702
424,426
493,495
159,159
117,117
46,48
734,735
113,114
441,441
226,228
881,882
495,495
94,96
90,90
755,756
310,312
454,456
89,90
646,648
611,612
415,417
951,951
670,672
967,969
721,723
612,612
220,222
822,822
429,429
648,648
202,204
847,849
492,492
123,123
278,279
15,15
207,207
979,981
706,708
256,258
63,63
612,612
661,663
407,408
425,426
974,975
450,450
967,969
449,450
287,288
288,288
107,108
885,885
183,183
675,675
787,789
843,843
999,999
745,747
942,942
265,267
62,63
160,162
902,903
679,681
167,168
287,288
468,468
283,285
745,747
182,183
662,663
13,15
241,243
433,435
121,123
495,495
206,207
926,927
195,195
802,804
945,945
991,993
841,843
474,474
701,702
201,201
120,120
378,378
657,657
494,495
627,627
225,225
130,132
453,453
440,441
961,963
377,378
439,441
726,726
777,777
518,519
514,516
908,909
623,624
970,972
948,948
376,378
564,564
848,849
53,54
303,303
812,813
717,717
629,630
835,837
116,117
812,813
511,513
553,555
372,372
550,552
243,243
146,147
298,300
153,153
969,969
484,486
275,276
354,354
698,699
414,414
448,450
763,765
47,48
832,834
298,300
299,300
368,369
75,75
48,48
232,234
635,636
412,414
710,711
699,699
304,306
57,57
964,966
670,672
639,639
779,780
686,687
713,714
980,981
162,162
266,267
915,915
637,639
540,540
892,894
955,957
271,273
700,702
897,897
438,438
11,12
554,555
10,12
148,150
75,75
579,579
676,678
168,168
67,69
654,654
95,96
67,69
774,774
152,153
472,474
496,498
781,783
297,297
463,465
251,252
76,78
407,408
710,711
316,318
16,18
557,558
82,84
868,870
547,549
475,477
691,693
528,528
841,843
579,579
898,900
789,789
449,450
643,645
959,960
634,636
236,237
968,969
312,312
259,261
11,12
915,915
385,387
918,918
761,762
450,450
882,882
256,258
509,510
309,309
718,720
451,453
484,486
910,912
963,963
821,822
238,240
115,117
835,837
180,180
717,717
374,375
660,660
248,249
749,750
49,51
925,927
181,183
484,486
570,570
931,933
930,930
667,669
67,69
408,408
675,675
783,783
419,420
215,216
117,117
333,333
241,243
165,165
742,744
811,813
561,561
826,828
448,450
767,768
763,765
592,594
248,249
257,258
107,108
497,498
646,648
849,849
22,24
25,27
222,222
564,564
288,288
556,558
485,486
101,102
971,972
337,339
314,315
122,123
723,723
955,957
472,474
825,825
67,69
724,726
880,882
193,195
280,282
711,711
146,147
945,945
165,165
727,729
806,807
921,921
697,699
921,921
497,498
24,24
158,159
75,75
672,672
265,267
380,381
135,135
494,495
590,591
825,825
645,645
71,72
671,672
113,114
889,891
595,597
318,318
128,129
471,471
631,633
621,621
4,6
788,789
659,660
359,360
354,354
1000,1002
937,939
691,693
168,168
504,504
63,63
873,873
673,675
431,432
537,537
583,585
768,768
707,708
956,957
851,852
862,864
905,906
537,537
288,288
133,135
194,195
546,546
857,858
194,195
944,945
499,501
295,297
238,240
654,654
804,804
82,84
384,384
528,528
32,33
587,588
810,810
199,201
475,477
210,210
494,495
678,678
695,696
817,819
518,519
251,252
650,651
271,273
834,834
416,417
128,129
931,933
324,324
536,537
322,324
95,96
758,759
996,996
370,372
975,975
680,681
783,783
825,825
455,456
152,153
912,912
759,759
169,171
549,549
461,462
401,402
186,186
969,969
828,828
629,630
43,45
207,207
341,342
686,687
315,315
574,576
211,213
728,729
278,279
803,804
762,762
896,897
659,660
335,336
624,624
49,51
75,75
288,288
688,690
110,111
888,888
463,465
693,693
751,753
811,813
685,687
898,900
893,894
934,936
147,147
387,387
139,141
455,456
132,132
470,471
950,951
553,555
681,681
671,672
185,186
65,66
15,15
593,594
256,258
841,843
802,804
833,834
555,555
883,885
737,738
301,303
838,840
566,567
221,222
322,324
211,213
24,24
262,264
701,702
962,963
770,771
216,216
634,636
556,558
12,12
547,549
427,429
508,510
197,198
401,402
373,375
66,66
650,651
741,741
628,630
542,543
569,570
75,75
999,999
741,741
291,291
669,669
810,810
825,825
106,108
705,705
88,90
749,750
767,768
443,444
632,633
39,39
128,129
212,213
95,96
769,771
686,687
507,507
948,948
586,588
886,888
963,963
401,402
777,777
890,891
451,453
864,864
874,876
170,171
513,513
451,453
697,699
794,795
927,927
254,255
752,753
495,495
205,207
999,999
38,39
907,909
428,429
956,957
956,957
172,174
496,498
289,291
791,792
82,84
614,615
281,282
930,930
705,705
443,444
507,507
804,804
436,438
252,252
724,726
381,381
480,480
621,621
415,417
508,510
997,999
881,882
850,852
216,216
33,33
141,141
315,315
747,747
536,537
324,324
572,573
926,927
688,690
160,162
847,849
747,747
820,822
50,51
799,801
901,903
996,996
963,963
224,225
192,192
287,288
98,99
398,399
239,240
238,240
901,903
535,537
878,879
18,18
525,525
300,300
478,480
858,858
300,300
569,570
857,858
627,627
767,768
856,858
609,609
948,948
752,753
49,51
269,270
831,831
760,762
519,519
589,591
532,534
440,441
417,417
363,363
861,861
372,372
355,357
605,606
704,705
733,735
444,444
679,681
16,18
283,285
192,192
551,552
115,117
967,969
907,909
991,993
649,651
80,81
359,360
427,429
392,393
302,303
635,636
698,699
808,810
101,102
679,681
652,654
415,417
2271
2776
2251
2081
2146
2544
2257
2073
2621
2399
2050
2184
2705
2269
2515
2599
2378
2672
2918
2862
2837
2102
2767
2100
2368
2063
2222
2101
2631
2836
2443
2218
2197
2812
2552
2354
2606
2790
2751
2793
2889
2242
2093
2061
2625
2136
2367
2914
2431
2236
2068
2185
2792
2365
2281
2127
2148
2070
2717
2062
2249
2239
2305
2466
2840
2485
2669
2376
2175
2116
2823
2388
2045
2016
2962
2486
2045
2039
2684
2254
2882
2610
2601
2363
2599
2951
2381
2880
2187
2347
2134
2732
2344
2429
2467
2478
2031
2073
2464
2186
2819
2652
2064
2475
2094
2626
2901
2622
2032
2304
2012
2006
2158
2379
2975
2844
2077
2926
2688
2311
2704
2419
2684
2589
2021
2773
2818
2290
2886
2409
2018
2733
2747
2481
2224
2720
2770
2941
2167
2689
2887
2924
2079
2584
2299
2844
2196
2087
2521
2783
2337
2647
2020
2711
2557
2817
2296
2249
2636
2267
2551
2098
2099
2714
2374
2189
2726
2232
2586
2196
2908
2654
2844
2977
2276
2881
2461
2562
2953
2938
2766
2617
2518
2191
2922
2330
2176
2114
2545
2388
2322
2883
2681
2115
2475
2795
2139
2747
2877
2671
