4805,3805
6982,5982
9294,8294
2184,1184
4468,3468
2770,1770
2251,1251
6366,5366
9238,8238
4015,3015
8172,7172
10126,9126
8485,7485
10112,9112
7400,6400
6678,5678
10199,9199
1355,355
5845,4845
2884,1884
4094,3094
8761,7761
9014,8014
6645,5645
3158,2158
2987,1987
2459,1459
1781,781
2886,1886
4697,3697
9092,8092
8184,7184
1850,850
6072,5072
2807,1807
9755,8755
9169,8169
1631,631
10866,9866
9809,8809
1788,788
4109,3109
7494,6494
3081,2081
10273,9273
7351,6351
6321,5321
8857,7857
9082,8082
6581,5581
4771,3771
7493,6493
4492,3492
9840,8840
8952,7952
7418,6418
3434,2434
8519,7519
4685,3685
7797,6797
6949,5949
6618,5618
6826,5826
8777,7777
8280,7280
10937,9937
4697,3697
10111,9111
8022,7022
8508,7508
7285,6285
1981,981
3893,2893
4145,3145
3782,2782
2172,1172
1152,152
2318,1318
2937,1937
8835,7835
6623,5623
5640,4640
1615,615
1087,87
4200,3200
9204,8204
3113,2113
7322,6322
10946,9946
2694,1694
7687,6687
8086,7086
5182,4182
7140,6140
1860,860
9710,8710
1737,737
5506,4506
4957,3957
9803,8803
9181,8181
1472,472
1127,127
5299,4299
9758,8758
6685,5685
5002,4002
2677,1677
1868,868
5383,4383
1367,367
1349,349
1530,530
10385,9385
6958,5958
10006,9006
5198,4198
6592,5592
8440,7440
9663,8663
3312,2312
1730,730
8644,7644
1821,821
5367,4367
5786,4786
9326,8326
1176,176
3386,2386
6950,5950
1037,37
10739,9739
5239,4239
10143,9143
10846,9846
2707,1707
9594,8594
2167,1167
10892,9892
4830,3830
2294,1294
5767,4767
4207,3207
5398,4398
1424,424
1245,245
8621,7621
10779,9779
10652,9652
1359,359
2510,1510
1081,81
10955,9955
9358,8358
10535,9535
9027,8027
6431,5431
4857,3857
1942,942
9817,8817
1120,120
10426,9426
3755,2755
10936,9936
3993,2993
7318,6318
10152,9152
3636,2636
5945,4945
10436,9436
1248,248
6818,5818
5883,4883
10496,9496
8764,7764
4286,3286
3106,2106
9579,8579
9990,8990
9590,8590
7565,6565
5273,4273
8774,7774
6192,5192
2577,1577
10238,9238
4688,3688
8114,7114
10816,9816
5012,4012
9666,8666
8991,7991
8523,7523
4082,3082
10455,9455
8301,7301
4041,3041
5257,4257
1164,164
3482,2482
4906,3906
8790,7790
8389,7389
8672,7672
6850,5850
8636,7636
9142,8142
3929,2929
3280,2280
3298,2298
10423,9423
9567,8567
6464,5464
3032,2032
7095,6095
1636,636
3316,2316
10051,9051
7764,6764
1636,636
9262,8262
6961,5961
5337,4337
8506,7506
6013,5013
5114,4114
4602,3602
7415,6415
8712,7712
6250,5250
7787,6787
7000,6000
5785,4785
4701,3701
6854,5854
7287,6287
2824,1824
3505,2505
6789,5789
7491,6491
9085,8085
2634,1634
2592,1592
10430,9430
9904,8904
6770,5770
2515,1515
5417,4417
2721,1721
2651,1651
3443,2443
4610,3610
7322,6322
5822,4822
9811,8811
6819,5819
10566,9566
4242,3242
1310,310
10294,9294
2960,1960
1258,258
7610,6610
10950,9950
5501,4501
2099,1099
10957,9957
7969,6969
6295,5295
1277,277
2219,1219
9381,8381
4525,3525
5566,4566
1167,167
10555,9555
5407,4407
6251,5251
4745,3745
5648,4648
3787,2787
3458,2458
5463,4463
4825,3825
1288,288
2117,1117
1292,292
5851,4851
7537,6537
1742,742
5067,4067
2615,1615
10277,9277
2369,1369
3010,2010
5360,4360
4436,3436
9885,8885
3681,2681
6697,5697
1236,236
5952,4952
7116,6116
7951,6951
2857,1857
8392,7392
2633,1633
6693,5693
7410,6410
2288,1288
9027,8027
9230,8230
4977,3977
9560,8560
6835,5835
4190,3190
1702,702
2537,1537
5421,4421
3276,2276
2012,1012
3740,2740
5220,4220
3907,2907
4134,3134
5879,4879
5978,4978
7754,6754
5952,4952
4197,3197
4716,3716
2532,1532
4173,3173
1737,737
4590,3590
2646,1646
9195,8195
1810,810
5226,4226
1835,835
7522,6522
6178,5178
6985,5985
2836,1836
9302,8302
8951,7951
10702,9702
7453,6453
5027,4027
2873,1873
4248,3248
7235,6235
7112,6112
2459,1459
7806,6806
4717,3717
10376,9376
6859,5859
2964,1964
10940,9940
7448,6448
4286,3286
10187,9187
8372,7372
7331,6331
6069,5069
5130,4130
8880,7880
7282,6282
10337,9337
2191,1191
3401,2401
8835,7835
1078,78
3461,2461
6479,5479
1479,479
3393,2393
10181,9181
2693,1693
4309,3309
5087,4087
1795,795
6453,5453
10430,9430
10202,9202
8461,7461
7511,6511
6966,5966
6401,5401
6146,5146
9728,8728
6322,5322
4439,3439
10212,9212
7919,6919
2442,1442
5237,4237
10622,9622
3299,2299
7800,6800
9992,8992
5653,4653
8997,7997
1243,243
4509,3509
8192,7192
5107,4107
4919,3919
8828,7828
9211,8211
9202,8202
6783,5783
3103,2103
6168,5168
1317,317
7868,6868
7669,6669
10298,9298
4402,3402
10859,9859
1388,388
4042,3042
2488,1488
7088,6088
8583,7583
9639,8639
9520,8520
6477,5477
3841,2841
10232,9232
5084,4084
4704,3704
3061,2061
3617,2617
10385,9385
10043,9043
9651,8651
4795,3795
7664,6664
2521,1521
2366,1366
2682,1682
7674,6674
8201,7201
8909,7909
1139,139
4630,3630
4433,3433
9092,8092
7235,6235
6186,5186
8068,7068
5805,4805
6216,5216
2451,1451
9267,8267
10894,9894
7057,6057
5183,4183
9807,8807
4434,3434
1513,513
1968,968
10102,9102
8161,7161
3495,2495
1069,69
8981,7981
4178,3178
9261,8261
3916,2916
1999,999
10751,9751
5487,4487
6032,5032
2704,1704
5295,4295
9056,8056
1445,445
6897,5897
9576,8576
8160,7160
8419,7419
10285,9285
7213,6213
2568,1568
4654,3654
1162,162
2955,1955
7093,6093
5107,4107
7082,6082
5424,4424
6804,5804
3225,2225
4291,3291
2800,1800
2173,1173
9299,8299
1537,537
3386,2386
7473,6473
2607,1607
3242,2242
9996,8996
1174,174
7864,6864
11000,10000
6763,5763
6804,5804
9806,8806
10036,9036
4413,3413
5331,4331
5579,4579
3697,2697
6831,5831
2286,1286
1547,547
10324,9324
10462,9462
2037,1037
6332,5332
9774,8774
3391,2391
8427,7427
2695,1695
9210,8210
6627,5627
1214,214
5892,4892
5840,4840
7061,6061
7878,6878
10608,9608
4043,3043
4751,3751
8198,7198
9086,8086
7860,6860
1056,56
3859,2859
3432,2432
10219,9219
6958,5958
4814,3814
5579,4579
9893,8893
2040,1040
8519,7519
6037,5037
7332,6332
7440,6440
9056,8056
6842,5842
6894,5894
2878,1878
2233,1233
5332,4332
6608,5608
2259,1259
8711,7711
1184,184
3598,2598
5978,4978
6350,5350
5412,4412
10522,9522
6708,5708
2681,1681
7989,6989
8564,7564
10965,9965
3853,2853
10616,9616
3178,2178
3363,2363
2620,1620
8116,7116
10993,9993
3346,2346
3821,2821
8537,7537
7609,6609
10415,9415
2992,1992
10145,9145
7286,6286
8461,7461
1679,679
9029,8029
2217,1217
2719,1719
10391,9391
8798,7798
4959,3959
8584,7584
8185,7185
7509,6509
1340,340
4821,3821
2346,1346
3348,2348
5714,4714
7834,6834
5438,4438
8394,7394
4979,3979
3840,2840
9346,8346
5046,4046
9956,8956
5124,4124
7895,6895
5223,4223
2203,1203
6474,5474
8076,7076
4539,3539
2916,1916
7778,6778
8551,7551
9798,8798
3941,2941
8308,7308
10695,9695
7252,6252
2478,1478
4741,3741
2503,1503
1473,473
9279,8279
8907,7907
5066,4066
2073,1073
8420,7420
1774,774
3253,2253
2331,1331
3951,2951
9089,8089
9091,8091
6712,5712
4031,3031
5053,4053
9887,8887
10601,9601
9587,8587
4325,3325
5473,4473
5806,4806
9044,8044
9630,8630
2943,1943
6229,5229
8386,7386
10553,9553
3047,2047
1953,953
6351,5351
1270,270
9171,8171
8579,7579
7247,6247
10007,9007
1236,236
2513,1513
9888,8888
8267,7267
9365,8365
7902,6902
3235,2235
1496,496
9102,8102
2675,1675
2857,1857
3879,2879
5489,4489
7437,6437
4603,3603
7700,6700
6352,5352
5715,4715
10519,9519
8720,7720
10937,9937
8142,7142
2308,1308
8483,7483
4108,3108
9849,8849
2606,1606
2971,1971
4061,3061
3988,2988
4182,3182
10126,9126
5669,4669
3821,2821
2011,1011
3688,2688
8902,7902
7321,6321
9589,8589
8661,7661
8216,7216
1797,797
10856,9856
10169,9169
10302,9302
3552,2552
9700,8700
2875,1875
4043,3043
3549,2549
8408,7408
8567,7567
9257,8257
1668,668
4015,3015
10390,9390
4450,3450
1433,433
1777,777
1860,860
4467,3467
4880,3880
9532,8532
6910,5910
8067,7067
7776,6776
9968,8968
4485,3485
4610,3610
10251,9251
4269,3269
10139,9139
4252,3252
7733,6733
6564,5564
8827,7827
5884,4884
4206,3206
1434,434
1891,891
4581,3581
6781,5781
7151,6151
5911,4911
9693,8693
9479,8479
8042,7042
10870,9870
5706,4706
4163,3163
5130,4130
8146,7146
7293,6293
2523,1523
9364,8364
7049,6049
10981,9981
2523,1523
5316,4316
4376,3376
10592,9592
6923,5923
9002,8002
7045,6045
2736,1736
1517,517
5617,4617
7040,6040
2374,1374
2417,1417
8395,7395
3490,2490
5814,4814
2409,1409
7359,6359
5115,4115
10048,9048
5261,4261
8384,7384
9026,8026
9355,8355
8247,7247
9851,8851
7823,6823
8374,7374
3863,2863
10784,9784
10363,9363
3927,2927
1852,852
6695,5695
8440,7440
1381,381
5950,4950
2129,1129
5016,4016
10279,9279
10607,9607
10149,9149
2355,1355
5895,4895
8135,7135
4750,3750
1431,431
8774,7774
10400,9400
3074,2074
6002,5002
10337,9337
6138,5138
5729,4729
9642,8642
1876,876
6629,5629
3963,2963
5987,4987
9027,8027
7187,6187
5087,4087
10447,9447
8075,7075
7318,6318
9155,8155
1231,231
10383,9383
7246,6246
5798,4798
10210,9210
8674,7674
6423,5423
6434,5434
6737,5737
1978,978
7486,6486
9113,8113
2727,1727
2994,1994
10856,9856
6846,5846
10704,9704
7455,6455
1937,937
2249,1249
4770,3770
9144,8144
1523,523
10237,9237
8860,7860
7762,6762
5541,4541
10187,9187
10051,9051
4025,3025
9313,8313
4967,3967
6096,5096
10632,9632
1244,244
2270,1270
2526,1526
8364,7364
8703,7703
5407,4407
7921,6921
4885,3885
9038,8038
4960,3960
1296,296
8141,7141
7640,6640
3625,2625
6933,5933
2567,1567
8963,7963
2960,1960
5146,4146
3394,2394
3753,2753
6648,5648
3701,2701
9772,8772
10682,9682
7680,6680
6665,5665
10298,9298
4716,3716
2007,1007
9560,8560
2629,1629
1439,439
10540,9540
4360,3360
9923,8923
6324,5324
8620,7620
10840,9840
5453,4453
2291,1291
6709,5709
1959,959
10956,9956
1654,654
3377,2377
4535,3535
8725,7725
5109,4109
9723,8723
1936,936
1133,133
1853,853
4351,3351
2058,1058
3283,2283
3863,2863
9160,8160
5422,4422
7515,6515
6175,5175
7343,6343
9816,8816
1906,906
10307,9307
8968,7968
2605,1605
3459,2459
6180,5180
3184,2184
7680,6680
8024,7024
4122,3122
8128,7128
7314,6314
7890,6890
4409,3409
3249,2249
3478,2478
6265,5265
3912,2912
5064,4064
3813,2813
2331,1331
1976,976
4204,3204
5193,4193
2067,1067
10143,9143
1740,740
10657,9657
10504,9504
10378,9378
7587,6587
10118,9118
1306,306
3401,2401
5953,4953
5466,4466
2199,1199
3483,2483
2060,1060
10921,9921
9263,8263
10509,9509
3625,2625
9721,8721
7497,6497
8351,7351
5241,4241
6141,5141
1567,567
5184,4184
6657,5657
10779,9779
7414,6414
6051,5051
1875,875
3316,2316
5648,4648
7133,6133
5944,4944
5233,4233
4568,3568
7352,6352
3988,2988
5555,4555
10372,9372
8686,7686
7222,6222
1475,475
3253,2253
6767,5767
3186,2186
3274,2274
10587,9587
9789,8789
8318,7318
5095,4095
10181,9181
9508,8508
8364,7364
5942,4942
6783,5783
1409,409
9242,8242
8922,7922
4487,3487
10846,9846
7593,6593
10108,9108
9285,8285
6154,5154
8385,7385
9645,8645
6444,5444
6715,5715
5235,4235
2318,1318
2579,1579
6561,5561
6148,5148
3691,2691
4271,3271
5565,4565
10903,9903
4523,3523
9634,8634
9733,8733
6458,5458
4355,3355
5568,4568
2810,1810
1716,716
4547,3547
8459,7459
4296,3296
5336,4336
1618,618
6429,5429
1778,778
6520,5520
9411,8411
10055,9055
3895,2895
10135,9135
10077,9077
6515,5515
9366,8366
6669,5669
7498,6498
8745,7745
3480,2480
9705,8705
10971,9971
10563,9563
6422,5422
3052,2052
1419,419
5625,4625
6640,5640
10109,9109
3193,2193
4545,3545
2734,1734
1638,638
7208,6208
5759,4759
10483,9483
9462,8462
4623,3623
1437,437
8260,7260
3784,2784
4761,3761
1622,622
6894,5894
7886,6886
9236,8236
2815,1815
10478,9478
4695,3695
7481,6481
2798,1798
6233,5233
1066,66
9241,8241
3412,2412
1161,161
2842,1842
5531,4531
5993,4993
5540,4540
9141,8141
7531,6531
10905,9905
10509,9509
8093,7093
1310,310
9807,8807
10026,9026
9045,8045
3322,2322
8509,7509
5562,4562
5161,4161
9258,8258
4696,3696
10571,9571
2833,1833
5638,4638
9591,8591
9345,8345
6619,5619
9001,8001
9509,8509
6491,5491
1701,701
2932,1932
5700,4700
8192,7192
3705,2705
7874,6874
5758,4758
3437,2437
1355,355
1224,224
5382,4382
2798,1798
8056,7056
2394,1394
4143,3143
5194,4194
3223,2223
8836,7836
7417,6417
9555,8555
4764,3764
2284,1284
7528,6528
4280,3280
9140,8140
8510,7510
5733,4733
5001,4001
7696,6696
6484,5484
9365,8365
1786,786
1273,273
3125,2125
6076,5076
2287,1287
1144,144
4167,3167
8737,7737
2455,1455
7121,6121
5736,4736
8859,7859
6191,5191
2946,1946
9592,8592
3891,2891
8237,7237
2698,1698
8251,7251
4544,3544
8873,7873
1302,302
10321,9321
5251,4251
4974,3974
7999,6999
8390,7390
5300,4300
8519,7519
1618,618
6229,5229
4151,3151
7255,6255
3823,2823
1343,343
5403,4403
7478,6478
10551,9551
7171,6171
9594,8594
9891,8891
3278,2278
1152,152
10919,9919
10152,9152
9987,8987
4373,3373
7844,6844
3122,2122
8377,7377
4711,3711
6755,5755
3769,2769
10115,9115
6720,5720
10541,9541
8363,7363
4295,3295
9473,8473
9662,8662
8956,7956
7595,6595
4039,3039
7224,6224
10244,9244
3103,2103
3409,2409
7858,6858
1287,287
2452,1452
1099,99
9415,8415
9622,8622
5617,4617
8816,7816
10547,9547
2420,1420
7155,6155
1490,490
8916,7916
4247,3247
10708,9708
5648,4648
1718,718
3677,2677
3575,2575
3563,2563
7746,6746
7541,6541
4767,3767
7691,6691
7145,6145
4916,3916
9125,8125
3845,2845
3824,2824
10870,9870
9624,8624
1100,100
2842,1842
10444,9444
6455,5455
7114,6114
2916,1916
4235,3235
10457,9457
10417,9417
10039,9039
8963,7963
2333,1333
5930,4930
10783,9783
7757,6757
4590,3590
9268,8268
8780,7780
4955,3955
7037,6037
1356,356
7205,6205
3186,2186
5147,4147
4906,3906
6607,5607
9069,8069
3127,2127
6729,5729
2843,1843
9018,8018
1905,905
3696,2696
6948,5948
2696,1696
3725,2725
8434,7434
6544,5544
2888,1888
9206,8206
3736,2736
4359,3359
2314,1314
4434,3434
1524,524
5811,4811
3887,2887
4043,3043
5607,4607
8892,7892
2229,1229
3888,2888
3964,2964
3862,2862
9167,8167
8858,7858
7478,6478
3527,2527
6579,5579
5497,4497
5970,4970
10867,9867
7047,6047
8309,7309
2551,1551
8767,7767
6284,5284
10947,9947
5821,4821
1963,963
5107,4107
5769,4769
9529,8529
2625,1625
3922,2922
6933,5933
1277,277
4517,3517
1759,759
9222,8222
3154,2154
1404,404
7691,6691
7282,6282
2870,1870
5298,4298
4157,3157
8902,7902
7175,6175
9968,8968
9865,8865
2570,1570
5247,4247
6458,5458
9028,8028
5974,4974
9065,8065
7708,6708
7000,6000
6086,5086
5019,4019
4318,3318
2056,1056
4136,3136
1466,466
1369,369
8965,7965
5388,4388
9740,8740
5960,4960
6191,5191
2454,1454
5772,4772
2403,1403
3894,2894
8306,7306
5487,4487
3406,2406
10709,9709
1589,589
9122,8122
5406,4406
5220,4220
3884,2884
7685,6685
3585,2585
7809,6809
6070,5070
7132,6132
3839,2839
9478,8478
7954,6954
2886,1886
7026,6026
2090,1090
9413,8413
7647,6647
3398,2398
5950,4950
3460,2460
2018,1018
9614,8614
3245,2245
10868,9868
10055,9055
10179,9179
4551,3551
5014,4014
1079,79
10737,9737
1893,893
2799,1799
4281,3281
8427,7427
7428,6428
6589,5589
8437,7437
3695,2695
5271,4271
9210,8210
8854,7854
8442,7442
2917,1917
10909,9909
9658,8658
9419,8419
7629,6629
1062,62
6914,5914
7909,6909
4158,3158
6354,5354
3384,2384
7974,6974
10446,9446
10427,9427
2149,1149
8754,7754
9039,8039
3626,2626
9171,8171
10353,9353
9176,8176
8253,7253
10548,9548
8406,7406
7014,6014
2774,1774
8681,7681
2189,1189
8688,7688
3799,2799
6723,5723
10025,9025
9977,8977
4609,3609
8631,7631
6807,5807
3363,2363
6701,5701
6345,5345
4597,3597
7497,6497
8222,7222
8073,7073
3518,2518
1752,752
7376,6376
8319,7319
8217,7217
10991,9991
1689,689
7313,6313
8064,7064
5133,4133
5294,4294
2654,1654
5817,4817
4885,3885
5248,4248
9619,8619
10969,9969
9114,8114
4648,3648
5740,4740
2413,1413
1161,161
10689,9689
10352,9352
4758,3758
4501,3501
5010,4010
1436,436
6112,5112
2286,1286
1241,241
9161,8161
2001,1001
9183,8183
10741,9741
1849,849
2513,1513
3506,2506
10339,9339
7575,6575
7132,6132
2447,1447
5287,4287
1266,266
8883,7883
1554,554
10979,9979
8784,7784
1928,928
4808,3808
7607,6607
5983,4983
7324,6324
5689,4689
9868,8868
8028,7028
4854,3854
3454,2454
4852,3852
4722,3722
8345,7345
9522,8522
4803,3803
3201,2201
4306,3306
2546,1546
8157,7157
6109,5109
1953,953
6193,5193
7854,6854
8738,7738
9976,8976
7428,6428
5008,4008
6972,5972
5591,4591
2733,1733
7778,6778
9590,8590
1589,589
5103,4103
5714,4714
7048,6048
10800,9800
7315,6315
1635,635
4060,3060
4478,3478
10684,9684
9499,8499
8389,7389
4666,3666
5208,4208
1546,546
8391,7391
5993,4993
3258,2258
1830,830
9587,8587
4671,3671
10151,9151
6888,5888
1144,144
7577,6577
3635,2635
2544,1544
8709,7709
3114,2114
7298,6298
1432,432
4740,3740
3924,2924
10764,9764
8353,7353
5242,4242
8090,7090
9952,8952
8502,7502
8502,7502
3472,2472
6487,5487
7888,6888
1706,706
1180,180
7768,6768
8071,7071
2416,1416
6505,5505
2876,1876
3178,2178
4722,3722
3954,2954
9642,8642
4952,3952
5594,4594
1954,954
6907,5907
9339,8339
5688,4688
2233,1233
5613,4613
8477,7477
2656,1656
5314,4314
7091,6091
8586,7586
7826,6826
8921,7921
3589,2589
6317,5317
3221,2221
8011,7011
8968,7968
8252,7252
8082,7082
5682,4682
7331,6331
4806,3806
8353,7353
2007,1007
1051,51
3301,2301
5813,4813
8911,7911
4301,3301
6107,5107
4370,3370
10173,9173
1703,703
10701,9701
9579,8579
3533,2533
5604,4604
6634,5634
6967,5967
5300,4300
7459,6459
5234,4234
5725,4725
6688,5688
2306,1306
7416,6416
3291,2291
10571,9571
8863,7863
4063,3063
6156,5156
7283,6283
6122,5122
8767,7767
1342,342
7333,6333
7921,6921
4779,3779
1499,499
7910,6910
5710,4710
7888,6888
3361,2361
5781,4781
6160,5160
1166,166
4927,3927
6012,5012
9067,8067
8799,7799
7556,6556
4498,3498
8318,7318
3215,2215
10430,9430
1829,829
8582,7582
1321,321
9639,8639
6718,5718
9845,8845
10437,9437
2696,1696
2367,1367
9064,8064
3635,2635
1347,347
4272,3272
8509,7509
5245,4245
5998,4998
6113,5113
1225,225
6678,5678
1531,531
1904,904
6305,5305
2217,1217
2877,1877
6391,5391
7955,6955
10639,9639
4504,3504
8617,7617
4391,3391
8686,7686
9191,8191
2309,1309
6948,5948
3569,2569
8618,7618
3710,2710
4846,3846
5706,4706
8157,7157
10056,9056
1850,850
3675,2675
1581,581
7706,6706
10234,9234
7362,6362
7659,6659
7636,6636
10538,9538
8235,7235
4656,3656
8202,7202
8640,7640
8001,7001
5291,4291
1041,41
6568,5568
1850,850
3082,2082
9915,8915
10570,9570
3683,2683
2076,1076
5510,4510
10922,9922
7865,6865
6447,5447
6101,5101
8418,7418
1708,708
6027,5027
4451,3451
9225,8225
2631,1631
4742,3742
3812,2812
9543,8543
6949,5949
7416,6416
4295,3295
6176,5176
8797,7797
3568,2568
9983,8983
2897,1897
8362,7362
6095,5095
1788,788
9160,8160
4121,3121
9605,8605
9947,8947
8625,7625
7660,6660
5817,4817
3136,2136
9009,8009
3024,2024
4428,3428
5381,4381
9605,8605
3535,2535
9498,8498
2809,1809
10828,9828
6497,5497
10222,9222
2372,1372
9978,8978
8410,7410
1150,150
3856,2856
7625,6625
5010,4010
4119,3119
2001,1001
8204,7204
7195,6195
9152,8152
8592,7592
8963,7963
1102,102
4305,3305
5807,4807
7129,6129
9240,8240
2560,1560
2587,1587
1503,503
8715,7715
2799,1799
3981,2981
8605,7605
3932,2932
4926,3926
6123,5123
10930,9930
6105,5105
4622,3622
1712,712
5317,4317
8813,7813
7820,6820
9817,8817
6266,5266
3035,2035
1175,175
7774,6774
7772,6772
9157,8157
8160,7160
6345,5345
1260,260
8246,7246
7769,6769
3986,2986
8095,7095
2019,1019
5039,4039
6226,5226
2474,1474
6601,5601
1655,655
9766,8766
2193,1193
7802,6802
2091,1091
6481,5481
5620,4620
7787,6787
5700,4700
4338,3338
9984,8984
1763,763
5422,4422
4270,3270
10665,9665
8866,7866
5247,4247
1395,395
3590,2590
9530,8530
10385,9385
1974,974
9304,8304
10613,9613
10894,9894
8638,7638
5129,4129
9327,8327
5020,4020
10517,9517
9409,8409
5755,4755
3220,2220
5181,4181
7762,6762
2675,1675
4729,3729
3651,2651
3565,2565
6894,5894
4611,3611
5765,4765
8904,7904
5359,4359
2717,1717
1781,781
4957,3957
10297,9297
8873,7873
5406,4406
8510,7510
2873,1873
10211,9211
2503,1503
4161,3161
9412,8412
3001,2001
2722,1722
9264,8264
3746,2746
9248,8248
3860,2860
7987,6987
1734,734
8003,7003
2610,1610
8379,7379
10791,9791
4060,3060
10893,9893
6966,5966
6127,5127
1445,445
6205,5205
4695,3695
2066,1066
3126,2126
3306,2306
5927,4927
1621,621
6630,5630
1458,458
8428,7428
1693,693
2942,1942
8087,7087
1780,780
1091,91
4986,3986
3741,2741
4641,3641
5824,4824
2546,1546
3135,2135
7857,6857
10531,9531
5202,4202
7467,6467
6902,5902
1041,41
9143,8143
4201,3201
8296,7296
9343,8343
2316,1316
8314,7314
9072,8072
10472,9472
9970,8970
3473,2473
4463,3463
10452,9452
1971,971
9147,8147
10972,9972
2371,1371
9404,8404
1561,561
3937,2937
9663,8663
5445,4445
5726,4726
9246,8246
6573,5573
1952,952
8350,7350
7550,6550
5244,4244
9996,8996
2587,1587
5039,4039
3122,2122
2586,1586
7193,6193
7131,6131
6694,5694
1950,950
6047,5047
6423,5423
5514,4514
6441,5441
2084,1084
5966,4966
1435,435
5974,4974
8326,7326
4299,3299
9319,8319
10112,9112
8729,7729
2940,1940
8535,7535
6259,5259
4741,3741
2776,1776
6366,5366
10200,9200
6137,5137
4590,3590
2424,1424
4261,3261
5745,4745
6615,5615
1638,638
10399,9399
6592,5592
9853,8853
7585,6585
10463,9463
5326,4326
9783,8783
5977,4977
2861,1861
1979,979
9524,8524
7352,6352
7601,6601
3691,2691
4252,3252
8051,7051
5487,4487
2455,1455
6392,5392
3013,2013
1677,677
5364,4364
2021,1021
7397,6397
10742,9742
9333,8333
4203,3203
1186,186
3568,2568
10197,9197
10044,9044
8810,7810
1622,622
9253,8253
3494,2494
1544,544
7446,6446
5402,4402
5725,4725
9773,8773
5413,4413
3855,2855
2113,1113
7179,6179
8729,7729
2603,1603
2633,1633
9153,8153
10940,9940
1863,863
4582,3582
8509,7509
7685,6685
4261,3261
1522,522
2052,1052
7435,6435
6479,5479
3816,2816
1608,608
7169,6169
6482,5482
4053,3053
9900,8900
7144,6144
2000,1000
2166,1166
2387,1387
3619,2619
5056,4056
2183,1183
4447,3447
2809,1809
2550,1550
3276,2276
4167,3167
5779,4779
3284,2284
8274,7274
10258,9258
5101,4101
5163,4163
6722,5722
9548,8548
6074,5074
9087,8087
1711,711
10057,9057
6578,5578
7981,6981
9505,8505
5617,4617
6792,5792
1027,27
8136,7136
4559,3559
4269,3269
9446,8446
6585,5585
5772,4772
5598,4598
2303,1303
3727,2727
5296,4296
9884,8884
7544,6544
5564,4564
9048,8048
9085,8085
3102,2102
10404,9404
8811,7811
5685,4685
8997,7997
6459,5459
3404,2404
5067,4067
9507,8507
10945,9945
1319,319
8087,7087
10111,9111
3138,2138
4044,3044
2719,1719
7700,6700
5247,4247
3664,2664
3226,2226
8906,7906
5777,4777
7857,6857
10270,9270
8792,7792
5795,4795
6590,5590
6631,5631
6564,5564
3723,2723
3498,2498
1082,82
9648,8648
5540,4540
3733,2733
3618,2618
6461,5461
10429,9429
2155,1155
3834,2834
5065,4065
6831,5831
4952,3952
1510,510
9031,8031
8767,7767
4368,3368
3775,2775
8557,7557
3905,2905
5898,4898
6538,5538
10770,9770
9400,8400
1551,551
10756,9756
5258,4258
9903,8903
7850,6850
3769,2769
4750,3750
9748,8748
8131,7131
4663,3663
6990,5990
4154,3154
2440,1440
9256,8256
10357,9357
7676,6676
7058,6058
5403,4403
1208,208
3558,2558
5289,4289
5507,4507
2077,1077
10807,9807
9781,8781
10444,9444
8469,7469
4697,3697
9134,8134
1872,872
6061,5061
1510,510
9547,8547
2948,1948
6861,5861
5919,4919
4714,3714
5129,4129
7539,6539
7087,6087
8802,7802
7836,6836
7460,6460
2158,1158
7941,6941
2273,1273
3755,2755
8030,7030
6304,5304
10009,9009
8406,7406
2251,1251
5897,4897
4744,3744
8911,7911
8789,7789
6683,5683
3814,2814
9938,8938
2750,1750
4406,3406
7053,6053
2087,1087
5367,4367
1289,289
7022,6022
5495,4495
4379,3379
10410,9410
4483,3483
1604,604
9808,8808
7272,6272
10769,9769
7050,6050
2287,1287
3617,2617
5655,4655
3541,2541
2827,1827
3097,2097
7346,6346
4761,3761
10280,9280
7500,6500
7554,6554
4098,3098
4851,3851
4608,3608
7357,6357
10189,9189
7741,6741
5807,4807
5601,4601
1585,585
2848,1848
9633,8633
1220,220
3179,2179
4872,3872
9626,8626
9627,8627
4909,3909
9376,8376
3302,2302
3556,2556
5773,4773
2263,1263
6893,5893
3002,2002
4817,3817
4390,3390
6408,5408
7435,6435
7780,6780
3893,2893
5564,4564
6806,5806
10442,9442
2300,1300
4514,3514
9422,8422
2797,1797
3128,2128
5948,4948
9418,8418
9903,8903
1442,442
6739,5739
6285,5285
9185,8185
9609,8609
3371,2371
8861,7861
7319,6319
1362,362
1086,86
2089,1089
5224,4224
1414,414
8273,7273
10553,9553
8577,7577
5243,4243
6998,5998
5512,4512
10837,9837
3088,2088
10268,9268
7433,6433
7713,6713
6424,5424
9731,8731
6241,5241
2574,1574
7309,6309
6142,5142
4560,3560
8142,7142
4537,3537
1514,514
5214,4214
3271,2271
10623,9623
8181,7181
8688,7688
3324,2324
3713,2713
7472,6472
5162,4162
1160,160
9834,8834
4695,3695
9941,8941
2711,1711
2850,1850
4248,3248
1302,302
3189,2189
7739,6739
9611,8611
5309,4309
2731,1731
5766,4766
5074,4074
5620,4620
9548,8548
3991,2991
3300,2300
10061,9061
3325,2325
3145,2145
6816,5816
2360,1360
4617,3617
1388,388
4479,3479
9703,8703
8106,7106
5777,4777
2073,1073
10951,9951
5040,4040
8389,7389
9582,8582
5347,4347
8780,7780
8919,7919
1541,541
1071,71
3223,2223
8963,7963
4896,3896
3783,2783
7892,6892
5920,4920
8991,7991
3429,2429
7689,6689
5636,4636
8901,7901
10619,9619
5513,4513
4494,3494
2032,1032
1127,127
10396,9396
6917,5917
7446,6446
4174,3174
1063,63
10473,9473
2608,1608
5044,4044
6275,5275
10247,9247
9750,8750
1256,256
7540,6540
9007,8007
9081,8081
2664,1664
6398,5398
7032,6032
3706,2706
8176,7176
3486,2486
4279,3279
5521,4521
6478,5478
5039,4039
8931,7931
5818,4818
5208,4208
3548,2548
7918,6918
10402,9402
9219,8219
8151,7151
2878,1878
3651,2651
10120,9120
6775,5775
1065,65
5294,4294
7494,6494
6898,5898
6713,5713
1065,65
7594,6594
3149,2149
8015,7015
2521,1521
4537,3537
4203,3203
2629,1629
3942,2942
9427,8427
5242,4242
6703,5703
10402,9402
3248,2248
5855,4855
3792,2792
1597,597
7920,6920
3876,2876
3496,2496
2375,1375
10396,9396
10739,9739
8323,7323
4331,3331
8558,7558
1524,524
6294,5294
1405,405
10176,9176
3034,2034
6998,5998
4081,3081
10108,9108
6528,5528
2025,1025
7756,6756
7185,6185
7077,6077
5188,4188
6290,5290
10583,9583
9889,8889
8646,7646
9306,8306
9334,8334
4597,3597
9135,8135
5887,4887
10592,9592
1190,190
9649,8649
1640,640
7421,6421
7912,6912
9117,8117
3967,2967
6678,5678
5053,4053
8207,7207
6662,5662
1088,88
1323,323
8162,7162
1960,960
5908,4908
6565,5565
6851,5851
3719,2719
9362,8362
5285,4285
8241,7241
2626,1626
3270,2270
1470,470
8690,7690
3163,2163
5234,4234
8147,7147
6840,5840
1698,698
9861,8861
7973,6973
5020,4020
9623,8623
8302,7302
1041,41
2178,1178
8758,7758
9805,8805
2481,1481
4719,3719
6833,5833
1418,418
4785,3785
10881,9881
9682,8682
9245,8245
2732,1732
1675,675
6833,5833
2374,1374
1212,212
4354,3354
6417,5417
1761,761
2835,1835
10791,9791
3578,2578
9769,8769
5809,4809
5813,4813
10405,9405
10094,9094
6650,5650
9511,8511
5705,4705
10074,9074
5506,4506
7252,6252
2863,1863
4389,3389
6620,5620
6246,5246
3270,2270
2660,1660
9394,8394
4168,3168
7884,6884
2861,1861
2354,1354
4917,3917
5886,4886
7817,6817
10882,9882
4758,3758
6913,5913
10720,9720
1763,763
7915,6915
6709,5709
2672,1672
2480,1480
7346,6346
9351,8351
4465,3465
6684,5684
10623,9623
2545,1545
8396,7396
10935,9935
5350,4350
4880,3880
7703,6703
8750,7750
4499,3499
7749,6749
3408,2408
5892,4892
10893,9893
2772,1772
3871,2871
6499,5499
5677,4677
9796,8796
5255,4255
3341,2341
4988,3988
6174,5174
3317,2317
8629,7629
1100,100
3325,2325
8569,7569
10776,9776
8150,7150
5584,4584
10287,9287
8793,7793
9296,8296
2312,1312
4926,3926
6436,5436
8166,7166
5951,4951
6941,5941
10184,9184
5435,4435
8718,7718
7765,6765
8872,7872
2951,1951
4830,3830
1106,106
5453,4453
5337,4337
3822,2822
1179,179
9733,8733
7365,6365
1130,130
2811,1811
9258,8258
8292,7292
8345,7345
7622,6622
9995,8995
2850,1850
5363,4363
4187,3187
7841,6841
9323,8323
5365,4365
5943,4943
2148,1148
8347,7347
9728,8728
7750,6750
4896,3896
10423,9423
3648,2648
10594,9594
5061,4061
2193,1193
1927,927
9764,8764
4201,3201
3021,2021
1179,179
5293,4293
1649,649
1447,447
9703,8703
2925,1925
3341,2341
1671,671
2993,1993
4441,3441
4449,3449
5174,4174
6391,5391
10750,9750
8774,7774
8926,7926
7978,6978
9489,8489
10198,9198
6197,5197
8840,7840
1607,607
6804,5804
6652,5652
5409,4409
7804,6804
3752,2752
10649,9649
9383,8383
6333,5333
10930,9930
2095,1095
2991,1991
8489,7489
6281,5281
7207,6207
8456,7456
6983,5983
4976,3976
7744,6744
3208,2208
5321,4321
10981,9981
6809,5809
6333,5333
5862,4862
9530,8530
4273,3273
8965,7965
3824,2824
3615,2615
8499,7499
1512,512
6837,5837
3991,2991
3290,2290
4787,3787
8855,7855
2652,1652
10018,9018
8477,7477
5945,4945
9730,8730
2631,1631
3914,2914
10882,9882
10340,9340
1057,57
5409,4409
3441,2441
7047,6047
4567,3567
4365,3365
8105,7105
10774,9774
5698,4698
9223,8223
8338,7338
1236,236
3385,2385
1295,295
5547,4547
8331,7331
9018,8018
7171,6171
1854,854
3305,2305
2386,1386
5080,4080
4306,3306
10226,9226
3682,2682
1753,753
1348,348
6372,5372
8696,7696
2483,1483
2057,1057
3251,2251
8216,7216
9626,8626
1998,998
10796,9796
4773,3773
7334,6334
4219,3219
10344,9344
2573,1573
10051,9051
1729,729
4308,3308
7116,6116
6607,5607
4329,3329
8265,7265
8486,7486
7361,6361
2728,1728
8369,7369
4953,3953
2353,1353
9153,8153
8387,7387
5938,4938
5096,4096
7407,6407
6537,5537
4030,3030
9423,8423
6183,5183
7211,6211
5329,4329
6685,5685
6186,5186
5964,4964
1262,262
4163,3163
4301,3301
1467,467
9271,8271
8105,7105
4742,3742
9755,8755
1279,279
9975,8975
9046,8046
3645,2645
4926,3926
8482,7482
9308,8308
4199,3199
6989,5989
3978,2978
10038,9038
10926,9926
2750,1750
3438,2438
3160,2160
3475,2475
8305,7305
8519,7519
9463,8463
1325,325
10403,9403
10995,9995
7125,6125
2178,1178
2302,1302
9059,8059
8559,7559
10761,9761
2799,1799
6573,5573
5322,4322
7227,6227
8994,7994
10938,9938
10381,9381
1195,195
10291,9291
4592,3592
3869,2869
9528,8528
8035,7035
7683,6683
2759,1759
10311,9311
5096,4096
8352,7352
8244,7244
2643,1643
8780,7780
6969,5969
6306,5306
7676,6676
7434,6434
1904,904
7978,6978
1554,554
2358,1358
10856,9856
6937,5937
10149,9149
10698,9698
5494,4494
3357,2357
5718,4718
1484,484
2248,1248
1974,974
5478,4478
1967,967
3614,2614
10083,9083
1693,693
10931,9931
10007,9007
4450,3450
9831,8831
3021,2021
6503,5503
9401,8401
3676,2676
4201,3201
2083,1083
9092,8092
7818,6818
7352,6352
10323,9323
1745,745
8240,7240
3698,2698
3857,2857
10515,9515
6244,5244
3820,2820
1368,368
3732,2732
1548,548
7543,6543
6973,5973
8358,7358
6140,5140
2103,1103
5225,4225
7448,6448
9525,8525
9343,8343
5733,4733
8920,7920
4387,3387
7267,6267
8755,7755
2940,1940
8430,7430
10190,9190
3835,2835
5201,4201
4382,3382
1415,415
4780,3780
6440,5440
9526,8526
3626,2626
5664,4664
5222,4222
3254,2254
10203,9203
5753,4753
9069,8069
9652,8652
1067,67
3586,2586
9801,8801
4915,3915
8829,7829
9135,8135
2027,1027
1990,990
6164,5164
5832,4832
9505,8505
3274,2274
8144,7144
4114,3114
8102,7102
2599,1599
8373,7373
5580,4580
6519,5519
6227,5227
8808,7808
6857,5857
6923,5923
6373,5373
10877,9877
7624,6624
10308,9308
7147,6147
2404,1404
9710,8710
8060,7060
8477,7477
3097,2097
3455,2455
2959,1959
8877,7877
6112,5112
2261,1261
5561,4561
8112,7112
2401,1401
7695,6695
7248,6248
9061,8061
9563,8563
1156,156
4113,3113
10133,9133
10071,9071
4343,3343
1187,187
8138,7138
7511,6511
1282,282
4756,3756
1756,756
8334,7334
5718,4718
1476,476
3491,2491
6905,5905
9637,8637
9341,8341
5790,4790
10762,9762
2757,1757
3310,2310
3150,2150
3138,2138
10582,9582
5472,4472
9265,8265
5007,4007
4963,3963
9639,8639
3703,2703
9523,8523
2306,1306
2114,1114
2697,1697
5669,4669
1400,400
3045,2045
1578,578
1036,36
6194,5194
9656,8656
5132,4132
7826,6826
7864,6864
9118,8118
2237,1237
1396,396
7890,6890
4300,3300
4617,3617
2126,1126
3267,2267
9633,8633
3934,2934
2253,1253
7335,6335
1753,753
8414,7414
5090,4090
1266,266
9584,8584
6284,5284
6760,5760
9167,8167
2200,1200
5096,4096
5828,4828
7005,6005
9809,8809
5957,4957
7558,6558
6913,5913
1603,603
8430,7430
4122,3122
3552,2552
3560,2560
1944,944
5335,4335
2858,1858
7971,6971
6254,5254
7912,6912
3425,2425
9161,8161
3506,2506
10542,9542
9239,8239
3561,2561
1480,480
6368,5368
10437,9437
2549,1549
10298,9298
10900,9900
4730,3730
3633,2633
2119,1119
6510,5510
3815,2815
2403,1403
9585,8585
8934,7934
4509,3509
7370,6370
6953,5953
2505,1505
5323,4323
7575,6575
4525,3525
2164,1164
8693,7693
9980,8980
8160,7160
10467,9467
4726,3726
5431,4431
7579,6579
10644,9644
2432,1432
5048,4048
4332,3332
4192,3192
8742,7742
5734,4734
2073,1073
1721,721
4059,3059
2138,1138
1173,173
6298,5298
3708,2708
5222,4222
3973,2973
9172,8172
2560,1560
1414,414
1559,559
1690,690
2268,1268
1182,182
8599,7599
1009,9
3957,2957
1676,676
2263,1263
1266,266
2434,1434
7009,6009
7484,6484
5433,4433
2591,1591
9736,8736
8048,7048
3738,2738
9128,8128
4640,3640
6818,5818
5182,4182
8943,7943
7226,6226
10383,9383
1550,550
2858,1858
2460,1460
1680,680
7247,6247
9079,8079
5449,4449
6225,5225
10622,9622
6051,5051
4816,3816
9263,8263
9236,8236
2114,1114
2152,1152
4264,3264
4733,3733
3275,2275
6588,5588
1695,695
6033,5033
10740,9740
5942,4942
6990,5990
6862,5862
1709,709
2250,1250
10035,9035
3127,2127
5680,4680
9073,8073
7648,6648
6433,5433
4360,3360
6855,5855
2115,1115
8404,7404
8174,7174
5988,4988
4362,3362
5234,4234
1015,15
7212,6212
5265,4265
9089,8089
10732,9732
4438,3438
8914,7914
6326,5326
7586,6586
10121,9121
5903,4903
4614,3614
8117,7117
8881,7881
9939,8939
6274,5274
6034,5034
10555,9555
5115,4115
5026,4026
9425,8425
7604,6604
10097,9097
8447,7447
5322,4322
5927,4927
3788,2788
10089,9089
7498,6498
3116,2116
8478,7478
10666,9666
3732,2732
1959,959
3006,2006
4210,3210
7430,6430
8259,7259
2749,1749
10262,9262
2298,1298
7367,6367
3684,2684
7530,6530
1101,101
6040,5040
1357,357
4091,3091
3993,2993
5496,4496
2259,1259
7328,6328
8861,7861
10514,9514
2396,1396
7650,6650
3276,2276
8539,7539
5675,4675
5358,4358
7923,6923
10518,9518
9204,8204
5456,4456
5374,4374
6690,5690
5450,4450
3424,2424
2749,1749
4349,3349
8787,7787
4497,3497
1365,365
5491,4491
4885,3885
3217,2217
10612,9612
5177,4177
4178,3178
10756,9756
4279,3279
9779,8779
2669,1669
10770,9770
2020,1020
9189,8189
7713,6713
5969,4969
1407,407
9758,8758
3756,2756
1852,852
5062,4062
2923,1923
2495,1495
7610,6610
8447,7447
8412,7412
10165,9165
9094,8094
5625,4625
10079,9079
6392,5392
9675,8675
4157,3157
10597,9597
8241,7241
5770,4770
7995,6995
1997,997
1660,660
9540,8540
10982,9982
6967,5967
8767,7767
6972,5972
6728,5728
4172,3172
1747,747
2960,1960
9615,8615
4899,3899
2192,1192
7741,6741
8236,7236
7663,6663
4849,3849
6974,5974
9410,8410
7598,6598
5392,4392
7968,6968
7974,6974
7697,6697
1824,824
3060,2060
5004,4004
5972,4972
3660,2660
6469,5469
9747,8747
6256,5256
10245,9245
8569,7569
1977,977
1556,556
2577,1577
5772,4772
10280,9280
1587,587
9601,8601
9167,8167
7793,6793
9116,8116
5570,4570
4267,3267
9335,8335
1638,638
7127,6127
4844,3844
9824,8824
10211,9211
7246,6246
4873,3873
8238,7238
4965,3965
2369,1369
2413,1413
1056,56
1146,146
10420,9420
5756,4756
9788,8788
3166,2166
5108,4108
1033,33
5810,4810
10901,9901
10257,9257
5277,4277
8864,7864
4065,3065
7676,6676
5995,4995
1523,523
3328,2328
8998,7998
2556,1556
7994,6994
2228,1228
8820,7820
7017,6017
3762,2762
4437,3437
7307,6307
1123,123
8801,7801
3719,2719
4605,3605
3131,2131
9626,8626
7325,6325
2708,1708
10334,9334
10900,9900
6281,5281
5366,4366
9263,8263
9842,8842
6007,5007
6119,5119
9046,8046
3767,2767
5846,4846
1057,57
7037,6037
6448,5448
4997,3997
7689,6689
9520,8520
10618,9618
7554,6554
9997,8997
1211,211
7039,6039
9594,8594
9262,8262
3922,2922
5276,4276
7697,6697
3857,2857
9358,8358
5948,4948
1854,854
2738,1738
9162,8162
5554,4554
2278,1278
1437,437
9203,8203
9660,8660
2329,1329
2917,1917
8052,7052
1395,395
4589,3589
9457,8457
1782,782
9547,8547
9952,8952
5991,4991
8042,7042
8509,7509
8270,7270
3596,2596
5049,4049
10772,9772
1470,470
10401,9401
5607,4607
7449,6449
8258,7258
3418,2418
3938,2938
2165,1165
4554,3554
2498,1498
5707,4707
1272,272
6701,5701
9374,8374
7397,6397
6992,5992
10325,9325
7660,6660
8968,7968
6332,5332
2375,1375
8570,7570
4882,3882
1631,631
10613,9613
6555,5555
6806,5806
1591,591
5022,4022
10239,9239
9794,8794
2211,1211
1534,534
6604,5604
9608,8608
7382,6382
4143,3143
8087,7087
1344,344
5773,4773
9799,8799
3245,2245
6401,5401
5523,4523
4542,3542
3046,2046
7484,6484
4116,3116
2563,1563
3979,2979
8509,7509
8963,7963
6457,5457
1459,459
3832,2832
8354,7354
5468,4468
10071,9071
9358,8358
8274,7274
8341,7341
5089,4089
4213,3213
9957,8957
9237,8237
8315,7315
8978,7978
10060,9060
9409,8409
7057,6057
4721,3721
5008,4008
4767,3767
5993,4993
6252,5252
8158,7158
2799,1799
5213,4213
10289,9289
9727,8727
8760,7760
9308,8308
3205,2205
1715,715
6530,5530
3539,2539
1621,621
5049,4049
1099,99
2257,1257
8664,7664
8656,7656
9137,8137
4154,3154
8841,7841
4977,3977
2885,1885
5333,4333
3774,2774
8838,7838
10671,9671
9256,8256
10299,9299
1121,121
5321,4321
3938,2938
8243,7243
9231,8231
2403,1403
8087,7087
7326,6326
2466,1466
7073,6073
5555,4555
9630,8630
2547,1547
3575,2575
7451,6451
7323,6323
5193,4193
9383,8383
4757,3757
4097,3097
8044,7044
3367,2367
8226,7226
8284,7284
8848,7848
3481,2481
4722,3722
3828,2828
4031,3031
10557,9557
6268,5268
10553,9553
4918,3918
3843,2843
10011,9011
9804,8804
8653,7653
5347,4347
5415,4415
1543,543
3222,2222
3822,2822
2513,1513
1900,900
1081,81
7106,6106
3119,2119
5167,4167
9598,8598
8493,7493
2482,1482
3941,2941
10224,9224
6854,5854
3589,2589
4962,3962
9045,8045
10819,9819
7460,6460
1213,213
4113,3113
5070,4070
7701,6701
7710,6710
1476,476
9942,8942
7606,6606
5152,4152
8738,7738
3952,2952
5644,4644
7442,6442
3483,2483
2527,1527
5086,4086
8551,7551
5986,4986
9934,8934
5985,4985
2768,1768
4457,3457
7986,6986
7533,6533
5614,4614
4411,3411
10271,9271
9992,8992
8324,7324
5503,4503
3399,2399
1296,296
7147,6147
4929,3929
2480,1480
5190,4190
9942,8942
10980,9980
4456,3456
4581,3581
1685,685
9661,8661
5407,4407
6317,5317
5437,4437
5600,4600
9045,8045
10197,9197
5474,4474
8675,7675
9248,8248
8547,7547
10610,9610
8292,7292
4583,3583
3882,2882
8621,7621
7289,6289
4681,3681
9402,8402
4270,3270
1822,822
7138,6138
6693,5693
7976,6976
6016,5016
9021,8021
2757,1757
3482,2482
1550,550
5306,4306
10891,9891
5927,4927
2081,1081
7450,6450
2922,1922
5785,4785
9111,8111
6337,5337
9493,8493
2992,1992
2906,1906
6394,5394
9558,8558
6671,5671
10760,9760
4532,3532
9788,8788
2598,1598
1884,884
7859,6859
10135,9135
2111,1111
2130,1130
9536,8536
3493,2493
10610,9610
7031,6031
4907,3907
4055,3055
3182,2182
2565,1565
6125,5125
9595,8595
3775,2775
8441,7441
1841,841
1461,461
7689,6689
6135,5135
1844,844
8542,7542
3459,2459
3096,2096
3973,2973
3556,2556
6126,5126
8159,7159
5138,4138
2726,1726
10409,9409
6121,5121
8183,7183
3743,2743
6994,5994
7578,6578
10942,9942
6685,5685
6968,5968
5996,4996
3947,2947
8992,7992
10004,9004
7243,6243
4467,3467
1397,397
8145,7145
1893,893
8639,7639
7760,6760
4719,3719
9786,8786
4380,3380
5716,4716
4547,3547
2186,1186
3117,2117
1045,45
6297,5297
9155,8155
6453,5453
6046,5046
1324,324
7202,6202
10747,9747
4164,3164
4448,3448
1300,300
2378,1378
7150,6150
1445,445
9661,8661
2226,1226
10189,9189
10086,9086
5771,4771
9048,8048
6852,5852
9811,8811
4300,3300
4264,3264
10554,9554
5798,4798
1814,814
8991,7991
7715,6715
9346,8346
7050,6050
3059,2059
1193,193
10417,9417
10576,9576
2475,1475
8522,7522
3167,2167
1240,240
7871,6871
7033,6033
5227,4227
2852,1852
3991,2991
6849,5849
5392,4392
6642,5642
5980,4980
1856,856
6476,5476
10741,9741
6303,5303
4712,3712
5725,4725
6545,5545
7594,6594
10763,9763
5540,4540
4747,3747
5443,4443
6910,5910
3758,2758
10377,9377
4286,3286
8118,7118
9929,8929
1578,578
3908,2908
10761,9761
6788,5788
10358,9358
6708,5708
2069,1069
7171,6171
8285,7285
4472,3472
10283,9283
8336,7336
6889,5889
10648,9648
2837,1837
5100,4100
10042,9042
4228,3228
5912,4912
4858,3858
5489,4489
4753,3753
2809,1809
7571,6571
2779,1779
6458,5458
9809,8809
8935,7935
3342,2342
1779,779
7207,6207
4896,3896
8092,7092
5945,4945
4553,3553
3285,2285
9322,8322
3209,2209
6154,5154
9789,8789
3584,2584
4023,3023
2597,1597
10613,9613
5249,4249
8867,7867
6954,5954
3484,2484
6009,5009
3483,2483
10710,9710
8445,7445
8117,7117
9753,8753
6610,5610
6868,5868
10093,9093
7066,6066
10589,9589
8479,7479
5754,4754
10826,9826
6390,5390
8107,7107
2819,1819
4232,3232
7146,6146
8020,7020
7074,6074
10233,9233
6913,5913
9442,8442
4853,3853
8999,7999
10620,9620
9710,8710
3981,2981
7730,6730
4961,3961
9142,8142
8717,7717
8050,7050
9108,8108
4528,3528
2963,1963
5071,4071
8811,7811
6325,5325
4291,3291
9621,8621
9370,8370
3376,2376
6670,5670
5676,4676
4440,3440
10157,9157
10193,9193
8523,7523
7549,6549
1816,816
8348,7348
3509,2509
1381,381
1078,78
8387,7387
6344,5344
2365,1365
7170,6170
8522,7522
9499,8499
7660,6660
8902,7902
1933,933
10951,9951
6403,5403
8981,7981
3876,2876
6533,5533
2250,1250
10379,9379
4825,3825
9751,8751
1910,910
2325,1325
4915,3915
10968,9968
7187,6187
5902,4902
7950,6950
6119,5119
8572,7572
9225,8225
2917,1917
4560,3560
1294,294
1746,746
1347,347
5357,4357
6561,5561
3083,2083
3309,2309
4274,3274
7807,6807
9614,8614
3169,2169
10180,9180
9287,8287
4927,3927
4764,3764
5991,4991
4243,3243
4944,3944
2012,1012
1386,386
3813,2813
7708,6708
10026,9026
3707,2707
9901,8901
4578,3578
1862,862
10563,9563
4033,3033
6588,5588
5002,4002
2612,1612
4210,3210
10574,9574
1126,126
2442,1442
1967,967
2695,1695
6177,5177
6701,5701
6104,5104
2181,1181
8802,7802
6219,5219
10823,9823
8977,7977
5689,4689
6839,5839
2797,1797
8937,7937
8352,7352
2697,1697
8987,7987
5804,4804
1814,814
6052,5052
6336,5336
4440,3440
10352,9352
10283,9283
9339,8339
7367,6367
4454771
4411492
545135
2542522
63285
1785511
730103
427956
2204978
455014
320817
78254
1072439
1055265
654659
114943
70312
297410
280256
246046
444198
427569
193024
36218
141615
75714
172801
77445
186184
13579
13046
113182
34304
28464
15116
96668
58922
4333
31758
37854
20137
4177
28224
25581
9243
14038
340
10692
73
6583
1854
4128
8161
480
6555
4255
881
2682
2254
1145
998
271
721
679
1212
506
536
312
288
173
146
577
474
126
20
393
121
115
313
15
199
16
25
145
120
27
50
10
17
54
37
39
12
33
28
28
0
16
10
12
0
10
5
2
3
8
3
3
3
2
4
2
0
2
2
2
0
0
1
1
1
0
0
0
0
0
0
0
0
0
0
0
0
0
0
0
0
0
0
0
0
0
0
0
0
0
0
0
0
0
0
0
0
0
0
0
0
0
0
0
0
0
0
0
0
0
0
0
0
0
0
0
0
0
0
0
0
0
0
0
0
0
0
0
0
0
0
0
0
0
0
0
0
0
0
0
0
0
0
0
0
0
0
0
0
0
0
0
0
0
0
0
0
0
0
0
0
0
0
0
0
0
0
0
0
0
0
0
0
0
0
0
0
0
0
0
0
0
0
0
0
0
0
0
0
0
0
0
0
0
0
0
0
0
0
0
0
0
0
0
0
0
0
0
0
0
0
0
0
0
0
0
0
0
0
0
0
0
0
0
0
0
0
0
0
0
0
0
0
0
0
0
0
0
0
0
0
0
0
0
0
0
0
0
0
0
0
0
0
0
0
0
0
0
0
0
0
0
0
0
0
0
0
0
0
0
0
0
0
0
0
0
0
0
0
0
0
0
0
0
0
0
0
0
0
0
0
0
0
0
0
0
0
0
0
0
0
0
0
0
0
0
0
0
0
0
0
0
0
0
0
0
0
0
0
0
0
0
0
0
0
0
0
0
0
0
0
0
0
0
0
0
0
0
0
0
0
0
0
0
