749,649
743,643
355,255
293,193
791,691
518,418
870,770
1000,900
327,227
694,594
1026,926
826,726
385,285
401,301
232,132
256,156
927,827
339,239
421,321
391,291
182,82
973,873
1027,927
405,305
162,62
701,601
129,29
184,84
957,857
115,15
413,313
921,821
829,729
568,468
783,683
295,195
829,729
871,771
859,759
129,29
101,1
330,230
698,598
245,145
105,5
852,752
836,736
358,258
138,38
801,701
610,510
744,644
689,589
262,162
458,358
1011,911
838,738
342,242
962,862
377,277
523,423
308,208
642,542
1033,933
488,388
926,826
400,300
379,279
865,765
960,860
627,527
1091,991
466,366
367,267
759,659
930,830
507,407
690,590
394,294
152,52
1062,962
1012,912
884,784
430,330
994,894
873,773
976,876
668,568
110,10
723,623
1050,950
590,490
927,827
745,645
218,118
1058,958
726,626
759,659
819,719
475,375
400,300
806,706
567,467
198,98
851,751
718,618
153,53
1093,993
947,847
614,514
964,864
859,759
263,163
530,430
741,641
1076,976
732,632
1015,915
539,439
374,274
1091,991
234,134
194,94
232,132
863,763
510,410
921,821
777,677
1023,923
567,467
337,237
749,649
811,711
169,69
886,786
173,73
1066,966
880,780
288,188
217,117
251,151
1023,923
290,190
866,766
828,728
924,824
399,299
295,195
612,512
186,86
458,358
538,438
873,773
558,458
104,4
724,624
549,449
847,747
784,684
738,638
469,369
237,137
935,835
256,156
762,662
652,552
125,25
535,435
662,562
482,382
721,621
900,800
828,728
311,211
1079,979
905,805
1055,955
205,105
606,506
987,887
803,703
985,885
181,81
1031,931
1069,969
147,47
999,899
1100,1000
167,67
486,386
387,287
917,817
213,113
674,574
397,297
865,765
696,596
182,82
848,748
580,480
847,747
732,632
223,123
787,687
1000,900
527,427
647,547
1015,915
856,756
101,1
1032,932
427,327
806,706
247,147
347,247
503,403
428,328
733,633
1082,982
821,721
800,700
430,330
510,410
686,586
1017,917
947,847
858,758
424,324
917,817
795,695
802,702
814,714
285,185
1065,965
487,387
681,581
746,646
1012,912
926,826
985,885
250,150
594,494
593,493
881,781
663,563
108,8
853,753
999,899
951,851
558,458
641,541
601,501
873,773
553,453
241,141
798,698
725,625
485,385
793,693
373,273
773,673
767,667
397,297
936,836
247,147
695,595
278,178
324,224
656,556
748,648
258,158
687,587
791,691
689,589
841,741
478,378
1035,935
975,875
644,544
748,648
833,733
686,586
1053,953
552,452
869,769
579,479
522,422
394,294
1050,950
496,396
530,430
1066,966
1052,952
928,828
1008,908
479,379
1001,901
156,56
976,876
821,721
706,606
549,449
845,745
209,109
368,268
448,348
181,81
1067,967
204,104
752,652
828,728
950,850
158,58
378,278
906,806
694,594
745,645
595,495
109,9
845,745
887,787
336,236
419,319
634,534
176,76
595,495
631,531
746,646
214,114
193,93
211,111
907,807
1029,929
802,702
1071,971
368,268
779,679
122,22
489,389
426,326
257,157
576,476
555,455
236,136
218,118
1091,991
553,453
446,346
716,616
287,187
937,837
258,158
718,618
173,73
372,272
292,192
267,167
287,187
542,442
430,330
222,122
1087,987
844,744
838,738
178,78
784,684
885,785
569,469
306,206
742,642
773,673
1100,1000
114,14
301,201
1089,989
138,38
253,153
653,553
769,669
599,499
597,497
451,351
1001,901
375,275
1026,926
177,77
792,692
565,465
417,317
666,566
259,159
850,750
369,269
811,711
550,450
850,750
867,767
763,663
520,420
805,705
613,513
526,426
158,58
336,236
530,430
332,232
765,665
393,293
1099,999
467,367
255,155
193,93
150,50
346,246
710,610
554,454
612,512
494,394
336,236
542,442
340,240
702,602
155,55
901,801
472,372
394,294
160,60
122,22
474,374
235,135
723,623
397,297
594,494
717,617
534,434
440,340
121,21
769,669
164,64
375,275
1009,909
263,163
320,220
991,891
277,177
940,840
678,578
280,180
412,312
942,842
174,74
537,437
188,88
339,239
229,129
325,225
429,329
789,689
870,770
462,362
400,300
999,899
472,372
673,573
700,600
198,98
784,684
461,361
1098,998
372,272
309,209
853,753
975,875
664,564
224,124
516,416
634,534
878,778
305,205
861,761
533,433
837,737
537,437
213,113
803,703
150,50
615,515
661,561
978,878
503,403
150,50
1031,931
1000,900
128,28
692,592
169,69
380,280
897,797
650,550
245,145
698,598
188,88
242,142
235,135
789,689
876,776
550,450
481,381
272,172
931,831
427,327
602,502
499,399
704,604
708,608
174,74
782,682
362,262
1029,929
508,408
457,357
171,71
1000,900
536,436
652,552
323,223
504,404
546,446
407,307
398,298
385,285
299,199
587,487
695,595
248,148
943,843
728,628
401,301
576,476
125,25
413,313
556,456
105,5
376,276
376,276
538,438
244,144
569,469
588,488
1070,970
101,1
336,236
659,559
175,75
412,312
252,152
610,510
1089,989
313,213
1042,942
981,881
110,10
960,860
713,613
986,886
813,713
938,838
138,38
760,660
737,637
608,508
456,356
633,533
435,335
723,623
106,6
172,72
316,216
1053,953
646,546
795,695
882,782
126,26
811,711
710,610
951,851
521,421
134,34
585,485
820,720
1084,984
525,425
548,448
565,465
906,806
419,319
749,649
731,631
764,664
647,547
218,118
339,239
312,212
370,270
178,78
316,216
782,682
1071,971
1010,910
385,285
666,566
531,431
196,96
1026,926
475,375
781,681
181,81
495,395
816,716
838,738
746,646
200,100
795,695
116,16
496,396
391,291
816,716
453,353
165,65
545,445
592,492
956,856
1031,931
602,502
170,70
701,601
853,753
843,743
957,857
613,513
389,289
988,888
289,189
501,401
870,770
225,125
329,229
441,341
368,268
851,751
149,49
774,674
351,251
332,232
709,609
1038,938
428,328
535,435
820,720
381,281
726,626
127,27
577,477
997,897
444,344
582,482
1088,988
973,873
410,310
760,660
1047,947
908,808
630,530
265,165
804,704
274,174
196,96
1056,956
674,574
131,31
659,559
758,658
648,548
661,561
783,683
444,344
398,298
671,571
466,366
748,648
175,75
230,130
667,567
568,468
621,521
164,64
875,775
421,321
236,136
987,887
766,666
592,492
544,444
700,600
407,307
313,213
443,343
834,734
497,397
588,488
867,767
266,166
993,893
414,314
255,155
518,418
504,404
141,41
698,598
840,740
709,609
405,305
917,817
805,705
451,351
627,527
964,864
572,472
458,358
523,423
272,172
984,884
224,124
221,121
675,575
395,295
491,391
936,836
199,99
846,746
881,781
235,135
444,344
626,526
632,532
514,414
781,681
727,627
790,690
824,724
643,543
384,284
1036,936
183,83
384,284
1049,949
651,551
160,60
940,840
388,288
471,371
982,882
127,27
598,498
129,29
683,583
117,17
412,312
305,205
215,115
1053,953
311,211
796,696
1074,974
623,523
156,56
968,868
410,310
676,576
630,530
692,592
251,151
736,636
733,633
707,607
356,256
943,843
410,310
1059,959
863,763
644,544
350,250
554,454
708,608
522,422
1067,967
274,174
938,838
139,39
968,868
471,371
1055,955
515,415
981,881
380,280
334,234
527,427
346,246
926,826
850,750
1088,988
476,376
903,803
960,860
822,722
860,760
377,277
308,208
216,116
949,849
1068,968
834,734
825,725
780,680
968,868
641,541
248,148
464,364
933,833
1019,919
674,574
229,129
888,788
1090,990
785,685
776,676
407,307
687,587
526,426
475,375
103,3
499,399
318,218
254,154
368,268
810,710
672,572
873,773
951,851
664,564
449,349
967,867
1006,906
547,447
132,32
329,229
620,520
603,503
452,352
293,193
938,838
726,626
870,770
708,608
909,809
241,141
189,89
579,479
1086,986
398,298
919,819
910,810
594,494
748,648
562,462
868,768
1017,917
688,588
255,155
825,725
1011,911
751,651
762,662
601,501
406,306
740,640
674,574
560,460
367,267
134,34
947,847
937,837
668,568
168,68
493,393
1096,996
512,412
925,825
709,609
768,668
632,532
424,324
276,176
844,744
363,263
258,158
322,222
128,28
150,50
949,849
303,203
224,124
313,213
469,369
307,207
744,644
504,404
597,497
1075,975
739,639
718,618
525,425
796,696
145,45
620,520
359,259
429,329
847,747
626,526
747,647
420,320
896,796
228,128
608,508
772,672
1042,942
441,341
906,806
388,288
1016,916
1027,927
380,280
1027,927
1078,978
929,829
370,270
590,490
313,213
749,649
650,550
544,444
792,692
121,21
112,12
104,4
616,516
200,100
972,872
601,501
368,268
1096,996
1089,989
940,840
694,594
417,317
109,9
898,798
1094,994
150,50
618,518
159,59
313,213
1022,922
551,451
412,312
749,649
342,242
432,332
312,212
809,709
386,286
837,737
978,878
371,271
171,71
1014,914
912,812
752,652
869,769
756,656
415,315
623,523
917,817
401,301
221,121
586,486
371,271
610,510
728,628
584,484
282,182
260,160
272,172
390,290
998,898
643,543
925,825
540,440
172,72
548,448
524,424
628,528
429,329
545,445
528,428
795,695
993,893
138,38
607,507
830,730
325,225
400,300
277,177
154,54
130,30
272,172
977,877
976,876
1003,903
705,605
960,860
311,211
1033,933
530,430
1004,904
500,400
1084,984
752,652
331,231
611,511
1028,928
1090,990
906,806
1073,973
980,880
211,111
349,249
883,783
318,218
539,439
652,552
853,753
469,369
269,169
782,682
400,300
575,475
780,680
145,45
1030,930
1001,901
539,439
439,339
973,873
390,290
675,575
422,322
822,722
318,218
645,545
863,763
739,639
1066,966
154,54
767,667
513,413
604,504
940,840
438,338
401,301
910,810
1050,950
617,517
621,521
253,153
107,7
1073,973
255,155
949,849
166,66
420,320
918,818
999,899
582,482
746,646
703,603
535,435
1018,918
924,824
147,47
843,743
876,776
439,339
306,206
1025,925
438,338
234,134
383,283
216,116
901,801
173,73
214,114
251,151
904,804
231,131
841,741
1085,985
1047,947
312,212
1070,970
828,728
559,459
738,638
130,30
580,480
286,186
306,206
489,389
400,300
520,420
1038,938
355,255
868,768
693,593
523,423
176,76
358,258
194,94
439,339
675,575
525,425
585,485
241,141
546,446
211,111
1070,970
125,25
227,127
323,223
1022,922
316,216
531,431
262,162
155,55
572,472
250,150
571,471
758,658
975,875
585,485
987,887
1030,930
285,185
456,356
926,826
881,781
461,361
725,625
106,6
372,272
889,789
594,494
480,380
470,370
462,362
287,187
833,733
871,771
614,514
855,755
814,714
124,24
955,855
374,274
792,692
617,517
1015,915
1001,901
526,426
530,430
660,560
1036,936
590,490
490,390
910,810
281,181
217,117
604,504
135,35
877,777
663,563
432,332
417,317
421,321
878,778
891,791
507,407
242,142
632,532
653,553
176,76
817,717
584,484
708,608
702,602
289,189
362,262
847,747
800,700
686,586
591,491
476,376
682,582
624,524
186,86
189,89
202,102
101,1
715,615
247,147
987,887
348,248
659,559
811,711
442,342
356,256
491,391
260,160
316,216
180,80
596,496
572,472
571,471
264,164
408,308
878,778
415,315
701,601
989,889
882,782
832,732
434,334
933,833
967,867
178,78
245,145
121,21
571,471
687,587
515,415
335,235
829,729
1046,946
742,642
409,309
989,889
1033,933
198,98
964,864
199,99
858,758
423,323
1066,966
270,170
133,33
933,833
1050,950
945,845
451,351
806,706
704,604
228,128
1074,974
619,519
936,836
1003,903
927,827
1087,987
452,352
892,792
699,599
641,541
526,426
974,874
970,870
995,895
802,702
557,457
402,302
544,444
443,343
875,775
768,668
735,635
632,532
169,69
416,316
1021,921
343,243
528,428
352,252
990,890
176,76
371,271
176,76
655,555
913,813
1098,998
377,277
594,494
548,448
472,372
957,857
1055,955
893,793
418,318
361,261
743,643
704,604
744,644
837,737
847,747
908,808
217,117
363,263
149,49
395,295
914,814
559,459
545,445
943,843
893,793
291,191
254,154
927,827
516,416
252,152
547,447
648,548
947,847
466,366
322,222
166,66
942,842
1028,928
307,207
345,245
796,696
743,643
1009,909
690,590
585,485
115,15
322,222
977,877
191,91
222,122
116,16
937,837
561,461
867,767
304,204
1082,982
860,760
188,88
995,895
420,320
329,229
1000,900
929,829
357,257
739,639
956,856
1041,941
876,776
826,726
786,686
175,75
344,244
1072,972
680,580
271,171
678,578
670,570
221,121
1048,948
244,144
124,24
536,436
112,12
448,348
822,722
839,739
211,111
193,93
906,806
560,460
894,794
483,383
772,672
426,326
1070,970
260,160
951,851
831,731
418,318
647,547
198,98
445,345
927,827
438,338
1045,945
134,34
945,845
738,638
377,277
1004,904
539,439
335,235
296,196
790,690
195,95
478,378
134,34
394,294
117,17
726,626
851,751
361,261
601,501
714,614
790,690
400,300
548,448
181,81
905,805
196,96
817,717
686,586
402,302
376,276
881,781
917,817
385,285
896,796
806,706
290,190
140,40
483,383
920,820
800,700
558,458
759,659
180,80
538,438
293,193
1035,935
748,648
907,807
986,886
211,111
944,844
1017,917
752,652
262,162
403,303
718,618
1049,949
1052,952
1001,901
890,790
446,346
772,672
445,345
757,657
738,638
784,684
613,513
292,192
1024,924
347,247
458,358
677,577
516,416
935,835
948,848
657,557
384,284
378,278
769,669
521,421
460,360
243,143
751,651
173,73
267,167
830,730
326,226
680,580
666,566
1004,904
931,831
338,238
170,70
600,500
972,872
112,12
611,511
354,254
980,880
1070,970
195,95
526,426
236,136
283,183
908,808
606,506
148,48
1021,921
817,717
616,516
559,459
126,26
664,564
927,827
572,472
740,640
1081,981
136,36
160,60
1058,958
636,536
492,392
199,99
229,129
353,253
537,437
411,311
213,113
328,228
922,822
631,531
1076,976
546,446
792,692
1074,974
520,420
379,279
1046,946
299,199
450,350
807,707
408,308
151,51
512,412
378,278
241,141
318,218
983,883
993,893
150,50
718,618
905,805
592,492
869,769
818,718
605,505
1042,942
382,282
338,238
472,372
655,555
176,76
945,845
321,221
740,640
431,331
462,362
392,292
142,42
720,620
799,699
507,407
360,260
475,375
1077,977
1063,963
207,107
293,193
530,430
395,295
176,76
581,481
107,7
709,609
536,436
701,601
896,796
308,208
918,818
204,104
457,357
1088,988
119,19
684,584
715,615
1053,953
351,251
395,295
581,481
344,244
1075,975
993,893
710,610
359,259
673,573
672,572
253,153
959,859
873,773
202,102
772,672
180,80
919,819
460,360
369,269
927,827
189,89
401,301
154,54
546,446
192,92
961,861
851,751
956,856
665,565
723,623
468,368
985,885
578,478
654,554
232,132
1040,940
606,506
873,773
173,73
479,379
427,327
930,830
506,406
696,596
1025,925
372,272
154,54
950,850
722,622
600,500
121,21
838,738
583,483
348,248
178,78
687,587
122,22
896,796
1057,957
108,8
307,207
897,797
877,777
299,199
149,49
184,84
929,829
909,809
950,850
603,503
992,892
368,268
516,416
1070,970
597,497
286,186
410,310
551,451
334,234
362,262
410,310
547,447
254,154
373,273
981,881
251,151
225,125
112,12
653,553
532,432
488,388
893,793
1064,964
409,309
638,538
938,838
200,100
1073,973
515,415
348,248
606,506
371,271
346,246
973,873
817,717
143,43
712,612
180,80
128,28
707,607
624,524
616,516
279,179
170,70
315,215
106,6
1005,905
298,198
410,310
952,852
475,375
548,448
802,702
340,240
329,229
414,314
468,368
389,289
707,607
678,578
686,586
240,140
210,110
846,746
162,62
970,870
266,166
572,472
347,247
718,618
972,872
168,68
298,198
668,568
763,663
525,425
170,70
116,16
903,803
1001,901
821,721
230,130
193,93
1092,992
555,455
902,802
882,782
436,336
248,148
374,274
314,214
112,12
562,462
696,596
394,294
205,105
1089,989
701,601
203,103
277,177
313,213
995,895
319,219
237,137
1045,945
496,396
336,236
1095,995
303,203
1018,918
842,742
195,95
447,347
538,438
830,730
998,898
732,632
1063,963
160,60
440,340
490,390
255,155
1057,957
753,653
914,814
951,851
465,365
130,30
1024,924
104,4
304,204
422,322
1021,921
1018,918
167,67
869,769
184,84
378,278
128,28
131,31
283,183
450,350
102,2
254,154
484,384
740,640
552,452
160,60
374,274
297,197
751,651
626,526
151,51
1029,929
677,577
248,148
540,440
877,777
473,373
1024,924
717,617
642,542
1075,975
558,458
1041,941
467,367
138,38
607,507
417,317
727,627
405,305
1073,973
264,164
329,229
469,369
638,538
741,641
270,170
1093,993
774,674
1062,962
157,57
1008,908
201,101
954,854
418,318
327,227
274,174
445,345
558,458
466,366
210,110
666,566
418,318
692,592
751,651
505,405
301,201
790,690
176,76
640,540
842,742
1027,927
221,121
230,130
483,383
170,70
413,313
697,597
854,754
310,210
565,465
449,349
126,26
181,81
767,667
255,155
229,129
833,733
362,262
155,55
144,44
594,494
175,75
284,184
222,122
862,762
113,13
556,456
630,530
559,459
554,454
150,50
1090,990
1061,961
132,32
818,718
229,129
668,568
1099,999
673,573
897,797
687,587
734,634
723,623
824,724
957,857
667,567
327,227
798,698
687,587
821,721
407,307
238,138
452,352
631,531
994,894
991,891
145,45
566,466
1090,990
201,101
298,198
460,360
1075,975
292,192
450,350
948,848
1084,984
128,28
627,527
171,71
669,569
833,733
648,548
723,623
666,566
644,544
280,180
670,570
492,392
170,70
377,277
631,531
776,676
344,244
846,746
997,897
439,339
1037,937
231,131
856,756
865,765
600,500
332,232
311,211
1081,981
866,766
190,90
380,280
681,581
505,405
555,455
546,446
146,46
424,324
658,558
243,143
386,286
684,584
759,659
298,198
284,184
545,445
736,636
226,126
665,565
690,590
893,793
1017,917
998,898
131,31
691,591
937,837
992,892
608,508
152,52
122,22
796,696
492,392
714,614
1029,929
838,738
889,789
322,222
528,428
393,293
611,511
666,566
1093,993
910,810
643,543
751,651
168,68
806,706
927,827
923,823
554,454
760,660
365,265
157,57
997,897
730,630
206,106
523,423
210,110
1070,970
657,557
162,62
734,634
402,302
290,190
1025,925
762,662
545,445
718,618
144,44
110,10
790,690
391,291
976,876
336,236
1093,993
598,498
143,43
1024,924
426,326
1084,984
231,131
156,56
147,47
760,660
1028,928
274,174
632,532
640,540
472,372
829,729
156,56
970,870
525,425
356,256
709,609
142,42
769,669
711,611
371,271
214,114
255,155
717,617
919,819
721,621
775,675
648,548
1079,979
1011,911
1054,954
680,580
1060,960
107,7
977,877
485,385
1059,959
699,599
636,536
302,202
811,711
768,668
1017,917
573,473
932,832
1085,985
440,340
402,302
698,598
669,569
110,10
903,803
180,80
458,358
133,33
303,203
613,513
786,686
141,41
946,846
922,822
551,451
720,620
1018,918
577,477
511,411
152,52
893,793
255,155
423,323
186,86
516,416
558,458
810,710
785,685
552,452
799,699
626,526
984,884
480,380
840,740
286,186
806,706
387,287
231,131
333,233
949,849
917,817
339,239
271,171
207,107
1002,902
215,115
1085,985
123,23
672,572
152,52
1086,986
534,434
1000,900
993,893
860,760
781,681
369,269
763,663
403,303
513,413
360,260
329,229
726,626
618,518
398,298
650,550
147,47
631,531
451,351
519,419
646,546
265,165
664,564
1031,931
226,126
855,755
451,351
836,736
110,10
1058,958
756,656
127,27
790,690
421,321
774,674
423,323
859,759
201,101
719,619
857,757
932,832
624,524
664,564
696,596
181,81
368,268
738,638
961,861
403,303
630,530
1046,946
429,329
195,95
190,90
248,148
839,739
812,712
1094,994
853,753
905,805
108,8
785,685
913,813
765,665
677,577
587,487
930,830
191,91
410,310
1021,921
588,488
782,682
593,493
756,656
800,700
933,833
439,339
1097,997
952,852
102,2
662,562
530,430
998,898
457,357
216,116
997,897
900,800
443,343
531,431
898,798
981,881
1063,963
430,330
223,123
699,599
196,96
558,458
420,320
321,221
671,571
538,438
630,530
628,528
277,177
825,725
254,154
1063,963
839,739
663,563
955,855
812,712
500,400
257,157
1044,944
109,9
316,216
148,48
938,838
970,870
955,855
1019,919
278,178
647,547
944,844
199,99
756,656
929,829
321,221
197,97
928,828
543,443
189,89
1040,940
744,644
214,114
148,48
809,709
933,833
163,63
630,530
572,472
445,345
337,237
430,330
467,367
373,273
1076,976
178,78
641,541
515,415
282,182
360,260
635,535
990,890
263,163
354,254
385,285
966,866
699,599
923,823
501,401
614,514
440,340
361,261
1050,950
989,889
742,642
334,234
858,758
433,333
587,487
415,315
473,373
556,456
666,566
891,791
604,504
505,405
446,346
513,413
1051,951
310,210
337,237
125,25
1007,907
439,339
174,74
421,321
737,637
635,535
245,145
645,545
668,568
1072,972
354,254
850,750
832,732
960,860
668,568
587,487
437,337
544,444
1022,922
266,166
950,850
1079,979
251,151
247,147
1075,975
531,431
1046,946
500,400
862,762
951,851
708,608
431,331
904,804
111,11
471,371
374,274
1065,965
421,321
939,839
675,575
264,164
681,581
572,472
850,750
473,373
562,462
121,21
903,803
715,615
962,862
706,606
841,741
140,40
687,587
665,565
766,666
812,712
858,758
355,255
810,710
349,249
517,417
533,433
305,205
288,188
1059,959
769,669
866,766
211,111
317,217
374,274
986,886
797,697
939,839
619,519
589,489
947,847
362,262
225,125
920,820
894,794
593,493
479,379
272,172
282,182
853,753
558,458
302,202
179,79
468,368
1068,968
701,601
347,247
1014,914
164,64
360,260
566,466
815,715
787,687
557,457
980,880
251,151
1021,921
326,226
579,479
647,547
422,322
579,479
891,791
569,469
233,133
558,458
1006,906
1035,935
796,696
818,718
226,126
617,517
374,274
734,634
432,332
114,14
584,484
1002,902
144,44
397,297
193,93
888,788
850,750
958,858
585,485
720,620
604,504
281,181
574,474
1056,956
188,88
929,829
975,875
855,755
795,695
304,204
756,656
918,818
783,683
815,715
851,751
1054,954
946,846
184,84
325,225
1006,906
691,591
150,50
1068,968
665,565
613,513
1074,974
617,517
341,241
992,892
410,310
104,4
178,78
1013,913
458,358
252,152
432,332
835,735
924,824
584,484
394,294
303,203
291,191
181,81
374,274
556,456
896,796
353,253
862,762
522,422
235,135
273,173
689,589
508,408
942,842
138,38
801,701
239,139
889,789
202,102
776,676
864,764
458,358
228,128
138,38
695,595
230,130
182,82
861,761
439,339
978,878
703,603
598,498
667,567
678,578
832,732
213,113
1000,900
837,737
267,167
748,648
142,42
911,811
1083,983
121,21
1023,923
1045,945
911,811
923,823
715,615
110,10
313,213
298,198
695,595
783,683
499,399
1059,959
810,710
142,42
837,737
407,307
1059,959
998,898
1048,948
672,572
923,823
889,789
854,754
571,471
490,390
391,291
755,655
763,663
585,485
596,496
946,846
817,717
1013,913
781,681
195,95
197,97
816,716
495,395
387,287
1065,965
891,791
1001,901
1071,971
170,70
1073,973
1023,923
1091,991
463,363
879,779
1081,981
1070,970
1036,936
658,558
320,220
559,459
719,619
1068,968
843,743
683,583
1033,933
473,373
110,10
683,583
637,537
611,511
596,496
161,61
495,395
1072,972
260,160
604,504
179,79
152,52
781,681
706,606
564,464
269,169
1018,918
136,36
1077,977
1069,969
880,780
543,443
663,563
909,809
110,10
933,833
166,66
206,106
365,265
1080,980
1028,928
787,687
699,599
1074,974
129,29
599,499
925,825
125,25
190,90
893,793
834,734
604,504
763,663
130,30
303,203
307,207
555,455
883,783
415,315
364,264
1001,901
896,796
219,119
904,804
366,266
1089,989
523,423
401,301
1072,972
677,577
369,269
467,367
638,538
643,543
467,367
278,178
767,667
654,554
760,660
561,461
1085,985
743,643
564,464
533,433
197,97
594,494
442,342
571,471
389,289
225,125
861,761
165,65
917,817
530,430
563,463
427,327
666,566
237,137
548,448
1077,977
183,83
277,177
390,290
647,547
124,24
248,148
633,533
201,101
590,490
688,588
381,281
726,626
132,32
964,864
1094,994
434,334
271,171
951,851
203,103
856,756
246,146
789,689
495,395
445,345
784,684
137,37
224,124
269,169
259,159
1088,988
912,812
206,106
903,803
925,825
653,553
1009,909
462,362
604,504
983,883
1021,921
759,659
761,661
827,727
1059,959
208,108
704,604
963,863
894,794
927,827
1024,924
685,585
282,182
835,735
428,328
870,770
587,487
662,562
791,691
943,843
1043,943
180,80
345,245
233,133
736,636
272,172
754,654
603,503
639,539
730,630
696,596
310,210
359,259
650,550
963,863
537,437
695,595
482,382
558,458
219,119
222,122
658,558
129,29
258,158
983,883
715,615
820,720
529,429
262,162
314,214
361,261
181,81
617,517
248,148
901,801
210,110
645,545
386,286
651,551
427,327
1054,954
309,209
758,658
332,232
443,343
484,384
391,291
737,637
659,559
149,49
688,588
815,715
769,669
896,796
207,107
753,653
994,894
274,174
784,684
306,206
575,475
659,559
959,859
205,105
487,387
572,472
843,743
203,103
144,44
158,58
306,206
747,647
615,515
837,737
1055,955
1013,913
143,43
399,299
188,88
956,856
707,607
164,64
569,469
1075,975
232,132
636,536
368,268
723,623
706,606
436,336
885,785
536,436
692,592
756,656
136,36
233,133
351,251
633,533
1078,978
696,596
672,572
111,11
571,471
206,106
739,639
634,534
377,277
137,37
423,323
248,148
406,306
239,139
296,196
469,369
225,125
880,780
174,74
830,730
896,796
614,514
687,587
781,681
1040,940
301,201
683,583
779,679
464,364
405,305
1037,937
1100,1000
138,38
537,437
659,559
665,565
364,264
567,467
310,210
177,77
909,809
857,757
700,600
503,403
350,250
397,297
957,857
1083,983
430,330
442,342
370,270
467,367
1055,955
369,269
618,518
365,265
893,793
386,286
522,422
475,375
642,542
291,191
538,438
1075,975
430,330
534,434
1068,968
714,614
1096,996
617,517
617,517
679,579
1010,910
800,700
206,106
867,767
758,658
594,494
984,884
855,755
927,827
325,225
900,800
659,559
763,663
102,2
690,590
103,3
525,425
788,688
363,263
845,745
738,638
260,160
509,409
293,193
944,844
311,211
402,302
869,769
641,541
867,767
960,860
772,672
368,268
375,275
359,259
139,39
699,599
475,375
314,214
540,440
869,769
196,96
231,131
880,780
194,94
999,899
663,563
611,511
444,344
1087,987
559,459
365,265
522,422
159,59
130,30
451,351
945,845
336,236
248,148
1048,948
485,385
556,456
295,195
248,148
184,84
705,605
161,61
509,409
542,442
744,644
285,185
870,770
1028,928
873,773
116,16
394,294
213,113
593,493
771,671
119,19
679,579
229,129
221,121
1069,969
949,849
631,531
316,216
258,158
470,370
180,80
782,682
688,588
771,671
402,302
856,756
815,715
940,840
886,786
423,323
1017,917
1029,929
758,658
896,796
289,189
446,346
409,309
493,393
553,453
986,886
793,693
412,312
870,770
881,781
616,516
888,788
838,738
549,449
285,185
1016,916
485,385
303,203
1043,943
677,577
479,379
593,493
824,724
975,875
109,9
584,484
1093,993
162,62
593,493
328,228
845,745
1083,983
660,560
897,797
994,894
997,897
394,294
244,144
136,36
1046,946
558,458
841,741
231,131
639,539
882,782
665,565
266,166
491,391
705,605
705,605
695,595
632,532
451,351
610,510
309,209
1058,958
192,92
709,609
360,260
212,112
518,418
709,609
278,178
769,669
1000,900
546,446
712,612
444,344
387,287
467,367
310,210
824,724
880,780
195,95
207,107
345,245
878,778
575,475
1023,923
249,149
262,162
707,607
1001,901
348,248
1039,939
783,683
972,872
485,385
479,379
570,470
409,309
125,25
1099,999
597,497
525,425
286,186
842,742
773,673
532,432
371,271
435,335
469,369
1050,950
244,144
685,585
115,15
810,710
250,150
113,13
477,377
361,261
736,636
863,763
1047,947
957,857
993,893
426,326
918,818
415,315
613,513
1080,980
943,843
1022,922
673,573
605,505
1075,975
627,527
227,127
651,551
462,362
703,603
1087,987
606,506
347,247
762,662
877,777
371,271
570,470
997,897
515,415
658,558
752,652
650,550
321,221
132,32
872,772
535,435
912,812
112,12
109,9
1061,961
383,283
455,355
861,761
1090,990
102,2
434,334
507,407
1089,989
739,639
254,154
822,722
717,617
851,751
211,111
966,866
1067,967
1039,939
942,842
601,501
1001,901
162,62
984,884
848,748
1079,979
530,430
541,441
426,326
738,638
295,195
867,767
754,654
345,245
1034,934
1062,962
113,13
107,7
676,576
873,773
692,592
799,699
654,554
833,733
804,704
448,348
742,642
806,706
549,449
246,146
683,583
128,28
1042,942
403,303
704,604
679,579
918,818
142,42
1038,938
475,375
550,450
701,601
262,162
688,588
496,396
525,425
926,826
701,601
562,462
770,670
467,367
1058,958
541,441
899,799
600,500
275,175
185,85
448,348
999,899
278,178
603,503
691,591
1011,911
1078,978
562,462
448,348
606,506
957,857
628,528
345,245
361,261
273,173
292,192
329,229
845,745
1045,945
663,563
580,480
483,383
313,213
838,738
208,108
895,795
775,675
728,628
410,310
968,868
959,859
722,622
902,802
277,177
628,528
382,282
241,141
691,591
333,233
927,827
1004,904
1054,954
853,753
831,731
708,608
676,576
1032,932
1089,989
422,322
843,743
1021,921
842,742
885,785
816,716
560,460
402,302
334,234
457,357
475,375
118,18
174,74
668,568
231,131
478,378
636,536
213,113
527,427
582,482
701,601
321,221
1016,916
504,404
929,829
777,677
199,99
717,617
496,396
356,256
422,322
823,723
1002,902
148,48
174,74
299,199
504,404
498,398
902,802
793,693
762,662
242,142
652,552
609,509
975,875
726,626
447,347
567,467
499,399
873,773
556,456
388,288
144,44
1044,944
386,286
962,862
547,447
922,822
254,154
713,613
651,551
358,258
366,266
484,384
533,433
884,784
449,349
890,790
357,257
291,191
771,671
1090,990
805,705
108,8
559,459
315,215
169,69
404,304
1059,959
381,281
180,80
558,458
376,276
197,97
666,566
939,839
204,104
907,807
732,632
622,522
386,286
180,80
113,13
1025,925
1087,987
951,851
318,218
818,718
922,822
113,13
422,322
258,158
901,801
269,169
457,357
194,94
893,793
101,1
1035,935
410,310
675,575
578,478
1067,967
752,652
451,351
430,330
811,711
588,488
649,549
286,186
418,318
581,481
531,431
709,609
814,714
450,350
322,222
106,6
506,406
760,660
293,193
253,153
214,114
499,399
832,732
636,536
613,513
648,548
603,503
513,413
359,259
1065,965
141,41
106,6
355,255
1071,971
532,432
734,634
714,614
396,296
520,420
891,791
804,704
746,646
490,390
919,819
110,10
973,873
1069,969
849,749
745,645
728,628
321,221
316,216
605,505
952,852
667,567
331,231
275,175
500,400
820,720
122,22
395,295
448,348
654,554
321,221
852,752
467,367
443,343
732,632
692,592
378,278
974,874
262,162
695,595
785,685
1040,940
529,429
628,528
151,51
1044,944
621,521
363,263
1012,912
1006,906
272,172
111,11
675,575
843,743
236,136
641,541
158,58
305,205
975,875
126,26
476,376
367,267
816,716
171,71
1068,968
568,468
308,208
1014,914
142,42
1071,971
986,886
983,883
145,45
1009,909
600,500
979,879
874,774
930,830
709,609
152,52
1062,962
346,246
147,47
119,19
621,521
273,173
130,30
668,568
566,466
615,515
450,350
863,763
452,352
188,88
849,749
443,343
888,788
859,759
1046,946
604,504
934,834
907,807
1000,900
1100,1000
305,205
885,785
287,187
489,389
954,854
811,711
522,422
376,276
671,571
170,70
747,647
241,141
265,165
310,210
960,860
185,85
1042,942
653,553
580,480
1045,945
148,48
444,344
480,380
219,119
553,453
288,188
920,820
757,657
748,648
512,412
898,798
861,761
598,498
879,779
534,434
500,400
525,425
512,412
467,367
626,526
936,836
597,497
335,235
776,676
848,748
757,657
621,521
564,464
337,237
571,471
842,742
901,801
266,166
284,184
195,95
839,739
648,548
261,161
1019,919
969,869
875,775
429,329
1030,930
913,813
1083,983
1091,991
535,435
177,77
133,33
1095,995
879,779
601,501
439,339
544,444
210,110
496,396
858,758
883,783
523,423
285,185
464,364
203,103
912,812
508,408
191,91
703,603
1026,926
877,777
986,886
121,21
142,42
202,102
127,27
424,324
639,539
877,777
542,442
556,456
1095,995
582,482
906,806
959,859
353,253
309,209
910,810
403,303
452,352
423,323
1027,927
423,323
549,449
321,221
225,125
849,749
483,383
514,414
1024,924
821,721
333,233
200,100
963,863
313,213
309,209
1059,959
232,132
999,899
384,284
807,707
591,491
110,10
411,311
492,392
640,540
1015,915
622,522
462,362
418,318
613,513
660,560
387,287
254,154
549,449
909,809
749,649
187,87
189,89
1061,961
730,630
713,613
896,796
933,833
801,701
792,692
479,379
502,402
329,229
993,893
945,845
290,190
881,781
743,643
474,374
877,777
1014,914
520,420
1023,923
1041,941
706,606
293,193
754,654
756,656
470,370
1093,993
866,766
828,728
267,167
155,55
242,142
267,167
104,4
851,751
646,546
500,400
471,371
1079,979
448,348
623,523
811,711
542,442
966,866
376,276
481,381
639,539
877,777
1081,981
109,9
158,58
747,647
862,762
565,465
530,430
636,536
757,657
245,145
672,572
220,120
896,796
835,735
551,451
112,12
918,818
656,556
531,431
513,413
646,546
608,508
869,769
611,511
667,567
1049,949
382,282
145,45
1092,992
651,551
198,98
810,710
206,106
547,447
158,58
599,499
802,702
628,528
182,82
1077,977
528,428
591,491
721,621
902,802
413,313
340,240
668,568
903,803
997,897
591,491
484,384
947,847
546,446
811,711
263,163
927,827
313,213
437,337
313,213
121,21
173,73
544,444
903,803
666,566
946,846
231,131
304,204
130,30
177,77
1044,944
210,110
541,441
455,355
980,880
565,465
298,198
265,165
575,475
224,124
248,148
935,835
193,93
573,473
657,557
511,411
516,416
1081,981
120,20
668,568
329,229
621,521
206,106
613,513
563,463
764,664
211,111
694,594
517,417
771,671
949,849
1045,945
641,541
159,59
949,849
713,613
1098,998
357,257
561,461
182,82
265,165
171,71
1039,939
677,577
1033,933
674,574
961,861
860,760
366,266
155,55
438,338
539,439
597,497
106,6
662,562
104,4
478,378
772,672
217,117
167,67
103,3
426,326
809,709
512,412
291,191
135,35
562,462
1092,992
753,653
533,433
612,512
888,788
177,77
940,840
1063,963
752,652
402,302
387,287
107,7
248,148
407,307
128,28
720,620
1036,936
800,700
729,629
685,585
786,686
477,377
389,289
194,94
810,710
488,388
792,692
179,79
376,276
769,669
797,697
728,628
258,158
209,109
1013,913
428,328
657,557
347,247
251,151
912,812
982,882
663,563
713,613
283,183
846,746
466,366
1087,987
391,291
355,255
1025,925
339,239
782,682
603,503
578,478
420,320
193,93
597,497
738,638
188,88
747,647
723,623
381,281
273,173
162,62
1069,969
1059,959
212,112
924,824
1013,913
526,426
711,611
1099,999
985,885
1036,936
191,91
107,7
765,665
394,294
269,169
1058,958
656,556
603,503
1025,925
116,16
348,248
1082,982
903,803
799,699
1091,991
318,218
995,895
449,349
328,228
1068,968
150,50
933,833
736,636
1045,945
352,252
334,234
650,550
298,198
692,592
309,209
894,794
533,433
324,224
153,53
455,355
499,399
333,233
741,641
671,571
594,494
925,825
252,152
849,749
702,602
904,804
234,134
606,506
191,91
443,343
1053,953
863,763
570,470
645,545
444,344
122,22
780,680
612,512
710,610
322,222
821,721
274,174
640,540
164,64
742,642
1036,936
987,887
714,614
514,414
915,815
859,759
347,247
597,497
794,694
210,110
890,790
729,629
617,517
512,412
825,725
268,168
878,778
888,788
270,170
658,558
800,700
373,273
1076,976
418,318
132,32
918,818
1009,909
639,539
505,405
963,863
1068,968
171,71
587,487
516,416
205,105
124,24
1059,959
168,68
1043,943
824,724
1010,910
512,412
958,858
1058,958
729,629
838,738
912,812
870,770
559,459
584,484
591,491
525,425
1032,932
830,730
784,684
516,416
1003,903
544,444
647,547
925,825
615,515
277,177
960,860
293,193
137,37
876,776
881,781
896,796
739,639
842,742
133,33
733,633
206,106
1079,979
245,145
950,850
867,767
653,553
776,676
986,886
136,36
1094,994
272,172
774,674
421,321
605,505
130,30
242,142
1072,972
757,657
747,647
1022,922
768,668
991,891
237,137
422,322
135,35
487,387
372,272
1013,913
109,9
366,266
215,115
754,654
1068,968
243,143
443,343
578,478
525,425
1023,923
269,169
803,703
862,762
634,534
1013,913
173,73
612,512
201,101
809,709
1059,959
769,669
487,387
229,129
922,822
992,892
122,22
979,879
519,419
543,443
175,75
152,52
299,199
401,301
1081,981
1066,966
278,178
912,812
785,685
963,863
1093,993
314,214
126,26
451,351
606,506
464,364
809,709
382,282
819,719
477,377
775,675
212,112
201,101
1010,910
940,840
122,22
1080,980
382,282
868,768
491,391
209,109
832,732
172,72
650,550
829,729
957,857
969,869
384,284
257,157
621,521
163,63
541,441
155,55
478,378
1037,937
311,211
758,658
1074,974
1080,980
161,61
681,581
315,215
674,574
419,319
103,3
681,581
859,759
598,498
192,92
1048,948
513,413
346,246
114,14
273,173
634,534
837,737
271,171
894,794
544,444
382,282
843,743
739,639
142,42
737,637
347,247
868,768
145,45
175,75
1017,917
1030,930
969,869
607,507
103,3
189,89
378,278
454,354
766,666
738,638
800,700
652,552
711,611
184,84
1067,967
207,107
182,82
272,172
921,821
225,125
214,114
441,341
543,443
387,287
762,662
368,268
890,790
111,11
444,344
105,5
687,587
142,42
700,600
391,291
577,477
713,613
264,164
153,53
1037,937
1064,964
598,498
268,168
374,274
472,372
974,874
451,351
286,186
1000,900
530,430
912,812
675,575
153,53
726,626
134,34
854,754
754,654
253,153
1031,931
248,148
769,669
164,64
831,731
584,484
1032,932
1056,956
656,556
557,457
349,249
383,283
378,278
475,375
498,398
501,401
397,297
955,855
859,759
976,876
169,69
577,477
141,41
790,690
1063,963
1063,963
589,489
313,213
1036,936
553,453
953,853
321,221
615,515
321,221
1050,950
651,551
365,265
282,182
228,128
840,740
446,346
528,428
473,373
398,298
129,29
1066,966
537,437
387,287
941,841
1090,990
678,578
1012,912
551,451
247,147
842,742
1015,915
415,315
958,858
955,855
922,822
873,773
906,806
541,441
577,477
381,281
279,179
276,176
186,86
1054,954
947,847
286,186
1018,918
939,839
899,799
340,240
662,562
431,331
747,647
339,239
705,605
204,104
1001,901
165,65
695,595
314,214
1036,936
561,461
558,458
750,650
682,582
601,501
392,292
637,537
340,240
905,805
764,664
638,538
1063,963
659,559
196,96
731,631
874,774
437,337
295,195
920,820
188,88
366,266
806,706
341,241
536,436
857,757
835,735
908,808
732,632
835,735
362,262
380,280
773,673
513,413
653,553
649,549
660,560
345,245
527,427
352,252
176,76
538,438
1021,921
432,332
194,94
282,182
384,284
839,739
837,737
605,505
534,434
900,800
971,871
118,18
614,514
740,640
756,656
960,860
530,430
476,376
1077,977
612,512
1087,987
240,140
148,48
218,118
276,176
515,415
227,127
224,124
363,263
190,90
396,296
1003,903
732,632
306,206
875,775
403,303
137,37
190,90
328,228
284,184
161,61
410,310
129,29
713,613
708,608
677,577
921,821
966,866
641,541
717,617
1054,954
327,227
963,863
445,345
407,307
321,221
237,137
619,519
186,86
697,597
215,115
370,270
105,5
170,70
776,676
665,565
1037,937
237,137
270,170
308,208
115,15
868,768
671,571
175,75
684,584
824,724
872,772
732,632
886,786
196,96
815,715
355,255
527,427
570,470
928,828
309,209
520,420
798,698
462,362
376,276
530,430
276,176
987,887
1075,975
125,25
430,330
434,334
702,602
775,675
528,428
940,840
805,705
246,146
455,355
899,799
613,513
548,448
589,489
274,174
194,94
598,498
652,552
299,199
442,342
277,177
489,389
614,514
256,156
987,887
249,149
755,655
234,134
137,37
294,194
700,600
554,454
408,308
961,861
303,203
280,180
771,671
851,751
143,43
419,319
300,200
276,176
1087,987
177,77
887,787
956,856
678,578
139,39
103,3
812,712
865,765
1076,976
943,843
1025,925
731,631
163,63
715,615
520,420
474,374
414,314
673,573
203,103
869,769
341,241
286,186
330,230
774,674
868,768
644,544
936,836
1014,914
1027,927
160,60
147,47
1036,936
139,39
643,543
1030,930
990,890
146,46
1023,923
850,750
204,104
555,455
517,417
870,770
993,893
212,112
159,59
714,614
452,352
892,792
800,700
278,178
706,606
391,291
700,600
560,460
714,614
890,790
690,590
691,591
482,382
497,397
1057,957
338,238
184,84
968,868
530,430
780,680
499,399
265,165
894,794
585,485
405,305
538,438
954,854
352,252
449,349
726,626
118,18
589,489
573,473
257,157
904,804
664,564
507,407
421,321
1030,930
243,143
384,284
814,714
346,246
981,881
682,582
107,7
1039,939
203,103
338,238
346,246
919,819
591,491
652,552
1016,916
612,512
658,558
937,837
933,833
547,447
953,853
1064,964
1059,959
1051,951
296,196
924,824
1062,962
1025,925
212,112
677,577
873,773
635,535
611,511
118,18
598,498
117,17
690,590
815,715
1100,1000
544,444
895,795
323,223
136,36
491,391
1085,985
628,528
257,157
387,287
591,491
792,692
816,716
978,878
1019,919
797,697
561,461
699,599
382,282
641,541
309,209
1033,933
766,666
108,8
355,255
772,672
740,640
417,317
509,409
620,520
279,179
378,278
992,892
267,167
386,286
606,506
270,170
686,586
900,800
896,796
867,767
572,472
537,437
327,227
740,640
305,205
149,49
422,322
379,279
327,227
649,549
671,571
899,799
681,581
393,293
721,621
974,874
143,43
927,827
285,185
136,36
411,311
531,431
103,3
238,138
614,514
109,9
435,335
770,670
531,431
611,511
560,460
668,568
1078,978
1064,964
839,739
163,63
146,46
859,759
480,380
643,543
538,438
885,785
662,562
745,645
227,127
883,783
477,377
853,753
1049,949
415,315
1008,908
499,399
218,118
519,419
783,683
305,205
1012,912
378,278
162,62
522,422
657,557
248,148
1004,904
1013,913
187,87
225,125
692,592
273,173
1075,975
754,654
810,710
707,607
547,447
355,255
538,438
970,870
162,62
628,528
797,697
494,394
829,729
754,654
172,72
361,261
235,135
683,583
866,766
902,802
466,366
644,544
575,475
1086,986
646,546
1069,969
860,760
625,525
225,125
763,663
541,441
413,313
777,677
214,114
798,698
908,808
664,564
313,213
449,349
621,521
265,165
409,309
749,649
121,21
772,672
198,98
450,350
259,159
1064,964
190,90
793,693
127,27
589,489
984,884
801,701
342,242
272,172
676,576
292,192
499,399
1046,946
951,851
319,219
473,373
771,671
255,155
1020,920
981,881
134,34
594,494
671,571
857,757
615,515
108,8
371,271
433,333
432,332
1037,937
470,370
346,246
918,818
860,760
875,775
580,480
254,154
110,10
357,257
280,180
857,757
964,864
331,231
642,542
355,255
197,97
1080,980
987,887
262,162
915,815
394,294
1020,920
396,296
487,387
501,401
111,11
372,272
156,56
813,713
605,505
918,818
1046,946
516,416
552,452
206,106
1018,918
1082,982
284,184
1009,909
425,325
145,45
1029,929
857,757
187,87
942,842
233,133
170,70
782,682
892,792
238,138
925,825
574,474
1050,950
510,410
147,47
728,628
517,417
300,200
186,86
132,32
879,779
457,357
869,769
185,85
172,72
157,57
234,134
450,350
218,118
597,497
538,438
142,42
994,894
703,603
434,334
675,575
593,493
643,543
662,562
921,821
804,704
459,359
528,428
1028,928
492,392
962,862
193,93
458,358
210,110
181,81
342,242
313,213
857,757
433,333
697,597
863,763
871,771
971,871
992,892
1064,964
324,224
644,544
1098,998
969,869
573,473
792,692
901,801
595,495
1097,997
755,655
945,845
728,628
844,744
318,218
573,473
215,115
492,392
313,213
452,352
1077,977
1035,935
187,87
123,23
329,229
436,336
135,35
672,572
587,487
427,327
289,189
651,551
401,301
780,680
547,447
1068,968
873,773
821,721
111,11
165,65
386,286
633,533
509,409
1082,982
230,130
734,634
917,817
222,122
673,573
163,63
775,675
650,550
518,418
1009,909
995,895
1015,915
309,209
863,763
635,535
105,5
351,251
396,296
285,185
344,244
782,682
598,498
217,117
147,47
972,872
684,584
532,432
115,15
1092,992
874,774
132,32
1064,964
479,379
790,690
984,884
1010,910
557,457
659,559
831,731
775,675
188,88
792,692
640,540
997,897
272,172
690,590
299,199
268,168
171,71
783,683
466,366
575,475
112,12
196,96
1037,937
243,143
607,507
664,564
918,818
583,483
769,669
557,457
618,518
360,260
722,622
723,623
125,25
939,839
449,349
1028,928
172,72
123,23
602,502
162,62
660,560
1034,934
761,661
339,239
865,765
695,595
900,800
679,579
830,730
549,449
298,198
422,322
164,64
1027,927
234,134
740,640
384,284
697,597
389,289
393,293
886,786
217,117
486,386
452,352
877,777
728,628
244,144
750,650
564,464
824,724
303,203
259,159
231,131
869,769
159,59
1002,902
316,216
180,80
379,279
553,453
994,894
901,801
610,510
311,211
165,65
335,235
932,832
106,6
118,18
697,597
141,41
553,453
221,121
336,236
983,883
731,631
646,546
734,634
783,683
1016,916
761,661
1080,980
260,160
243,143
394,294
826,726
808,708
769,669
991,891
854,754
909,809
728,628
750,650
738,638
657,557
233,133
945,845
548,448
735,635
915,815
640,540
966,866
949,849
546,446
168,68
668,568
1035,935
374,274
710,610
476,376
837,737
432,332
1048,948
1056,956
383,283
738,638
1070,970
132,32
625,525
780,680
127,27
463,363
843,743
549,449
436,336
426,326
838,738
501,401
462,362
909,809
1083,983
118,18
411,311
582,482
1076,976
178,78
802,702
206,106
325,225
992,892
940,840
279,179
127,27
913,813
628,528
211,111
241,141
934,834
694,594
233,133
1039,939
966,866
192,92
454,354
275,175
711,611
745,645
1050,950
910,810
425,325
449,349
551,451
629,529
677,577
991,891
212,112
1093,993
477,377
1002,902
918,818
353,253
653,553
725,625
222,122
692,592
689,589
693,593
132,32
570,470
125,25
376,276
707,607
307,207
915,815
378,278
250,150
229,129
794,694
441,341
551,451
506,406
573,473
430,330
768,668
1042,942
322,222
854,754
1030,930
1026,926
245,145
300,200
692,592
860,760
419,319
225,125
494,394
966,866
711,611
1082,982
1095,995
243,143
834,734
745,645
574,474
742,642
511,411
167,67
371,271
451,351
727,627
103,3
506,406
936,836
1024,924
606,506
569,469
225,125
906,806
752,652
979,879
543,443
465,365
501,401
125,25
797,697
1066,966
273,173
555,455
393,293
594,494
549,449
850,750
1040,940
533,433
616,516
550,450
123,23
698,598
897,797
772,672
381,281
240,140
310,210
162,62
639,539
448,348
178,78
468,368
280,180
709,609
729,629
440,340
793,693
391,291
161,61
1088,988
494,394
163,63
987,887
515,415
249,149
390,290
422,322
938,838
165,65
758,658
597,497
210,110
555,455
994,894
599,499
444,344
544,444
109,9
1033,933
908,808
941,841
586,486
894,794
532,432
458,358
624,524
945,845
171,71
493,393
681,581
317,217
829,729
786,686
315,215
1077,977
588,488
929,829
841,741
212,112
949,849
588,488
879,779
866,766
167,67
1073,973
493,393
341,241
201,101
476,376
237,137
922,822
647,547
411,311
449,349
1014,914
841,741
237,137
1076,976
168,68
731,631
125,25
1072,972
440,340
793,693
772,672
552,452
528,428
648,548
962,862
569,469
109,9
771,671
124,24
154,54
519,419
998,898
394,294
535,435
282,182
875,775
407,307
243,143
217,117
229,129
499,399
584,484
733,633
657,557
554,454
597,497
141,41
715,615
585,485
333,233
246,146
654,554
647,547
222,122
757,657
215,115
787,687
816,716
797,697
510,410
248,148
608,508
432,332
948,848
966,866
321,221
218,118
265,165
1018,918
193,93
338,238
152,52
520,420
863,763
273,173
931,831
756,656
976,876
910,810
645,545
323,223
375,275
725,625
330,230
682,582
216,116
571,471
942,842
345,245
718,618
534,434
307,207
479,379
191,91
633,533
419,319
853,753
760,660
861,761
1090,990
576,476
570,470
161,61
700,600
1053,953
606,506
1066,966
989,889
468,368
421,321
1042,942
909,809
816,716
932,832
572,472
641,541
433,333
514,414
224,124
560,460
695,595
181,81
1072,972
188,88
304,204
639,539
948,848
398,298
277,177
597,497
647,547
948,848
686,586
805,705
759,659
994,894
555,455
876,776
949,849
1018,918
529,429
851,751
881,781
815,715
901,801
792,692
336,236
1059,959
1041,941
718,618
619,519
915,815
501,401
268,168
620,520
410,310
185,85
593,493
760,660
237,137
808,708
383,283
1014,914
737,637
116,16
269,169
905,805
926,826
963,863
463,363
148,48
124,24
989,889
846,746
167,67
672,572
1067,967
284,184
424,324
340,240
426,326
810,710
154,54
1030,930
250,150
150,50
117,17
315,215
1030,930
305,205
148,48
964,864
1087,987
228,128
414,314
616,516
248,148
1020,920
310,210
589,489
778,678
936,836
943,843
769,669
322,222
1083,983
685,585
110,10
899,799
130,30
543,443
525,425
868,768
951,851
1064,964
776,676
554,454
204,104
151,51
154,54
403,303
719,619
731,631
958,858
128,28
828,728
962,862
647,547
414,314
1035,935
713,613
639,539
546,446
696,596
710,610
547,447
658,558
176,76
823,723
234,134
743,643
316,216
327,227
729,629
430,330
712,612
231,131
958,858
970,870
616,516
488,388
312,212
792,692
352,252
538,438
153,53
285,185
1028,928
686,586
919,819
476,376
970,870
558,458
758,658
438,338
398,298
240,140
435,335
884,784
372,272
246,146
209,109
292,192
457,357
457,357
1072,972
243,143
359,259
498,398
730,630
557,457
494,394
123,23
101,1
533,433
777,677
973,873
339,239
320,220
323,223
591,491
510,410
475,375
490,390
1027,927
891,791
1095,995
251,151
712,612
968,868
687,587
942,842
988,888
188,88
455,355
264,164
794,694
904,804
849,749
784,684
434,334
566,466
509,409
922,822
606,506
586,486
719,619
466,366
530,430
154,54
953,853
350,250
927,827
1046,946
585,485
376,276
1023,923
955,855
888,788
851,751
743,643
283,183
149,49
532,432
556,456
721,621
592,492
104,4
789,689
956,856
969,869
147,47
821,721
481,381
802,702
984,884
939,839
827,727
442,342
239,139
1097,997
969,869
899,799
891,791
455,355
1004,904
135,35
927,827
368,268
1081,981
504,404
762,662
305,205
717,617
664,564
849,749
140,40
674,574
872,772
973,873
996,896
743,643
720,620
122,22
556,456
843,743
967,867
1066,966
938,838
577,477
484,384
113,13
146,46
749,649
930,830
706,606
1038,938
381,281
269,169
434,334
152,52
132,32
1045,945
539,439
980,880
1059,959
354,254
843,743
856,756
149,49
844,744
696,596
165,65
934,834
221,121
648,548
532,432
847,747
325,225
503,403
183,83
231,131
655,555
498,398
234,134
757,657
846,746
928,828
154,54
1079,979
860,760
728,628
1044,944
709,609
315,215
862,762
429,329
954,854
427,327
496,396
1075,975
1087,987
314,214
509,409
841,741
590,490
628,528
956,856
447,347
931,831
738,638
842,742
925,825
289,189
310,210
934,834
979,879
458,358
889,789
158,58
637,537
951,851
303,203
1071,971
111,11
315,215
706,606
598,498
601,501
645,545
892,792
921,821
769,669
140,40
692,592
988,888
1046,946
1019,919
169,69
224,124
493,393
253,153
177,77
723,623
320,220
764,664
793,693
598,498
690,590
243,143
277,177
176,76
279,179
1023,923
571,471
208,108
401,301
822,722
248,148
235,135
223,123
1092,992
728,628
508,408
648,548
1009,909
103,3
679,579
772,672
1074,974
318,218
890,790
428,328
579,479
602,502
880,780
690,590
853,753
280,180
654,554
649,549
464,364
645,545
161,61
938,838
678,578
707,607
432,332
469,369
419,319
881,781
828,728
437,337
612,512
117,17
443,343
230,130
333,233
870,770
1038,938
405,305
735,635
885,785
1001,901
776,676
851,751
251,151
238,138
147,47
532,432
867,767
752,652
822,722
620,520
806,706
1089,989
128,28
1090,990
211,111
804,704
773,673
388,288
429,329
634,534
862,762
655,555
1062,962
513,413
468,368
665,565
629,529
733,633
662,562
985,885
925,825
714,614
256,156
527,427
533,433
417,317
1088,988
129,29
626,526
183,83
1051,951
795,695
434,334
953,853
959,859
590,490
264,164
782,682
943,843
274,174
403,303
303,203
354,254
964,864
110,10
563,463
888,788
275,175
735,635
521,421
430,330
612,512
260,160
561,461
216,116
203,103
696,596
999,899
1051,951
582,482
1061,961
914,814
950,850
881,781
113,13
833,733
556,456
165,65
444,344
142,42
1045,945
484,384
181,81
715,615
725,625
1076,976
802,702
509,409
222,122
121,21
292,192
239,139
583,483
126,26
807,707
914,814
826,726
582,482
902,802
513,413
433,333
680,580
771,671
1083,983
747,647
434,334
109,9
406,306
1100,1000
655,555
238,138
188,88
603,503
307,207
327,227
952,852
623,523
743,643
1074,974
525,425
727,627
982,882
981,881
1075,975
612,512
584,484
854,754
277,177
549,449
839,739
200,100
741,641
948,848
128,28
567,467
1038,938
1043,943
722,622
370,270
961,861
861,761
435,335
1026,926
811,711
699,599
952,852
962,862
497,397
686,586
191,91
459,359
465,365
395,295
457,357
1032,932
471,371
509,409
1087,987
546,446
331,231
922,822
641,541
678,578
748,648
1069,969
807,707
397,297
312,212
167,67
179,79
747,647
427,327
851,751
316,216
1060,960
689,589
907,807
400,300
789,689
1056,956
731,631
645,545
961,861
251,151
1094,994
694,594
642,542
360,260
1051,951
322,222
365,265
779,679
882,782
705,605
748,648
678,578
1037,937
804,704
535,435
1092,992
219,119
946,846
989,889
239,139
836,736
983,883
723,623
179,79
118,18
948,848
380,280
378,278
640,540
1100,1000
515,415
925,825
665,565
842,742
935,835
513,413
135,35
572,472
640,540
442,342
1022,922
153,53
342,242
120,20
897,797
308,208
585,485
387,287
644,544
356,256
292,192
368,268
668,568
139,39
242,142
122,22
716,616
643,543
942,842
650,550
904,804
931,831
599,499
699,599
225,125
616,516
999,899
320,220
753,653
616,516
387,287
761,661
714,614
619,519
468,368
898,798
394,294
367,267
169,69
516,416
307,207
217,117
460,360
535,435
554,454
904,804
1006,906
446,346
489,389
806,706
1038,938
445,345
906,806
721,621
514,414
803,703
114,14
620,520
649,549
248,148
866,766
248,148
292,192
527,427
832,732
579,479
844,744
480,380
1040,940
164,64
273,173
1045,945
371,271
847,747
744,644
843,743
632,532
975,875
271,171
537,437
253,153
1054,954
122,22
142,42
864,764
645,545
204,104
348,248
669,569
1046,946
362,262
661,561
933,833
641,541
202,102
395,295
639,539
165,65
142,42
791,691
866,766
1045,945
567,467
900,800
968,868
425,325
555,455
672,572
340,240
158,58
834,734
1070,970
218,118
905,805
852,752
187,87
334,234
835,735
206,106
559,459
374,274
142,42
238,138
822,722
805,705
698,598
776,676
841,741
771,671
502,402
877,777
204,104
1068,968
509,409
104,4
674,574
1100,1000
793,693
344,244
782,682
1000,900
310,210
867,767
1085,985
704,604
821,721
732,632
513,413
733,633
372,272
521,421
1010,910
523,423
453,353
949,849
154,54
561,461
848,748
338,238
571,471
1005,905
1011,911
129,29
185,85
789,689
242,142
109,9
855,755
578,478
932,832
232,132
160,60
1020,920
1096,996
859,759
776,676
132,32
337,237
589,489
194,94
275,175
997,897
559,459
1022,922
658,558
534,434
1077,977
410,310
169,69
1081,981
833,733
1099,999
543,443
752,652
188,88
152,52
224,124
1027,927
329,229
456,356
685,585
545,445
599,499
386,286
727,627
544,444
914,814
166,66
663,563
326,226
654,554
883,783
717,617
632,532
908,808
437,337
237,137
290,190
1051,951
642,542
1069,969
822,722
689,589
868,768
783,683
126,26
718,618
626,526
533,433
114,14
657,557
359,259
252,152
923,823
652,552
579,479
993,893
571,471
656,556
416,316
163,63
179,79
144,44
628,528
637,537
291,191
899,799
291,191
140,40
314,214
542,442
1053,953
424,324
309,209
530,430
506,406
926,826
695,595
702,602
463,363
509,409
195,95
498,398
649,549
582,482
411,311
1021,921
341,241
843,743
247,147
200,100
936,836
1050,950
237,137
267,167
670,570
326,226
223,123
1055,955
911,811
373,273
210,110
116,16
384,284
858,758
195,95
346,246
589,489
305,205
706,606
384,284
119,19
190,90
465,365
764,664
829,729
409,309
1014,914
1025,925
888,788
170,70
307,207
939,839
398,298
328,228
320,220
116,16
320,220
794,694
538,438
187,87
838,738
556,456
898,798
457,357
757,657
453,353
975,875
380,280
399,299
599,499
918,818
429,329
610,510
109,9
950,850
219,119
456,356
946,846
290,190
1048,948
180,80
522,422
336,236
355,255
945,845
248,148
331,231
713,613
967,867
824,724
1019,919
924,824
173,73
954,854
725,625
778,678
415,315
816,716
201,101
117,17
950,850
368,268
754,654
833,733
1064,964
894,794
396,296
199,99
105,5
1064,964
565,465
458,358
200,100
238,138
892,792
325,225
570,470
1065,965
420,320
892,792
478,378
655,555
235,135
388,288
1049,949
484,384
737,637
363,263
211,111
306,206
476,376
1058,958
862,762
172,72
720,620
1042,942
251,151
618,518
453,353
487,387
279,179
1079,979
1080,980
482,382
618,518
163,63
267,167
754,654
800,700
481,381
1099,999
388,288
990,890
110,10
1030,930
922,822
823,723
591,491
628,528
426,326
906,806
1018,918
825,725
924,824
1022,922
512,412
488,388
138,38
720,620
893,793
259,159
806,706
824,724
705,605
856,756
306,206
160,60
644,544
725,625
882,782
533,433
1097,997
308,208
566,466
382,282
1048,948
151,51
1057,957
249,149
1030,930
212,112
352,252
913,813
1024,924
531,431
556,456
975,875
231,131
1079,979
236,136
540,440
676,576
588,488
162,62
761,661
803,703
1022,922
267,167
532,432
826,726
512,412
122,22
777,677
834,734
624,524
719,619
165,65
127,27
277,177
436,336
802,702
477,377
876,776
683,583
1082,982
763,663
433,333
709,609
640,540
647,547
465,365
1090,990
339,239
462,362
739,639
967,867
906,806
122,22
245,145
596,496
402,302
548,448
559,459
910,810
544,444
1074,974
1010,910
977,877
241,141
269,169
858,758
538,438
636,536
241,141
133,33
898,798
163,63
1062,962
746,646
748,648
104,4
506,406
262,162
171,71
992,892
656,556
455,355
228,128
841,741
264,164
761,661
175,75
654,554
740,640
350,250
371,271
481,381
710,610
139,39
443,343
288,188
553,453
220,120
559,459
144,44
358,258
865,765
133,33
430,330
327,227
289,189
477,377
1021,921
476,376
980,880
236,136
587,487
728,628
974,874
787,687
473,373
989,889
372,272
536,436
218,118
600,500
170,70
135,35
505,405
241,141
345,245
661,561
1014,914
663,563
403,303
616,516
758,658
775,675
950,850
625,525
976,876
110,10
434,334
985,885
1073,973
355,255
976,876
250,150
1053,953
376,276
229,129
529,429
658,558
1035,935
445,345
389,289
192,92
992,892
427,327
1053,953
749,649
598,498
879,779
195,95
969,869
610,510
524,424
775,675
135,35
197,97
780,680
1054,954
1083,983
651,551
1062,962
1030,930
277,177
997,897
489,389
351,251
509,409
174,74
308,208
305,205
468,368
780,680
497,397
344,244
345,245
806,706
310,210
574,474
1084,984
493,393
561,461
655,555
989,889
894,794
744,644
994,894
676,576
620,520
963,863
785,685
463,363
1068,968
877,777
905,805
939,839
1089,989
432,332
569,469
538,438
745,645
723,623
651,551
946,846
518,418
843,743
172,72
168,68
1014,914
564,464
822,722
798,698
567,467
462,362
1065,965
200,100
871,771
384,284
155,55
500,400
799,699
627,527
580,480
247,147
765,665
355,255
694,594
485,385
278,178
225,125
831,731
679,579
1054,954
282,182
327,227
544,444
570,470
586,486
723,623
309,209
133,33
541,441
261,161
428,328
975,875
534,434
882,782
253,153
616,516
996,896
507,407
375,275
121,21
967,867
416,316
491,391
701,601
745,645
1019,919
421,321
597,497
490,390
351,251
331,231
326,226
867,767
950,850
924,824
573,473
484,384
784,684
944,844
322,222
757,657
852,752
1026,926
780,680
982,882
165,65
821,721
627,527
133,33
1046,946
436,336
802,702
292,192
1096,996
323,223
482,382
853,753
605,505
145,45
531,431
610,510
1079,979
1038,938
574,474
482,382
203,103
436,336
495,395
1072,972
909,809
583,483
292,192
530,430
418,318
665,565
360,260
279,179
230,130
723,623
610,510
235,135
649,549
390,290
259,159
322,222
299,199
408,308
502,402
138,38
1029,929
815,715
454,354
102,2
1094,994
666,566
734,634
630,530
612,512
368,268
819,719
724,624
193,93
169,69
159,59
173,73
774,674
779,679
693,593
995,895
356,256
346,246
240,140
466,366
377,277
137,37
275,175
240,140
1071,971
595,495
986,886
824,724
700,600
813,713
484,384
798,698
190,90
566,466
215,115
134,34
575,475
495,395
589,489
856,756
151,51
111,11
225,125
493,393
355,255
392,292
598,498
382,282
762,662
204,104
471,371
536,436
310,210
924,824
663,563
292,192
266,166
505,405
940,840
540,440
289,189
818,718
531,431
859,759
223,123
445,345
1028,928
220,120
661,561
768,668
933,833
327,227
780,680
518,418
447,347
1017,917
102,2
399,299
151,51
398,298
855,755
787,687
596,496
526,426
771,671
568,468
871,771
828,728
750,650
712,612
752,652
422,322
833,733
231,131
343,243
200,100
593,493
955,855
1063,963
1007,907
424,324
608,508
445,345
118,18
1020,920
797,697
581,481
102,2
250,150
331,231
765,665
164,64
1059,959
928,828
984,884
480,380
471,371
930,830
577,477
147,47
780,680
453,353
440,340
1051,951
799,699
778,678
689,589
777,677
579,479
1097,997
353,253
910,810
825,725
654,554
589,489
897,797
102,2
854,754
670,570
907,807
526,426
132,32
511,411
457,357
1003,903
615,515
975,875
184,84
813,713
106,6
744,644
874,774
852,752
877,777
1042,942
646,546
863,763
672,572
615,515
896,796
971,871
1074,974
1050,950
341,241
739,639
353,253
1042,942
746,646
1059,959
1002,902
835,735
371,271
199,99
193,93
716,616
891,791
1091,991
554,454
598,498
229,129
706,606
180,80
168,68
247,147
253,153
439,339
409,309
501,401
391,291
881,781
433,333
708,608
849,749
676,576
900,800
715,615
1000,900
822,722
839,739
831,731
418,318
554,454
283,183
277,177
215,115
983,883
1092,992
741,641
220,120
905,805
465,365
966,866
815,715
333,233
913,813
835,735
594,494
342,242
319,219
280,180
518,418
924,824
646,546
1074,974
133,33
683,583
525,425
365,265
311,211
1024,924
415,315
535,435
809,709
158,58
841,741
136,36
553,453
986,886
495,395
171,71
500,400
1088,988
320,220
747,647
205,105
693,593
316,216
172,72
230,130
179,79
307,207
467,367
803,703
181,81
1053,953
750,650
250,150
1022,922
881,781
316,216
311,211
606,506
145,45
816,716
382,282
194,94
1033,933
284,184
571,471
377,277
375,275
272,172
383,283
393,293
716,616
690,590
778,678
894,794
480,380
423,323
889,789
116,16
952,852
966,866
1047,947
256,156
109,9
180,80
787,687
283,183
833,733
302,202
478,378
432,332
411,311
793,693
1024,924
148,48
1007,907
360,260
853,753
433,333
689,589
102,2
862,762
569,469
1095,995
902,802
836,736
304,204
623,523
171,71
190,90
166,66
796,696
834,734
384,284
901,801
756,656
588,488
620,520
476,376
843,743
338,238
694,594
683,583
1069,969
510,410
594,494
714,614
963,863
101,1
984,884
262,162
1079,979
408,308
351,251
744,644
202,102
817,717
107,7
153,53
153,53
1082,982
741,641
741,641
515,415
1095,995
1021,921
507,407
561,461
222,122
642,542
762,662
493,393
1075,975
267,167
934,834
581,481
298,198
734,634
741,641
313,213
375,275
154,54
795,695
621,521
686,586
740,640
1046,946
1075,975
874,774
403,303
1033,933
373,273
830,730
799,699
599,499
338,238
309,209
374,274
977,877
210,110
253,153
650,550
687,587
801,701
671,571
205,105
359,259
553,453
1012,912
265,165
632,532
522,422
827,727
808,708
291,191
1023,923
602,502
691,591
142,42
751,651
869,769
919,819
499,399
503,403
466,366
772,672
464,364
540,440
907,807
879,779
780,680
359,259
661,561
410,310
630,530
743,643
756,656
1093,993
1099,999
802,702
384,284
318,218
743,643
203,103
347,247
294,194
713,613
802,702
710,610
116,16
480,380
849,749
1076,976
376,276
188,88
1032,932
348,248
1080,980
610,510
316,216
764,664
900,800
448,348
934,834
318,218
652,552
516,416
113,13
155,55
596,496
738,638
577,477
412,312
492,392
958,858
648,548
882,782
485,385
135,35
342,242
340,240
948,848
995,895
672,572
794,694
291,191
871,771
1036,936
523,423
194,94
386,286
682,582
1087,987
468,368
555,455
667,567
913,813
179,79
216,116
880,780
1015,915
811,711
232,132
428,328
337,237
255,155
860,760
806,706
393,293
330,230
337,237
285,185
962,862
173,73
904,804
967,867
580,480
117,17
1009,909
903,803
895,795
682,582
825,725
413,313
786,686
873,773
731,631
110,10
578,478
750,650
805,705
622,522
546,446
543,443
675,575
530,430
938,838
381,281
614,514
971,871
820,720
146,46
678,578
966,866
834,734
255,155
766,666
270,170
640,540
590,490
684,584
472,372
460,360
559,459
334,234
839,739
303,203
956,856
1068,968
119,19
625,525
502,402
961,861
511,411
918,818
866,766
250,150
278,178
515,415
266,166
110,10
124,24
703,603
891,791
1079,979
138,38
174,74
900,800
665,565
315,215
779,679
637,537
532,432
623,523
406,306
1015,915
406,306
901,801
512,412
756,656
284,184
295,195
667,567
392,292
687,587
951,851
197,97
589,489
231,131
628,528
432,332
1006,906
733,633
947,847
114,14
398,298
644,544
432,332
885,785
562,462
130,30
962,862
744,644
627,527
852,752
905,805
619,519
169,69
996,896
751,651
244,144
168,68
690,590
264,164
425,325
325,225
984,884
273,173
1066,966
1084,984
826,726
777,677
598,498
151,51
800,700
813,713
541,441
125,25
965,865
753,653
168,68
467,367
781,681
128,28
770,670
112,12
794,694
1074,974
903,803
793,693
971,871
464,364
912,812
439,339
537,437
492,392
711,611
504,404
206,106
1079,979
901,801
269,169
891,791
789,689
776,676
840,740
924,824
991,891
592,492
600,500
872,772
258,158
871,771
357,257
373,273
474,374
363,263
494,394
119,19
551,451
719,619
769,669
457,357
1072,972
1063,963
896,796
238,138
401,301
146,46
298,198
970,870
613,513
664,564
889,789
751,651
1077,977
182,82
235,135
470,370
380,280
893,793
205,105
930,830
430,330
114,14
699,599
257,157
1056,956
414,314
575,475
864,764
179,79
803,703
348,248
322,222
1064,964
288,188
829,729
537,437
164,64
295,195
917,817
431,331
739,639
525,425
936,836
1072,972
557,457
304,204
396,296
913,813
963,863
465,365
994,894
565,465
863,763
245,145
145,45
536,436
248,148
483,383
336,236
1073,973
785,685
257,157
765,665
183,83
261,161
699,599
560,460
426,326
811,711
820,720
336,236
201,101
804,704
396,296
348,248
131,31
668,568
1038,938
629,529
115,15
544,444
108,8
470,370
878,778
911,811
921,821
428,328
406,306
299,199
592,492
373,273
807,707
358,258
179,79
113,13
197,97
406,306
920,820
316,216
845,745
132,32
155,55
287,187
474,374
496,396
957,857
832,732
1059,959
1007,907
862,762
148,48
768,668
1096,996
863,763
879,779
488,388
874,774
1100,1000
1031,931
247,147
934,834
228,128
625,525
611,511
173,73
682,582
628,528
689,589
1014,914
613,513
601,501
479,379
638,538
715,615
762,662
1055,955
733,633
170,70
713,613
681,581
415,315
142,42
266,166
741,641
510,410
305,205
186,86
300,200
708,608
238,138
429,329
219,119
827,727
226,126
502,402
1031,931
337,237
124,24
756,656
837,737
642,542
894,794
526,426
789,689
1052,952
170,70
109,9
325,225
930,830
526,426
1055,955
304,204
967,867
684,584
464,364
756,656
794,694
354,254
749,649
151,51
706,606
1047,947
654,554
611,511
686,586
408,308
141,41
156,56
302,202
109,9
862,762
565,465
1100,1000
650,550
547,447
350,250
645,545
933,833
159,59
695,595
346,246
173,73
249,149
1023,923
568,468
187,87
713,613
101,1
531,431
573,473
873,773
442,342
861,761
899,799
717,617
941,841
925,825
302,202
859,759
815,715
501,401
917,817
965,865
354,254
1017,917
112,12
696,596
134,34
1044,944
791,691
350,250
200,100
335,235
858,758
453,353
775,675
486,386
998,898
951,851
1051,951
231,131
217,117
597,497
1027,927
891,791
605,505
532,432
498,398
360,260
815,715
457,357
791,691
314,214
231,131
193,93
536,436
657,557
627,527
744,644
608,508
711,611
778,678
599,499
452,352
610,510
1067,967
946,846
814,714
880,780
396,296
684,584
984,884
809,709
307,207
225,125
875,775
545,445
651,551
790,690
752,652
1039,939
972,872
717,617
941,841
1084,984
718,618
175,75
1002,902
465,365
653,553
300,200
1018,918
1051,951
323,223
776,676
1092,992
584,484
223,123
247,147
1056,956
413,313
812,712
796,696
560,460
596,496
470,370
982,882
350,250
474,374
804,704
240,140
243,143
204,104
1041,941
457,357
209,109
153,53
255,155
155,55
633,533
121,21
237,137
693,593
104,4
1070,970
765,665
183,83
198,98
458,358
352,252
1094,994
789,689
337,237
301,201
140,40
538,438
261,161
968,868
241,141
835,735
927,827
753,653
213,113
339,239
970,870
974,874
147,47
102,2
849,749
691,591
402,302
421,321
921,821
323,223
140,40
729,629
790,690
572,472
451,351
1070,970
1061,961
644,544
942,842
427,327
1091,991
575,475
822,722
568,468
795,695
599,499
532,432
1018,918
806,706
148,48
886,786
388,288
802,702
772,672
396,296
116,16
658,558
338,238
723,623
363,263
432,332
896,796
210,110
1065,965
706,606
426,326
868,768
395,295
653,553
782,682
217,117
453,353
274,174
916,816
540,440
528,428
823,723
751,651
648,548
194,94
718,618
486,386
609,509
685,585
1100,1000
275,175
293,193
649,549
455,355
860,760
428,328
199,99
1079,979
877,777
759,659
104,4
113,13
138,38
354,254
208,108
134,34
889,789
6089
4809
5406
4930
6294
7092
5808
5770
6309
6202
5709
6756
5664
6546
7035
4945
5285
5576
5909
5047
5148
4948
6861
5945
6495
6538
4847
6434
6323
6066
6115
6847
6813
5270
5105
6534
6501
5872
6303
6904
6059
5932
5835
6199
5757
6527
6725
6866
4928
7032
5254
4785
6791
6742
4923
4938
6599
5910
6325
5213
6398
5607
7109
5870
6583
4788
7109
6465
5866
6408
6196
5027
5789
5005
6139
6023
5995
4824
6877
6250
6948
6066
6440
4772
7055
5531
5682
6605
6351
4931
6465
6121
5863
7033
6774
6688
6296
4895
6833
4931
4803
6738
5700
5066
7089
5094
5571
6064
5518
6499
4774
4796
5270
5561
6784
5508
5743
6553
5898
6975
6255
6499
5158
5341
5206
5813
6436
4993
6229
5365
6497
5673
6328
5378
5961
5680
7096
4992
5144
6769
5563
6674
5652
4894
4907
6712
6937
4924
6622
5679
6783
5714
5157
6845
5712
6576
5768
5190
6223
5103
6523
5577
5575
6632
6750
5865
6275
5952
6019
5289
5186
4765
5876
5115
5979
4983
7010
5956
6806
7076
5608
5770
5099
4816
5885
5673
5251
4916
5813
5537
6482
5489
5695
6963
6575
6543
5020
5192
5533
6397
6883
5881
5881
6939
5687
5166
7134
6535
6946
6820
5861
7029
5535
5617
6414
6923
6946
5175
5783
6721
6357
6983
5471
6417
6874
5532
5471
6792
4970
7084
5438
6937
6752
6083
6268
5982
5673
5074
5429
6868
7106
4940
6680
4977
5558
6411
7037
5693
5835
4929
4844
6165
5445
6924
6192
5398
5197
6259
7078
5475
6974
5430
5538
5139
6846
6329
7124
5879
5022
5404
4930
6897
5995
6526
4900
4951
5218
6632
6012
5904
5926
6253
5036
5308
6710
7120
5174
6399
6995
6723
7009
7056
6927
5235
6270
6512
6564
5049
5510
6449
5112
6329
6166
7052
6669
6338
4992
5173
5574
6827
6605
6795
5315
6548
5606
6868
4793
5721
6629
4978
6318
5722
6813
6431
4897
5341
5699
7000
5958
4819
6868
4926
6452
5376
5645
5071
6092
5939
6103
5297
7062
6619
5301
6054
6556
5712
6794
5967
5859
5424
6741
5523
6926
6854
5390
5944
6179
6668
6816
6682
5088
6116
5358
6510
6884
5728
5720
6075
5896
4990
6423
5406
4855
6734
5488
7067
6887
4826
5099
5409
4858
6783
7104
5995
6530
6109
6139
5828
5309
6233
4798
5622
6737
5347
5537
5107
5542
5991
5575
5527
