10131,9131
5581,4581
6677,5677
7882,6882
8149,7149
8507,7507
8116,7116
2417,1417
1310,310
6266,5266
8781,7781
6682,5682
9825,8825
5187,4187
8677,7677
1627,627
5314,4314
3766,2766
2312,1312
4005,3005
4705,3705
2072,1072
3002,2002
5310,4310
5451,4451
8237,7237
6508,5508
9976,8976
2566,1566
6401,5401
10138,9138
10111,9111
5685,4685
2900,1900
9106,8106
1500,500
2666,1666
6343,5343
5602,4602
5712,4712
8290,7290
2141,1141
4857,3857
10880,9880
1534,534
7077,6077
5823,4823
3192,2192
3658,2658
8424,7424
3130,2130
6891,5891
9088,8088
7791,6791
8611,7611
5666,4666
5848,4848
1967,967
4091,3091
1733,733
9852,8852
3109,2109
4976,3976
4065,3065
8265,7265
7878,6878
4845,3845
7596,6596
3185,2185
1770,770
2224,1224
1219,219
5730,4730
9903,8903
4066,3066
3071,2071
4110,3110
7336,6336
4646,3646
1168,168
7492,6492
4705,3705
2488,1488
5863,4863
3485,2485
1540,540
5492,4492
10109,9109
9464,8464
6054,5054
7954,6954
6444,5444
9245,8245
10824,9824
1050,50
5170,4170
4003,3003
5879,4879
7479,6479
2942,1942
10338,9338
9339,8339
2396,1396
8308,7308
7294,6294
10331,9331
1829,829
7233,6233
5541,4541
3111,2111
4206,3206
3563,2563
7492,6492
6102,5102
3103,2103
10369,9369
5956,4956
4817,3817
9423,8423
7152,6152
2973,1973
5296,4296
3032,2032
1843,843
9996,8996
5379,4379
2021,1021
1568,568
4057,3057
5402,4402
5396,4396
9584,8584
4190,3190
10799,9799
5322,4322
6438,5438
10990,9990
7434,6434
7349,6349
5739,4739
4920,3920
2586,1586
8833,7833
6473,5473
9902,8902
4109,3109
3946,2946
1707,707
8536,7536
2402,1402
1572,572
5416,4416
5177,4177
10725,9725
2438,1438
10911,9911
6260,5260
9641,8641
8990,7990
6717,5717
6785,5785
9143,8143
4256,3256
8938,7938
5072,4072
2927,1927
6846,5846
2597,1597
7126,6126
10630,9630
9759,8759
6218,5218
8581,7581
10494,9494
4646,3646
6736,5736
5504,4504
5495,4495
4660,3660
10679,9679
7391,6391
7356,6356
10498,9498
2585,1585
1425,425
5200,4200
1007,7
4336,3336
7950,6950
2442,1442
8970,7970
2801,1801
6898,5898
9031,8031
4238,3238
7739,6739
2320,1320
5224,4224
9727,8727
10488,9488
8629,7629
2634,1634
7862,6862
4545,3545
8408,7408
7021,6021
3948,2948
2939,1939
10999,9999
3432,2432
10923,9923
10245,9245
4133,3133
6436,5436
4271,3271
9523,8523
9144,8144
8460,7460
6750,5750
9830,8830
1542,542
6127,5127
1248,248
10123,9123
2477,1477
9724,8724
1413,413
5652,4652
2497,1497
7674,6674
7398,6398
4216,3216
5166,4166
7607,6607
5346,4346
1267,267
10264,9264
8827,7827
9190,8190
4412,3412
3716,2716
2162,1162
4472,3472
4575,3575
7851,6851
7550,6550
3520,2520
7217,6217
9778,8778
7710,6710
2964,1964
3498,2498
6239,5239
10820,9820
7066,6066
2109,1109
5297,4297
3469,2469
10355,9355
4444,3444
10750,9750
8841,7841
5761,4761
6247,5247
2919,1919
3253,2253
9481,8481
7792,6792
7149,6149
1463,463
4529,3529
6681,5681
5956,4956
3306,2306
2018,1018
9423,8423
6957,5957
4019,3019
3689,2689
5282,4282
7429,6429
1299,299
1329,329
6844,5844
9561,8561
2636,1636
5477,4477
2019,1019
8859,7859
7489,6489
6214,5214
5181,4181
1280,280
8209,7209
6882,5882
7082,6082
7433,6433
2588,1588
8327,7327
6893,5893
3306,2306
1161,161
4487,3487
8955,7955
10243,9243
1080,80
8088,7088
5529,4529
3351,2351
10160,9160
6655,5655
2940,1940
6430,5430
7904,6904
5171,4171
6179,5179
9411,8411
5927,4927
1270,270
8483,7483
4763,3763
8464,7464
6866,5866
3772,2772
6665,5665
6006,5006
8741,7741
4659,3659
1541,541
7155,6155
9349,8349
5335,4335
3777,2777
9285,8285
4650,3650
10221,9221
6117,5117
3703,2703
4799,3799
10174,9174
8704,7704
4243,3243
3779,2779
7260,6260
4707,3707
5603,4603
9516,8516
10398,9398
4748,3748
4248,3248
3866,2866
7388,6388
3007,2007
7631,6631
10922,9922
10550,9550
4019,3019
10256,9256
9432,8432
4388,3388
10936,9936
1473,473
2745,1745
1599,599
6878,5878
1009,9
7749,6749
1988,988
10931,9931
9650,8650
6472,5472
3425,2425
5300,4300
1545,545
3133,2133
6684,5684
3756,2756
2817,1817
9172,8172
10570,9570
4866,3866
4733,3733
6170,5170
3174,2174
1661,661
1809,809
10415,9415
6933,5933
8012,7012
7057,6057
2425,1425
8544,7544
4547,3547
1648,648
8306,7306
7254,6254
1244,244
3911,2911
3763,2763
9135,8135
5901,4901
7340,6340
9656,8656
8215,7215
8986,7986
8938,7938
8359,7359
3113,2113
1743,743
6912,5912
6642,5642
3893,2893
4429,3429
4719,3719
3023,2023
5046,4046
7878,6878
2884,1884
9403,8403
10732,9732
8399,7399
8599,7599
4058,3058
5374,4374
9519,8519
1453,453
2578,1578
3908,2908
6805,5805
1580,580
10421,9421
4332,3332
10333,9333
7186,6186
9074,8074
1504,504
9745,8745
7900,6900
4737,3737
9325,8325
2731,1731
1716,716
8522,7522
4975,3975
8061,7061
7037,6037
7508,6508
7643,6643
3721,2721
5625,4625
7537,6537
7328,6328
10711,9711
5895,4895
7307,6307
5972,4972
8186,7186
6237,5237
1172,172
8519,7519
3573,2573
4874,3874
9130,8130
2110,1110
4128,3128
1123,123
5099,4099
5932,4932
2091,1091
1558,558
1052,52
3599,2599
7134,6134
6470,5470
9435,8435
3286,2286
7297,6297
6102,5102
4132,3132
1817,817
1715,715
9041,8041
2934,1934
8554,7554
4749,3749
2994,1994
4722,3722
1300,300
1475,475
5011,4011
1382,382
10065,9065
6806,5806
6058,5058
5705,4705
4560,3560
7999,6999
8783,7783
4476,3476
8616,7616
5513,4513
9087,8087
3890,2890
4403,3403
6056,5056
2131,1131
6987,5987
3064,2064
8483,7483
9285,8285
5588,4588
8428,7428
1988,988
6224,5224
8309,7309
6295,5295
4334,3334
1634,634
5200,4200
8780,7780
9100,8100
8526,7526
8502,7502
1605,605
5858,4858
6849,5849
7002,6002
6781,5781
5628,4628
8046,7046
10099,9099
10154,9154
3844,2844
1040,40
6222,5222
6269,5269
4443,3443
1436,436
4045,3045
2938,1938
3855,2855
8313,7313
10315,9315
5269,4269
7208,6208
5405,4405
6011,5011
6599,5599
3383,2383
5627,4627
9472,8472
9710,8710
10600,9600
10943,9943
1961,961
3924,2924
1985,985
7946,6946
2914,1914
5537,4537
3830,2830
1510,510
3209,2209
9132,8132
7062,6062
9552,8552
10488,9488
3397,2397
9997,8997
1230,230
9174,8174
9765,8765
1150,150
8767,7767
9701,8701
6410,5410
8641,7641
1395,395
5891,4891
5156,4156
6285,5285
6068,5068
10234,9234
1723,723
9723,8723
8078,7078
6711,5711
4424,3424
9407,8407
7825,6825
2620,1620
7389,6389
10291,9291
5097,4097
8733,7733
9320,8320
5651,4651
10757,9757
7272,6272
7138,6138
4963,3963
10314,9314
5887,4887
10932,9932
8336,7336
6362,5362
9066,8066
10132,9132
4802,3802
1794,794
10584,9584
8299,7299
7680,6680
2171,1171
5659,4659
10441,9441
8878,7878
2487,1487
7637,6637
8340,7340
4585,3585
8777,7777
1227,227
4532,3532
10154,9154
10670,9670
6987,5987
10979,9979
7974,6974
6020,5020
4565,3565
10235,9235
7976,6976
2795,1795
10448,9448
10663,9663
3352,2352
6015,5015
6472,5472
2433,1433
10239,9239
5389,4389
6502,5502
8138,7138
8768,7768
9902,8902
2609,1609
6774,5774
4176,3176
7612,6612
2697,1697
6057,5057
6646,5646
9688,8688
3277,2277
8828,7828
10598,9598
3790,2790
4051,3051
4855,3855
3723,2723
1975,975
8074,7074
7272,6272
5862,4862
7638,6638
2380,1380
7158,6158
5714,4714
1571,571
6975,5975
1028,28
2365,1365
6097,5097
3936,2936
1841,841
5337,4337
10209,9209
9156,8156
9441,8441
2016,1016
1161,161
8983,7983
6104,5104
10228,9228
8074,7074
1239,239
9514,8514
5102,4102
5718,4718
4098,3098
8240,7240
1271,271
2890,1890
4060,3060
2521,1521
10428,9428
6472,5472
3249,2249
10822,9822
3732,2732
6854,5854
2101,1101
9776,8776
9211,8211
3163,2163
5480,4480
4764,3764
6195,5195
7492,6492
1560,560
1030,30
5007,4007
3560,2560
4301,3301
3063,2063
7085,6085
1266,266
9599,8599
3999,2999
9097,8097
2176,1176
1345,345
8844,7844
1145,145
5486,4486
8399,7399
9279,8279
10267,9267
6570,5570
7080,6080
6519,5519
9249,8249
4593,3593
1794,794
8539,7539
2863,1863
8523,7523
6059,5059
4641,3641
2082,1082
6412,5412
6996,5996
7393,6393
10032,9032
3483,2483
7560,6560
9706,8706
4871,3871
5130,4130
7927,6927
9385,8385
1278,278
1013,13
9747,8747
6822,5822
9955,8955
5320,4320
7409,6409
8898,7898
1024,24
9264,8264
1273,273
2994,1994
5058,4058
1147,147
1774,774
1490,490
9055,8055
1255,255
3072,2072
4899,3899
6894,5894
1358,358
10684,9684
6367,5367
4032,3032
1167,167
7348,6348
10920,9920
8909,7909
2128,1128
1372,372
10092,9092
9274,8274
5648,4648
2255,1255
4699,3699
9003,8003
10184,9184
3219,2219
1977,977
9332,8332
5459,4459
1862,862
1803,803
3046,2046
10179,9179
8650,7650
2899,1899
4812,3812
5218,4218
1136,136
7771,6771
10730,9730
2570,1570
10528,9528
3851,2851
4254,3254
7657,6657
1332,332
7804,6804
5310,4310
3154,2154
10251,9251
6666,5666
7700,6700
7131,6131
1001,1
9143,8143
2035,1035
3006,2006
4150,3150
3967,2967
3521,2521
2701,1701
9772,8772
8855,7855
9050,8050
8585,7585
3421,2421
4390,3390
10613,9613
10594,9594
2514,1514
4706,3706
5805,4805
9812,8812
9120,8120
4653,3653
6355,5355
10694,9694
1497,497
4790,3790
3943,2943
9339,8339
8530,7530
8768,7768
7572,6572
8465,7465
1321,321
9093,8093
8057,7057
8805,7805
2285,1285
5364,4364
8433,7433
8038,7038
10576,9576
8301,7301
4244,3244
5472,4472
8933,7933
6917,5917
9858,8858
5998,4998
8540,7540
8482,7482
3513,2513
10411,9411
2356,1356
5543,4543
9391,8391
9795,8795
7105,6105
8387,7387
7746,6746
1864,864
2042,1042
10373,9373
2438,1438
2171,1171
6568,5568
2892,1892
1318,318
6720,5720
2805,1805
8440,7440
10740,9740
9206,8206
4683,3683
6198,5198
6328,5328
9061,8061
6147,5147
5437,4437
1020,20
1719,719
4851,3851
7267,6267
8187,7187
3855,2855
8454,7454
10998,9998
8174,7174
5303,4303
8688,7688
9106,8106
10823,9823
6838,5838
10322,9322
5715,4715
8864,7864
3678,2678
9917,8917
8852,7852
7297,6297
10774,9774
8193,7193
8038,7038
3678,2678
4698,3698
2791,1791
7459,6459
7335,6335
3267,2267
3523,2523
7039,6039
2643,1643
2815,1815
6562,5562
9716,8716
6213,5213
7816,6816
5633,4633
4967,3967
9779,8779
4210,3210
8324,7324
1509,509
1794,794
5716,4716
10792,9792
8443,7443
3730,2730
6163,5163
1622,622
1640,640
5083,4083
8116,7116
2820,1820
2863,1863
4044,3044
10531,9531
10558,9558
9082,8082
5703,4703
9446,8446
10814,9814
3245,2245
6144,5144
1375,375
1620,620
7117,6117
7495,6495
6055,5055
2629,1629
10348,9348
9345,8345
8525,7525
7071,6071
9126,8126
10830,9830
6832,5832
4193,3193
2032,1032
4778,3778
1035,35
5588,4588
9779,8779
1661,661
4679,3679
9527,8527
4316,3316
2847,1847
9531,8531
3129,2129
8166,7166
3147,2147
8607,7607
9792,8792
6611,5611
1160,160
8512,7512
4460,3460
4708,3708
4901,3901
2569,1569
3029,2029
1945,945
6279,5279
3925,2925
9176,8176
7323,6323
9429,8429
8363,7363
9079,8079
3046,2046
4879,3879
1519,519
2090,1090
4044,3044
2578,1578
9441,8441
8525,7525
4091,3091
9657,8657
2026,1026
2727,1727
10988,9988
9777,8777
6894,5894
9176,8176
1157,157
7620,6620
6032,5032
10744,9744
7146,6146
4421,3421
9365,8365
9694,8694
5927,4927
5703,4703
8953,7953
2172,1172
7077,6077
9925,8925
4479,3479
4479,3479
7459,6459
4027,3027
7129,6129
1758,758
8168,7168
8150,7150
10630,9630
6035,5035
2414,1414
7083,6083
7906,6906
5141,4141
10760,9760
6956,5956
5417,4417
5123,4123
10444,9444
1068,68
2163,1163
1975,975
1966,966
5946,4946
5309,4309
5155,4155
6756,5756
7213,6213
9503,8503
9329,8329
4434,3434
5677,4677
7528,6528
7641,6641
8129,7129
9374,8374
5262,4262
6501,5501
2227,1227
8329,7329
10782,9782
1521,521
6662,5662
5672,4672
2689,1689
9942,8942
7629,6629
9257,8257
8441,7441
10323,9323
7318,6318
4706,3706
5986,4986
1036,36
4750,3750
1136,136
2108,1108
3305,2305
10976,9976
7978,6978
10255,9255
1766,766
5578,4578
3912,2912
10107,9107
8497,7497
10419,9419
8525,7525
4088,3088
4561,3561
7026,6026
2793,1793
5047,4047
3214,2214
10528,9528
2136,1136
2342,1342
2757,1757
8979,7979
9426,8426
8531,7531
3118,2118
9518,8518
3992,2992
4880,3880
10112,9112
1007,7
9727,8727
2256,1256
2936,1936
6736,5736
2890,1890
2286,1286
8642,7642
1785,785
4150,3150
6597,5597
1253,253
9913,8913
3962,2962
8957,7957
5151,4151
7735,6735
4874,3874
8734,7734
2032,1032
5798,4798
5979,4979
2435,1435
1732,732
6311,5311
5700,4700
7061,6061
2485,1485
8250,7250
1130,130
7448,6448
4122,3122
5303,4303
3871,2871
6141,5141
1781,781
8756,7756
8382,7382
8053,7053
2130,1130
5668,4668
9496,8496
8241,7241
9950,8950
8976,7976
2299,1299
9581,8581
6202,5202
7265,6265
2171,1171
4026,3026
2603,1603
3802,2802
7579,6579
6348,5348
10420,9420
8837,7837
6873,5873
9524,8524
8600,7600
4314,3314
6109,5109
3755,2755
4185,3185
1554,554
10271,9271
2883,1883
7849,6849
3267,2267
1468,468
5740,4740
8122,7122
1197,197
4284,3284
8955,7955
9656,8656
9166,8166
1135,135
10376,9376
7486,6486
1212,212
5825,4825
2484,1484
10305,9305
5947,4947
4280,3280
4665,3665
10494,9494
5660,4660
6870,5870
9859,8859
4847,3847
4593,3593
9236,8236
9666,8666
9814,8814
8302,7302
9162,8162
9742,8742
3909,2909
10698,9698
10701,9701
10681,9681
4223,3223
10495,9495
3211,2211
5930,4930
2977,1977
9967,8967
9267,8267
2131,1131
1353,353
8593,7593
8488,7488
7412,6412
5289,4289
9605,8605
2143,1143
5145,4145
8188,7188
5774,4774
10493,9493
6301,5301
4616,3616
9784,8784
6420,5420
10279,9279
8172,7172
3355,2355
5032,4032
3269,2269
10453,9453
9055,8055
10927,9927
10895,9895
4587,3587
5127,4127
3206,2206
5423,4423
6434,5434
5741,4741
9401,8401
4210,3210
8718,7718
3535,2535
5682,4682
8326,7326
5193,4193
7891,6891
4935,3935
4011,3011
6434,5434
3890,2890
7894,6894
1755,755
8391,7391
10443,9443
8142,7142
4167,3167
8712,7712
6426,5426
9604,8604
7086,6086
7882,6882
5893,4893
4251,3251
7639,6639
7129,6129
1955,955
8062,7062
10016,9016
1759,759
9630,8630
5875,4875
10718,9718
3271,2271
1015,15
5388,4388
3832,2832
7237,6237
5474,4474
1399,399
7952,6952
5126,4126
4904,3904
9283,8283
1026,26
9606,8606
9042,8042
9622,8622
8506,7506
7244,6244
3305,2305
4660,3660
8710,7710
10660,9660
10041,9041
1326,326
10384,9384
6320,5320
7578,6578
7378,6378
1906,906
4768,3768
3220,2220
1619,619
7765,6765
10007,9007
8472,7472
6451,5451
3344,2344
9940,8940
10774,9774
2326,1326
3293,2293
1374,374
7577,6577
4378,3378
2822,1822
1419,419
5856,4856
5651,4651
4432,3432
8902,7902
7583,6583
7639,6639
10676,9676
3526,2526
10552,9552
5497,4497
2231,1231
7746,6746
10165,9165
8111,7111
2535,1535
6825,5825
10601,9601
7330,6330
3453,2453
1807,807
6343,5343
9070,8070
3897,2897
10006,9006
9680,8680
9240,8240
8250,7250
2248,1248
5823,4823
5725,4725
1038,38
6948,5948
6551,5551
10674,9674
10596,9596
4338,3338
10455,9455
7384,6384
8828,7828
10413,9413
2598,1598
10694,9694
4835,3835
2261,1261
7018,6018
6459,5459
6149,5149
3974,2974
1392,392
10517,9517
5246,4246
4931,3931
8114,7114
10190,9190
8297,7297
3232,2232
7620,6620
7547,6547
10103,9103
3089,2089
7040,6040
10964,9964
8151,7151
8496,7496
1416,416
10482,9482
10450,9450
5727,4727
1233,233
5657,4657
4402,3402
1584,584
5285,4285
8806,7806
6311,5311
5590,4590
6042,5042
4817,3817
1302,302
9079,8079
5537,4537
10732,9732
1131,131
1943,943
1508,508
7308,6308
7020,6020
9107,8107
4302,3302
10457,9457
3506,2506
2259,1259
6532,5532
9604,8604
1916,916
7983,6983
9562,8562
4922,3922
3812,2812
3286,2286
7358,6358
6076,5076
10290,9290
4031,3031
7958,6958
3495,2495
4428,3428
6490,5490
3362,2362
3528,2528
4403,3403
7292,6292
5171,4171
1778,778
2781,1781
1848,848
1242,242
9358,8358
7907,6907
3598,2598
5281,4281
10305,9305
1043,43
9393,8393
7718,6718
2020,1020
8569,7569
4871,3871
4865,3865
4163,3163
5027,4027
4210,3210
9998,8998
6974,5974
7180,6180
7027,6027
8696,7696
4741,3741
6736,5736
8403,7403
7239,6239
2876,1876
7912,6912
9232,8232
2637,1637
2115,1115
1156,156
7910,6910
10131,9131
10374,9374
10966,9966
7181,6181
3648,2648
8904,7904
4384,3384
2230,1230
5902,4902
4907,3907
8357,7357
6718,5718
2997,1997
7037,6037
3117,2117
4749,3749
4892,3892
7800,6800
5942,4942
3762,2762
2463,1463
3908,2908
9831,8831
3251,2251
8010,7010
7964,6964
9814,8814
7367,6367
2480,1480
2462,1462
1689,689
4482,3482
10821,9821
9481,8481
2225,1225
6659,5659
9482,8482
9105,8105
9070,8070
7354,6354
10922,9922
3745,2745
2080,1080
1461,461
8077,7077
3908,2908
1314,314
9278,8278
3930,2930
6702,5702
6667,5667
2293,1293
10323,9323
7453,6453
2259,1259
4519,3519
7227,6227
4957,3957
7685,6685
9198,8198
7473,6473
5605,4605
8764,7764
4806,3806
2794,1794
9894,8894
1424,424
5300,4300
10925,9925
1775,775
10161,9161
2073,1073
1832,832
10400,9400
7875,6875
8612,7612
6903,5903
10004,9004
6494,5494
3186,2186
6118,5118
6069,5069
7017,6017
3179,2179
5582,4582
2999,1999
3821,2821
2429,1429
1308,308
7088,6088
2476,1476
2057,1057
3383,2383
9076,8076
4209,3209
3637,2637
7905,6905
6983,5983
9539,8539
2025,1025
8858,7858
4923,3923
9806,8806
3902,2902
8467,7467
5185,4185
2521,1521
7516,6516
4927,3927
7083,6083
1431,431
1473,473
10259,9259
6392,5392
8480,7480
4289,3289
1570,570
10050,9050
10501,9501
9616,8616
9802,8802
4940,3940
2457,1457
1219,219
1649,649
6374,5374
3092,2092
3828,2828
6832,5832
6023,5023
1516,516
3767,2767
2182,1182
1577,577
7224,6224
2219,1219
6523,5523
2410,1410
2638,1638
2691,1691
9797,8797
1984,984
3426,2426
5950,4950
1579,579
4708,3708
4116,3116
8824,7824
1060,60
3985,2985
10412,9412
10679,9679
1172,172
5654,4654
5555,4555
7496,6496
6326,5326
9031,8031
7784,6784
7764,6764
1488,488
10085,9085
8771,7771
6594,5594
2848,1848
9504,8504
1187,187
10947,9947
4568,3568
1435,435
6934,5934
5593,4593
10394,9394
2555,1555
1492,492
6212,5212
9876,8876
8775,7775
10697,9697
4053,3053
5797,4797
6122,5122
5875,4875
3536,2536
4118,3118
3568,2568
7604,6604
5279,4279
3221,2221
5677,4677
2334,1334
1677,677
9407,8407
7366,6366
6177,5177
6416,5416
6256,5256
3326,2326
7748,6748
9291,8291
3847,2847
9834,8834
4140,3140
7620,6620
2784,1784
10522,9522
10768,9768
4881,3881
2078,1078
2615,1615
5965,4965
3348,2348
2436,1436
9908,8908
7575,6575
4435,3435
5171,4171
1990,990
7100,6100
1335,335
5508,4508
9001,8001
8483,7483
9838,8838
1430,430
1405,405
4642,3642
6169,5169
5166,4166
9299,8299
1604,604
8758,7758
1267,267
7244,6244
5646,4646
9273,8273
6635,5635
5402,4402
7242,6242
2787,1787
6926,5926
2497,1497
7646,6646
9995,8995
1840,840
2919,1919
4299,3299
1828,828
8894,7894
3314,2314
2273,1273
3833,2833
4185,3185
9173,8173
4666,3666
1761,761
8083,7083
7732,6732
8005,7005
8329,7329
2006,1006
6482,5482
1825,825
2047,1047
9454,8454
9652,8652
4360,3360
1513,513
9361,8361
9085,8085
5236,4236
5459,4459
10780,9780
1624,624
1155,155
8722,7722
10915,9915
7053,6053
6385,5385
5403,4403
10725,9725
9495,8495
10208,9208
2685,1685
8016,7016
1577,577
8591,7591
9382,8382
5919,4919
4269,3269
9402,8402
8743,7743
10341,9341
4162,3162
3327,2327
4020,3020
9124,8124
2885,1885
5563,4563
3128,2128
8827,7827
1587,587
5646,4646
2242,1242
3753,2753
9055,8055
6329,5329
10843,9843
7126,6126
10573,9573
6227,5227
5618,4618
6990,5990
5229,4229
8753,7753
10245,9245
7948,6948
3804,2804
10394,9394
7877,6877
4102,3102
5414,4414
6007,5007
7966,6966
1924,924
10340,9340
3298,2298
6918,5918
10389,9389
2438,1438
5156,4156
7630,6630
3785,2785
2490,1490
4418,3418
2417,1417
2967,1967
7888,6888
2802,1802
1122,122
1353,353
6957,5957
1350,350
6007,5007
4283,3283
3113,2113
2376,1376
3193,2193
6879,5879
4385,3385
6709,5709
10439,9439
10674,9674
2530,1530
6709,5709
5621,4621
4322,3322
9727,8727
6538,5538
4946,3946
1922,922
2960,1960
10703,9703
1259,259
3829,2829
2661,1661
2599,1599
6564,5564
7668,6668
10173,9173
6435,5435
7593,6593
8304,7304
8753,7753
8510,7510
10284,9284
2459,1459
9242,8242
6971,5971
7262,6262
5917,4917
4489,3489
1152,152
3965,2965
2507,1507
7585,6585
10585,9585
1722,722
8223,7223
4580,3580
5484,4484
9742,8742
2862,1862
10557,9557
8682,7682
1899,899
8361,7361
4816,3816
10438,9438
8518,7518
2432,1432
2917,1917
2905,1905
6408,5408
3369,2369
5173,4173
4058,3058
4530,3530
5632,4632
5538,4538
3169,2169
1267,267
3917,2917
9514,8514
4255,3255
9792,8792
10337,9337
4411,3411
7296,6296
4942,3942
5574,4574
8011,7011
8111,7111
10667,9667
8962,7962
7550,6550
4259,3259
3596,2596
6118,5118
10184,9184
5275,4275
6440,5440
1424,424
9198,8198
9744,8744
7811,6811
3271,2271
2231,1231
1176,176
7765,6765
7325,6325
1825,825
1554,554
5505,4505
6211,5211
7158,6158
1561,561
5315,4315
8014,7014
2220,1220
4066,3066
6822,5822
5378,4378
8090,7090
2847,1847
2452,1452
3266,2266
5939,4939
3986,2986
2460,1460
6282,5282
3005,2005
9931,8931
8916,7916
4668,3668
9083,8083
9892,8892
2081,1081
7264,6264
3838,2838
10071,9071
3264,2264
6402,5402
5381,4381
2011,1011
10092,9092
10302,9302
5236,4236
7681,6681
2463,1463
9302,8302
4975,3975
7972,6972
10996,9996
7940,6940
6038,5038
7508,6508
8750,7750
5511,4511
1561,561
7937,6937
9003,8003
7361,6361
1455,455
8691,7691
7938,6938
2574,1574
5610,4610
10817,9817
6239,5239
2215,1215
5353,4353
6911,5911
7622,6622
10569,9569
6416,5416
10218,9218
2390,1390
8790,7790
10881,9881
9333,8333
4355,3355
8329,7329
4223,3223
1081,81
4265,3265
6542,5542
10942,9942
5008,4008
10338,9338
1792,792
6044,5044
7162,6162
2688,1688
3314,2314
3635,2635
10252,9252
4898,3898
6418,5418
7837,6837
4668,3668
8642,7642
6135,5135
3668,2668
1071,71
3218,2218
2215,1215
9756,8756
4082,3082
8896,7896
1245,245
9491,8491
10027,9027
5744,4744
8118,7118
3152,2152
9731,8731
10808,9808
4531,3531
3420,2420
8311,7311
8268,7268
4007,3007
7993,6993
6478,5478
5121,4121
6607,5607
10828,9828
10215,9215
4949,3949
4457,3457
1561,561
7300,6300
6359,5359
7590,6590
10120,9120
9652,8652
5688,4688
2899,1899
8878,7878
5528,4528
6086,5086
10258,9258
10608,9608
2434,1434
5887,4887
6952,5952
7012,6012
1653,653
6962,5962
6500,5500
7169,6169
8965,7965
9296,8296
6638,5638
4558,3558
9100,8100
2618,1618
9760,8760
1974,974
3366,2366
9392,8392
3851,2851
10281,9281
7793,6793
3702,2702
8059,7059
7659,6659
7742,6742
5889,4889
8793,7793
3652,2652
10669,9669
6792,5792
8744,7744
3941,2941
9399,8399
9901,8901
1791,791
9285,8285
10420,9420
1802,802
5377,4377
1088,88
4539,3539
6252,5252
6265,5265
7992,6992
8830,7830
10725,9725
5582,4582
8996,7996
4486,3486
10601,9601
7238,6238
1967,967
1644,644
8171,7171
4881,3881
9504,8504
1978,978
9900,8900
1910,910
7088,6088
9327,8327
2183,1183
9072,8072
10869,9869
2495,1495
2419,1419
5044,4044
5245,4245
5831,4831
4916,3916
5698,4698
2725,1725
1458,458
4784,3784
3029,2029
3539,2539
6055,5055
4048,3048
6522,5522
2582,1582
2766,1766
4082,3082
9667,8667
8173,7173
5229,4229
9908,8908
4527,3527
9481,8481
8099,7099
8062,7062
3699,2699
5899,4899
8755,7755
1506,506
2856,1856
2477,1477
4973,3973
2231,1231
3763,2763
2856,1856
7216,6216
9181,8181
3535,2535
8882,7882
6246,5246
4889,3889
10281,9281
8859,7859
3150,2150
5423,4423
10271,9271
5763,4763
8052,7052
5725,4725
1213,213
2705,1705
2942,1942
1878,878
6941,5941
4747,3747
9440,8440
8418,7418
6754,5754
10437,9437
8607,7607
6642,5642
8023,7023
9326,8326
2820,1820
2179,1179
2423,1423
9962,8962
6574,5574
3954,2954
1734,734
2077,1077
1485,485
4995,3995
8301,7301
5197,4197
8341,7341
1833,833
7939,6939
2994,1994
3982,2982
10820,9820
10707,9707
1846,846
1860,860
4636,3636
5872,4872
1231,231
3058,2058
1649,649
2743,1743
4722,3722
6158,5158
4635,3635
4185,3185
8373,7373
5833,4833
5762,4762
10291,9291
5183,4183
1850,850
1073,73
9010,8010
3487,2487
1408,408
1946,946
1025,25
8039,7039
3424,2424
10807,9807
1076,76
9079,8079
6538,5538
4611,3611
2522,1522
8770,7770
9150,8150
8032,7032
3981,2981
3703,2703
5717,4717
7680,6680
9755,8755
10066,9066
8057,7057
3263,2263
7034,6034
10496,9496
8219,7219
9178,8178
3374,2374
10344,9344
1203,203
2665,1665
1095,95
2401,1401
5300,4300
6831,5831
4409,3409
6502,5502
1008,8
9612,8612
3944,2944
5633,4633
2444,1444
4560,3560
8481,7481
8025,7025
3628,2628
2230,1230
5739,4739
1416,416
9830,8830
4477,3477
9257,8257
4748,3748
6674,5674
9382,8382
3717,2717
11000,10000
4312,3312
8659,7659
1263,263
1595,595
9604,8604
6275,5275
10967,9967
9234,8234
8311,7311
10269,9269
8404,7404
5354,4354
2728,1728
5866,4866
4770,3770
7365,6365
9723,8723
7457,6457
7358,6358
9435,8435
5500,4500
1167,167
9716,8716
7457,6457
3207,2207
8834,7834
9258,8258
6459,5459
8328,7328
7337,6337
3122,2122
4089,3089
6017,5017
6997,5997
5353,4353
8098,7098
3082,2082
7817,6817
1010,10
8194,7194
7878,6878
6270,5270
8284,7284
3897,2897
3502,2502
1163,163
10488,9488
6499,5499
8747,7747
4712,3712
3736,2736
9950,8950
6007,5007
8844,7844
8881,7881
6150,5150
7997,6997
6858,5858
1610,610
4262,3262
3742,2742
2285,1285
7142,6142
9777,8777
2735,1735
6800,5800
2476,1476
10856,9856
3962,2962
5150,4150
5535,4535
8883,7883
5058,4058
6196,5196
10892,9892
8505,7505
4165,3165
5381,4381
4877,3877
9332,8332
4751,3751
9179,8179
10525,9525
8297,7297
7007,6007
10334,9334
4206,3206
10761,9761
5491,4491
10616,9616
4747,3747
5472,4472
9677,8677
5846,4846
7653,6653
3172,2172
7377,6377
5757,4757
10221,9221
5640,4640
9710,8710
7336,6336
7685,6685
7207,6207
8875,7875
6453,5453
1784,784
6473,5473
5567,4567
7154,6154
2769,1769
3718,2718
8463,7463
1600,600
6826,5826
10372,9372
1440,440
1957,957
4489,3489
7276,6276
7343,6343
7447,6447
9012,8012
7133,6133
9136,8136
3002,2002
3204,2204
5915,4915
9459,8459
5867,4867
4847,3847
4674,3674
1491,491
6153,5153
5599,4599
6824,5824
1751,751
3840,2840
9500,8500
7854,6854
2528,1528
1540,540
2996,1996
2626,1626
10246,9246
6940,5940
5471,4471
1917,917
9329,8329
7568,6568
1490,490
3884,2884
3888,2888
5881,4881
3353,2353
8009,7009
7403,6403
9028,8028
5160,4160
5980,4980
5201,4201
4077,3077
3607,2607
6922,5922
3678,2678
2615,1615
6957,5957
8830,7830
8693,7693
6713,5713
10378,9378
2809,1809
7047,6047
7787,6787
4655,3655
9622,8622
1241,241
5840,4840
7704,6704
7858,6858
2907,1907
10230,9230
1706,706
5596,4596
1361,361
2944,1944
3236,2236
4272,3272
1459,459
9609,8609
5321,4321
8091,7091
5959,4959
1840,840
3757,2757
10292,9292
8920,7920
5435,4435
8216,7216
10355,9355
9972,8972
4919,3919
7558,6558
6777,5777
1973,973
9870,8870
4802,3802
3622,2622
2243,1243
7264,6264
7678,6678
8547,7547
6942,5942
4218,3218
1598,598
2067,1067
7016,6016
2392,1392
6483,5483
3194,2194
8306,7306
2693,1693
5673,4673
10682,9682
7871,6871
2226,1226
4373,3373
8818,7818
2712,1712
3724,2724
1394,394
7443,6443
3370,2370
3678,2678
10581,9581
9365,8365
9013,8013
3174,2174
2446,1446
1308,308
5936,4936
4994,3994
3727,2727
8469,7469
3507,2507
3474,2474
10248,9248
1270,270
5518,4518
7976,6976
7655,6655
4962,3962
1006,6
2571,1571
2121,1121
10857,9857
9948,8948
5810,4810
5779,4779
1547,547
3847,2847
8005,7005
9320,8320
7585,6585
9219,8219
2095,1095
9416,8416
8595,7595
2559,1559
1955,955
1387,387
2647,1647
8915,7915
7979,6979
6741,5741
6506,5506
9027,8027
5867,4867
9113,8113
6390,5390
1498,498
3712,2712
1002,2
5766,4766
4446,3446
8381,7381
6454,5454
7802,6802
5179,4179
4377,3377
7783,6783
10681,9681
9430,8430
8791,7791
6205,5205
6223,5223
5207,4207
7718,6718
9394,8394
6195,5195
4461,3461
1040,40
7792,6792
10812,9812
7378,6378
7590,6590
1606,606
1522,522
9689,8689
4296,3296
8522,7522
3272,2272
1168,168
7446,6446
1685,685
7501,6501
5286,4286
1291,291
7396,6396
5172,4172
6206,5206
6075,5075
4287,3287
10169,9169
3215,2215
1548,548
8786,7786
2888,1888
1839,839
5141,4141
8254,7254
7771,6771
5949,4949
2408,1408
4920,3920
6394,5394
10026,9026
4505,3505
3636,2636
6143,5143
8498,7498
9097,8097
4170,3170
1958,958
7453,6453
6272,5272
1304,304
3974,2974
6401,5401
10762,9762
10223,9223
3903,2903
4076,3076
1869,869
7683,6683
5607,4607
8104,7104
6890,5890
9106,8106
7869,6869
4381,3381
4849,3849
7608,6608
6576,5576
9593,8593
1635,635
2026,1026
3220,2220
3472,2472
7185,6185
6317,5317
6520,5520
7351,6351
2652,1652
6456,5456
6336,5336
8247,7247
7126,6126
10682,9682
2664,1664
1558,558
4825,3825
3113,2113
10555,9555
4957,3957
4415,3415
7611,6611
7479,6479
6333,5333
6939,5939
4478,3478
8805,7805
5572,4572
9332,8332
7357,6357
3464,2464
8750,7750
7895,6895
3975,2975
5569,4569
10659,9659
2309,1309
1500,500
1640,640
3727,2727
8549,7549
9164,8164
2341,1341
1712,712
5895,4895
6492,5492
5520,4520
9998,8998
6624,5624
10832,9832
7747,6747
7879,6879
7388,6388
1577,577
4890,3890
2718,1718
3706,2706
7655,6655
1380,380
5488,4488
9152,8152
2872,1872
1183,183
7733,6733
8337,7337
3375,2375
8646,7646
1932,932
7791,6791
5044,4044
4250,3250
10445,9445
7558,6558
7470,6470
4286,3286
7730,6730
9602,8602
2800,1800
8704,7704
3992,2992
5119,4119
7656,6656
6149,5149
7393,6393
1636,636
6436,5436
8886,7886
8126,7126
7605,6605
1954,954
8515,7515
5732,4732
9742,8742
1834,834
8290,7290
3671,2671
6980,5980
1191,191
7087,6087
1172,172
10977,9977
5365,4365
7986,6986
5551,4551
2446,1446
10268,9268
5315,4315
3769,2769
2670,1670
6169,5169
1664,664
7283,6283
3829,2829
7698,6698
8774,7774
1205,205
5006,4006
5472,4472
10246,9246
3080,2080
9477,8477
8451,7451
6843,5843
2308,1308
2649,1649
10250,9250
4984,3984
3968,2968
3929,2929
7455,6455
9077,8077
5407,4407
8084,7084
3931,2931
6315,5315
6048,5048
5004,4004
3822,2822
9834,8834
4861,3861
5476,4476
9467,8467
8187,7187
1359,359
6036,5036
7851,6851
4265,3265
8838,7838
7358,6358
10308,9308
5653,4653
1422,422
10593,9593
10903,9903
7084,6084
5264,4264
9170,8170
2173,1173
1348,348
5794,4794
4297,3297
4564,3564
1455,455
7029,6029
9655,8655
6655,5655
2991,1991
5183,4183
5071,4071
4587,3587
7729,6729
4586,3586
7314,6314
5816,4816
10925,9925
8581,7581
5744,4744
5680,4680
6219,5219
3761,2761
4558,3558
8513,7513
3942,2942
2931,1931
7037,6037
8353,7353
9521,8521
7335,6335
1523,523
7102,6102
9777,8777
1925,925
4521,3521
6460,5460
1991,991
1413,413
6701,5701
2146,1146
5933,4933
7712,6712
8763,7763
1494,494
7273,6273
9254,8254
10313,9313
6784,5784
2802,1802
4810,3810
10494,9494
10535,9535
1363,363
5342,4342
9752,8752
3286,2286
8161,7161
9538,8538
9783,8783
2049,1049
2821,1821
9102,8102
10928,9928
9299,8299
1693,693
2464,1464
8229,7229
2276,1276
5191,4191
8732,7732
3686,2686
3100,2100
6914,5914
7751,6751
4305,3305
8315,7315
7615,6615
6365,5365
10096,9096
5240,4240
3927,2927
2504,1504
5018,4018
2407,1407
4583,3583
4052,3052
6641,5641
1451,451
2240,1240
7770,6770
4817,3817
7330,6330
1480,480
1227,227
4856,3856
10626,9626
9384,8384
8839,7839
10170,9170
3478,2478
8946,7946
6712,5712
6785,5785
6655,5655
2182,1182
5774,4774
6820,5820
3347,2347
1313,313
5702,4702
2639,1639
10307,9307
1287,287
9265,8265
8066,7066
4724,3724
7042,6042
9216,8216
7824,6824
10635,9635
8398,7398
9689,8689
7360,6360
9845,8845
9686,8686
7958,6958
5530,4530
10022,9022
3184,2184
9179,8179
7397,6397
6676,5676
10859,9859
4267,3267
4044,3044
3364,2364
2618,1618
1674,674
10565,9565
2088,1088
7827,6827
1015,15
2533,1533
2594,1594
10099,9099
4748,3748
1244,244
3023,2023
5710,4710
1369,369
8486,7486
8516,7516
4461,3461
2141,1141
8262,7262
6432,5432
3221,2221
3889,2889
7956,6956
3400,2400
6008,5008
9901,8901
3874,2874
1307,307
4582,3582
2277,1277
3755,2755
4684,3684
7584,6584
10576,9576
5924,4924
9818,8818
8497,7497
10996,9996
5586,4586
9976,8976
1548,548
2381,1381
10738,9738
10508,9508
6104,5104
3402,2402
1153,153
8782,7782
10105,9105
10586,9586
7129,6129
10117,9117
1697,697
6091,5091
4866,3866
1426,426
7367,6367
1210,210
2113,1113
4188,3188
5119,4119
3101,2101
3218,2218
1008,8
6875,5875
6195,5195
7966,6966
10233,9233
4649,3649
1314,314
3744,2744
5875,4875
9970,8970
10292,9292
5874,4874
8247,7247
9649,8649
8305,7305
1371,371
4650,3650
5855,4855
9490,8490
10149,9149
8269,7269
1018,18
4506,3506
2268,1268
5876,4876
4048,3048
8555,7555
5630,4630
5454,4454
3295,2295
1066,66
5676,4676
5922,4922
10152,9152
3165,2165
9922,8922
8713,7713
1339,339
1724,724
4660,3660
9658,8658
3005,2005
9364,8364
8128,7128
8908,7908
8008,7008
8506,7506
4365,3365
10357,9357
2961,1961
4281,3281
8356,7356
2834,1834
1514,514
5547,4547
10590,9590
7284,6284
5513,4513
1326,326
5013,4013
4658,3658
8092,7092
5457,4457
1893,893
10567,9567
2214,1214
4882,3882
2128,1128
5188,4188
7615,6615
9027,8027
3852,2852
2442,1442
8983,7983
9957,8957
6467,5467
1387,387
9523,8523
2295,1295
9785,8785
5298,4298
4574,3574
7425,6425
2398,1398
10777,9777
3559,2559
8000,7000
1143,143
3090,2090
6789,5789
6147,5147
2382,1382
4718,3718
6923,5923
8835,7835
6791,5791
2105,1105
10807,9807
3512,2512
3529,2529
8104,7104
10721,9721
10913,9913
9170,8170
10068,9068
10760,9760
1470,470
2949,1949
4203,3203
9682,8682
3217,2217
1138,138
10870,9870
3858,2858
5008,4008
8106,7106
1557,557
10216,9216
9951,8951
8835,7835
8678,7678
4797,3797
1328,328
6255,5255
7154,6154
1822,822
5357,4357
4420,3420
7221,6221
5792,4792
10634,9634
5138,4138
6405,5405
6566,5566
6148,5148
2109,1109
4890,3890
5657,4657
9615,8615
9937,8937
4438,3438
1224,224
10001,9001
9862,8862
10585,9585
2299,1299
10271,9271
6070,5070
7242,6242
6534,5534
8709,7709
1132,132
4043,3043
6799,5799
1234,234
2891,1891
3017,2017
6674,5674
7913,6913
6144,5144
2147,1147
9478,8478
3458,2458
5883,4883
10206,9206
4180,3180
10543,9543
7581,6581
5973,4973
10423,9423
6764,5764
4292,3292
3323,2323
7657,6657
8674,7674
3495,2495
2818,1818
1437,437
9973,8973
7330,6330
2042,1042
3905,2905
4383,3383
10448,9448
4185,3185
3768,2768
7678,6678
6057,5057
4229,3229
7454,6454
3632,2632
9821,8821
4697,3697
5675,4675
8046,7046
7210,6210
9632,8632
6365,5365
6131,5131
8643,7643
8383,7383
4307,3307
3475,2475
1926,926
1569,569
8233,7233
5933,4933
3905,2905
9565,8565
1930,930
9517,8517
9459,8459
8805,7805
2927,1927
8319,7319
8268,7268
5655,4655
3895,2895
1506,506
5019,4019
6638,5638
2049,1049
5566,4566
10357,9357
9981,8981
6014,5014
8909,7909
5311,4311
9220,8220
9236,8236
8492,7492
4192,3192
10929,9929
8800,7800
2122,1122
5475,4475
3129,2129
10735,9735
1802,802
8959,7959
8362,7362
8140,7140
3473,2473
8682,7682
2792,1792
3199,2199
2346,1346
3955,2955
1162,162
8568,7568
2183,1183
3406,2406
2958,1958
2979,1979
2288,1288
5071,4071
3025,2025
5133,4133
8108,7108
2394,1394
8817,7817
7363,6363
7822,6822
5772,4772
2881,1881
1983,983
1192,192
3322,2322
1667,667
8144,7144
4885,3885
9711,8711
6049,5049
2692,1692
9165,8165
9673,8673
2123,1123
4804,3804
9333,8333
7670,6670
6207,5207
9976,8976
3217,2217
9619,8619
6795,5795
4257,3257
7309,6309
5156,4156
2011,1011
3729,2729
3404,2404
7653,6653
7842,6842
5333,4333
2265,1265
6349,5349
6787,5787
4873,3873
9671,8671
8386,7386
2376,1376
2333,1333
6035,5035
1642,642
5917,4917
3992,2992
9209,8209
9820,8820
10302,9302
9552,8552
5842,4842
3595,2595
1195,195
2743,1743
10341,9341
8090,7090
2125,1125
6192,5192
4798,3798
2549,1549
7615,6615
9801,8801
9518,8518
10751,9751
1642,642
5915,4915
6467,5467
7347,6347
4646,3646
6627,5627
9632,8632
7982,6982
6513,5513
7402,6402
8728,7728
10892,9892
9779,8779
4044,3044
5170,4170
2188,1188
5995,4995
9919,8919
6357,5357
6213,5213
1141,141
1464,464
1315,315
6499,5499
2553,1553
7911,6911
9499,8499
6660,5660
3123,2123
6201,5201
6020,5020
6693,5693
3065,2065
3545,2545
1581,581
3169,2169
8159,7159
5724,4724
5969,4969
9197,8197
10155,9155
4923,3923
7280,6280
9658,8658
6036,5036
10536,9536
9283,8283
10963,9963
9372,8372
5763,4763
2370,1370
6514,5514
9505,8505
3035,2035
3688,2688
7924,6924
1025,25
4961,3961
6765,5765
2499,1499
2804,1804
5918,4918
7861,6861
7829,6829
3292,2292
1769,769
4691,3691
4769,3769
2373,1373
9036,8036
6184,5184
8178,7178
5872,4872
4992,3992
4531,3531
4664,3664
9073,8073
7643,6643
5384,4384
6889,5889
1221,221
10669,9669
1087,87
7321,6321
2456,1456
6036,5036
8953,7953
3179,2179
10392,9392
10466,9466
6230,5230
2008,1008
1853,853
4767,3767
6369,5369
3857,2857
9151,8151
10827,9827
9199,8199
9877,8877
7408,6408
7975,6975
1542,542
5914,4914
4462,3462
5778,4778
10231,9231
1778,778
9086,8086
4078,3078
5514,4514
10811,9811
10756,9756
2893,1893
1054,54
6645,5645
6358,5358
6897,5897
3943,2943
8575,7575
1634,634
3736,2736
3357,2357
9820,8820
8427,7427
9530,8530
9199,8199
6819,5819
3603,2603
6648,5648
3218,2218
6518,5518
2250,1250
7994,6994
3262,2262
3565,2565
2771,1771
8570,7570
6205,5205
2270,1270
6982,5982
9587,8587
4458,3458
9094,8094
9030,8030
4085,3085
6292,5292
4430,3430
5687,4687
9847,8847
7888,6888
4751,3751
6117,5117
5652,4652
7271,6271
4385,3385
9819,8819
6315,5315
1587,587
3184,2184
2426,1426
10521,9521
8375,7375
2558,1558
7547,6547
7159,6159
7912,6912
2913,1913
4954,3954
6041,5041
7689,6689
6016,5016
7948,6948
6750,5750
6182,5182
1591,591
5790,4790
5799,4799
3091,2091
4470,3470
2575,1575
5120,4120
4321,3321
10951,9951
9773,8773
8840,7840
2871,1871
7457,6457
10141,9141
9487,8487
3959,2959
2172,1172
5347,4347
3846,2846
1190,190
1652,652
10594,9594
9426,8426
1985,985
2258,1258
9447,8447
1173,173
6155,5155
8275,7275
8821,7821
1713,713
1492,492
6953,5953
1079,79
5775,4775
8245,7245
6843,5843
7956,6956
1060,60
4732,3732
3219,2219
3180,2180
1286,286
7540,6540
3600,2600
7681,6681
6722,5722
8609,7609
10252,9252
6499,5499
2138,1138
2688,1688
10926,9926
3121,2121
6307,5307
10220,9220
5240,4240
10680,9680
7163,6163
1742,742
4825,3825
8617,7617
9504,8504
10991,9991
5187,4187
9873,8873
10730,9730
2289,1289
4664,3664
7709,6709
2039,1039
4098,3098
6330,5330
8320,7320
3653,2653
5087,4087
6070,5070
4577,3577
5493,4493
8915,7915
4379,3379
7316,6316
6649,5649
4137,3137
4818,3818
10495,9495
2575,1575
2480,1480
6201,5201
3194,2194
4527,3527
6344,5344
8932,7932
8006,7006
3553,2553
2282,1282
8635,7635
1447,447
6732,5732
9780,8780
6893,5893
10066,9066
4855,3855
7739,6739
2820,1820
8452,7452
8613,7613
5972,4972
5087,4087
6766,5766
4974,3974
7362,6362
4402,3402
2188,1188
6308,5308
9014,8014
1231,231
5183,4183
6784,5784
6338,5338
8562,7562
1499,499
6210,5210
8281,7281
9501,8501
1515,515
1612,612
1702,702
9641,8641
3062,2062
6570,5570
4813,3813
2808,1808
6217,5217
5713,4713
6706,5706
10422,9422
7844,6844
6572,5572
5950,4950
2202,1202
5162,4162
8201,7201
9458,8458
3347,2347
7653,6653
6447,5447
9423,8423
7379,6379
8519,7519
7869,6869
6515,5515
1596,596
1284,284
8531,7531
8326,7326
2474,1474
4459,3459
6084,5084
3274,2274
6047,5047
4695,3695
4190,3190
1359,359
7326,6326
9282,8282
2699,1699
9400,8400
6193,5193
1622,622
10329,9329
2237,1237
4098,3098
2230,1230
9307,8307
5122,4122
5924,4924
3504,2504
5600,4600
3520,2520
2528,1528
5304,4304
7764,6764
7854,6854
9339,8339
8053,7053
1687,687
5602,4602
6880,5880
5582,4582
4630,3630
2517,1517
2497,1497
6416,5416
6151,5151
7322,6322
7640,6640
2017,1017
8907,7907
5708,4708
1612,612
8188,7188
8648,7648
1568,568
7688,6688
1584,584
1598,598
6606,5606
2618,1618
6883,5883
7020,6020
1063,63
6473,5473
6404,5404
6827,5827
8846,7846
3498,2498
7257,6257
3850,2850
10225,9225
3227,2227
9029,8029
8787,7787
2987,1987
6107,5107
6034,5034
8906,7906
4482,3482
10895,9895
6666,5666
8929,7929
9601,8601
5767,4767
4387,3387
7127,6127
1990,990
8777,7777
7061,6061
2968,1968
10076,9076
6214,5214
1011,11
10530,9530
5194,4194
6534,5534
9087,8087
4302,3302
8784,7784
1325,325
1326,326
1469,469
10866,9866
6855,5855
5683,4683
9089,8089
7737,6737
7828,6828
8717,7717
6486,5486
7004,6004
7769,6769
8357,7357
4133,3133
5401,4401
9929,8929
8587,7587
8218,7218
7537,6537
8836,7836
4494,3494
10405,9405
1633,633
5388,4388
1122,122
5332,4332
2379,1379
8064,7064
3892,2892
8339,7339
4763,3763
6644,5644
7608,6608
7446,6446
7686,6686
4688,3688
7893,6893
5465,4465
5817,4817
1353,353
5076,4076
5081,4081
3293,2293
4374,3374
10772,9772
7272,6272
10834,9834
5214,4214
5063,4063
8431,7431
6346,5346
6203,5203
2949,1949
5866,4866
7922,6922
6475,5475
8670,7670
6210,5210
9769,8769
5627,4627
10149,9149
6783,5783
8337,7337
1653,653
10451,9451
4465,3465
4191,3191
2456,1456
10882,9882
6197,5197
1533,533
6413,5413
8530,7530
3817,2817
9405,8405
7343,6343
3820,2820
3626,2626
6677,5677
2209,1209
6288,5288
5245,4245
2871,1871
10722,9722
6191,5191
2878,1878
3814,2814
5562,4562
3423,2423
3717,2717
3922,2922
8569,7569
8815,7815
8830,7830
6514,5514
2579,1579
6064,5064
9122,8122
7963,6963
8801,7801
3209,2209
3402,2402
9527,8527
7059,6059
2930,1930
5014,4014
9604,8604
4298,3298
8738,7738
8030,7030
4980,3980
10790,9790
8180,7180
10834,9834
4949,3949
8369,7369
3064,2064
5114,4114
4946,3946
10099,9099
1349,349
8268,7268
1504,504
1661,661
4227,3227
6609,5609
3528,2528
4758,3758
6316,5316
8688,7688
3676,2676
1020,20
3131,2131
1283,283
3646,2646
8484,7484
4558,3558
10521,9521
9330,8330
10573,9573
6558,5558
7399,6399
1755,755
2132,1132
1818,818
7808,6808
10366,9366
5644,4644
2230,1230
3918,2918
4617,3617
8543,7543
10326,9326
4327,3327
1918,918
6952,5952
3033,2033
1239,239
9451,8451
4433,3433
8107,7107
2878,1878
7214,6214
10867,9867
1546,546
3371,2371
3372,2372
5111,4111
1899,899
2495,1495
9041,8041
5969,4969
9121,8121
4211,3211
4959,3959
7639,6639
6788,5788
1434,434
6431,5431
1293,293
7626,6626
2977,1977
2186,1186
10267,9267
10961,9961
10162,9162
10536,9536
5004,4004
9305,8305
4266,3266
6032,5032
4913,3913
2595,1595
5702,4702
6572,5572
1016,16
7141,6141
6399,5399
10495,9495
10116,9116
1195,195
5212,4212
10812,9812
10013,9013
2992,1992
5618,4618
9615,8615
5758,4758
6250,5250
2904,1904
3699,2699
7725,6725
2080,1080
6953,5953
6674,5674
4581,3581
5042,4042
3349,2349
8319,7319
4480,3480
8716,7716
6985,5985
3455,2455
4863,3863
1886,886
4468,3468
3658,2658
2956,1956
7223,6223
6219,5219
1560,560
1329,329
3732,2732
4604,3604
2533,1533
9568,8568
4860,3860
9092,8092
10103,9103
8871,7871
7458,6458
9373,8373
5349,4349
2028,1028
4497,3497
2241,1241
5616,4616
1630,630
6876,5876
6076,5076
2674,1674
5855,4855
5283,4283
1850,850
6107,5107
4473,3473
6111,5111
7918,6918
7143,6143
6414,5414
1771,771
1445,445
8856,7856
10297,9297
5883,4883
1098,98
6850,5850
3002,2002
7921,6921
7039,6039
2833,1833
4527,3527
7142,6142
2907,1907
2476,1476
1718,718
10622,9622
7404,6404
8298,7298
5888,4888
4007,3007
3268,2268
5363,4363
3412,2412
4743,3743
5251,4251
9047,8047
8863,7863
1058,58
4170,3170
8996,7996
5623,4623
8265,7265
9008,8008
6568,5568
1388,388
7281,6281
1176,176
7328,6328
4088,3088
10313,9313
3187,2187
2266,1266
5397,4397
5731,4731
6317,5317
6265,5265
5113,4113
3217,2217
2443,1443
1283,283
4771,3771
3352,2352
7294,6294
10598,9598
10895,9895
7720,6720
9385,8385
9836,8836
2605,1605
9135,8135
10268,9268
9700,8700
8679,7679
1142,142
2758,1758
3960,2960
2304,1304
9560,8560
3961,2961
5992,4992
4456,3456
10825,9825
3389,2389
6885,5885
9806,8806
6304,5304
6721,5721
7849,6849
9361,8361
4123,3123
1468,468
8380,7380
2959,1959
5933,4933
2257,1257
5375,4375
2304,1304
3501,2501
7084,6084
1891,891
6982,5982
3602,2602
9329,8329
10261,9261
9818,8818
6472,5472
1372,372
3469,2469
4955,3955
10360,9360
1866,866
3538,2538
1849,849
2688,1688
2136,1136
8781,7781
1638,638
6771,5771
7935,6935
5578,4578
7104,6104
7288,6288
2520,1520
4573,3573
3873,2873
9904,8904
3119,2119
2017,1017
5549,4549
9076,8076
9723,8723
5640,4640
9779,8779
7314,6314
9686,8686
8108,7108
2770,1770
5433,4433
9908,8908
7419,6419
1376,376
4873,3873
4945,3945
10463,9463
4812,3812
8073,7073
7959,6959
8827,7827
2060,1060
1396,396
9207,8207
1287,287
10356,9356
3094,2094
10739,9739
6887,5887
5496,4496
9621,8621
6245,5245
10446,9446
1450,450
2231,1231
2130,1130
1638,638
1434,434
4646,3646
8912,7912
1632,632
4334,3334
4147,3147
8572,7572
8105,7105
3490,2490
8272,7272
7966,6966
4342,3342
8626,7626
7990,6990
6131,5131
6569,5569
6770,5770
3438,2438
8545,7545
7947,6947
10791,9791
5360,4360
9461,8461
3102,2102
6040,5040
10760,9760
5035,4035
2665,1665
4888,3888
7543,6543
10601,9601
9411,8411
3504,2504
7518,6518
8484,7484
9366,8366
9788,8788
3845,2845
8908,7908
6963,5963
2632,1632
5999,4999
6093,5093
6054,5054
5953,4953
5211,4211
6044,5044
2437,1437
9835,8835
8878,7878
7566,6566
9788,8788
8690,7690
4989,3989
3503,2503
9801,8801
1683,683
1776,776
9209,8209
1794,794
1346,346
2149,1149
4681,3681
9532,8532
10113,9113
10968,9968
3530,2530
7757,6757
10565,9565
4688,3688
2781,1781
1945,945
5088,4088
6503,5503
5207,4207
5156,4156
9887,8887
5545,4545
4421,3421
2759,1759
10298,9298
10435,9435
6836,5836
2022,1022
7819,6819
10157,9157
2033,1033
8566,7566
8213,7213
6775,5775
2155,1155
10982,9982
6403,5403
2788,1788
10374,9374
6040,5040
10386,9386
2753,1753
1136,136
10846,9846
8807,7807
3463,2463
6770,5770
7287,6287
9310,8310
4820,3820
7234,6234
2402,1402
7308,6308
3905,2905
3683,2683
7043,6043
3080,2080
10153,9153
7347,6347
7367,6367
8372,7372
4721,3721
5892,4892
2720,1720
7711,6711
1248,248
4755,3755
2626,1626
7505,6505
6118,5118
4774,3774
1730,730
6238,5238
1566,566
1744,744
8786,7786
3409,2409
1700,700
8491,7491
8901,7901
10065,9065
7390,6390
10329,9329
9908,8908
2732,1732
7670,6670
9451,8451
5862,4862
2586,1586
2862,1862
7977,6977
10857,9857
9580,8580
2572,1572
3870,2870
6977,5977
2450,1450
3759,2759
3695,2695
6648,5648
2732,1732
9915,8915
8159,7159
5684,4684
8522,7522
8246,7246
4955,3955
4896,3896
4293,3293
2899,1899
1556,556
7550,6550
2669,1669
2676,1676
6834,5834
3540,2540
6264,5264
8823,7823
6321,5321
4152,3152
9574,8574
5084,4084
10125,9125
4396,3396
2113,1113
10646,9646
10217,9217
7972,6972
3970,2970
1834,834
3753,2753
9495,8495
10430,9430
4110,3110
4961,3961
3713,2713
3562,2562
10274,9274
6169,5169
2576,1576
8884,7884
3801,2801
10859,9859
4648,3648
2449,1449
8444,7444
1937,937
9025,8025
9083,8083
5436,4436
7902,6902
2364,1364
5830,4830
4200,3200
10138,9138
7164,6164
3754,2754
9223,8223
7104,6104
2111,1111
3591,2591
5638,4638
8091,7091
5282,4282
6430,5430
5539,4539
2803,1803
7779,6779
1740,740
8084,7084
3457,2457
1622,622
2471,1471
7920,6920
8456,7456
2872,1872
8649,7649
4305,3305
8549,7549
2845,1845
1789,789
1820,820
5262,4262
10288,9288
9702,8702
3561,2561
2660,1660
1241,241
6408,5408
7636,6636
2355,1355
5383,4383
1440,440
2938,1938
9994,8994
9572,8572
5964,4964
10594,9594
1761,761
4963,3963
4630,3630
5524,4524
10938,9938
10663,9663
1168,168
1905,905
9979,8979
2504,1504
4416,3416
8313,7313
4378,3378
2588,1588
9618,8618
10428,9428
4260,3260
3339,2339
3278,2278
5679,4679
2869,1869
8634,7634
6822,5822
6212,5212
6960,5960
9486,8486
6880,5880
2558,1558
7545,6545
1887,887
2157,1157
2808,1808
9856,8856
4061,3061
1633,633
4892,3892
10401,9401
6346,5346
10156,9156
3192,2192
3886,2886
1871,871
5031,4031
10053,9053
5715,4715
4685,3685
6754,5754
1917,917
7875,6875
6742,5742
2942,1942
3337,2337
1467,467
2204,1204
7781,6781
10254,9254
4142,3142
8006,7006
3664,2664
6252,5252
2854,1854
3105,2105
5633,4633
1562,562
4090,3090
6154,5154
4104,3104
7522,6522
1554,554
3938,2938
8271,7271
8972,7972
3987,2987
7338,6338
3359,2359
1203,203
10106,9106
5133,4133
7352,6352
7745,6745
2903,1903
2165,1165
6702,5702
6920,5920
6685,5685
8173,7173
5339,4339
3483,2483
8305,7305
6675,5675
7622,6622
8414,7414
3772,2772
1158,158
7189,6189
10126,9126
3995,2995
7854,6854
9865,8865
2176,1176
3001,2001
3055,2055
2567,1567
6542,5542
2528,1528
6144,5144
5816,4816
6060,5060
1168,168
7123,6123
9103,8103
5966,4966
3098,2098
3365,2365
8180,7180
10819,9819
8184,7184
1428,428
7472,6472
7136,6136
4649,3649
6036,5036
3600,2600
4823,3823
4356,3356
7589,6589
7058,6058
6925,5925
8936,7936
3947,2947
8637,7637
7782,6782
5725,4725
7362,6362
9860,8860
3771,2771
10567,9567
1360,360
2914,1914
1922,922
7412,6412
10119,9119
10969,9969
8475,7475
4732,3732
9532,8532
6979,5979
8142,7142
4264,3264
8468,7468
6217,5217
5713,4713
7373,6373
8423,7423
2942,1942
2413,1413
1060,60
10161,9161
7623,6623
8717,7717
10125,9125
9666,8666
3100,2100
6054,5054
5520,4520
9933,8933
3432,2432
1150,150
3132,2132
4199,3199
9708,8708
6054,5054
5292,4292
8614,7614
10507,9507
7176,6176
5369,4369
6030,5030
8494,7494
6894,5894
8947,7947
2334,1334
8392,7392
5534,4534
3866,2866
2186,1186
3425,2425
7744,6744
10702,9702
8040,7040
7823,6823
7113,6113
10282,9282
9794,8794
9263,8263
6492,5492
1226,226
1891,891
5167,4167
8909,7909
4854,3854
5866,4866
9206,8206
4067,3067
4035,3035
2106,1106
6415,5415
2821,1821
2294,1294
8488,7488
6207,5207
5468,4468
8102,7102
3239,2239
8549,7549
5287,4287
1098,98
2098,1098
7655,6655
1069,69
9159,8159
10700,9700
2768,1768
9685,8685
9834,8834
2116,1116
8774,7774
9000,8000
8548,7548
1112,112
4428,3428
8114,7114
4790,3790
3844,2844
4744,3744
10118,9118
1966,966
1179,179
4594,3594
4969,3969
6804,5804
7199,6199
8862,7862
7057,6057
9700,8700
3921,2921
10191,9191
3913,2913
4555,3555
2227,1227
1576,576
1294,294
3903,2903
4795,3795
9565,8565
10174,9174
7008,6008
3218,2218
8423,7423
5322,4322
2261,1261
10339,9339
1382,382
8165,7165
6947,5947
10011,9011
3942,2942
4401,3401
7929,6929
3449,2449
5749,4749
8352,7352
2830,1830
10567,9567
10267,9267
10350,9350
8725,7725
9298,8298
10137,9137
7988,6988
5637,4637
1937,937
3788,2788
2025,1025
9039,8039
5681,4681
5088,4088
2054,1054
1319,319
10242,9242
2292,1292
1606,606
1292,292
1686,686
4106,3106
7194,6194
5032,4032
7266,6266
5197,4197
7745,6745
5096,4096
4745,3745
9927,8927
3292,2292
10588,9588
10494,9494
9831,8831
8567,7567
5821,4821
2856,1856
8985,7985
1675,675
3116,2116
3110,2110
7127,6127
7150,6150
7422,6422
10263,9263
9113,8113
1828,828
6556,5556
3005,2005
3056,2056
1628,628
6796,5796
9588,8588
6637,5637
6689,5689
3024,2024
4518,3518
8231,7231
7608,6608
5714,4714
6666,5666
6529,5529
8943,7943
9388,8388
5150,4150
6549,5549
8663,7663
7809,6809
7261,6261
2383,1383
4362,3362
4858,3858
8483,7483
5959,4959
8603,7603
7000,6000
6908,5908
2715,1715
8481,7481
4734,3734
3337,2337
2162,1162
4613,3613
3904,2904
10019,9019
7672,6672
2910,1910
6940,5940
7146,6146
10299,9299
4588,3588
1755,755
1398,398
4500,3500
8671,7671
2047,1047
9765,8765
6643,5643
7410,6410
5475,4475
2791,1791
7414,6414
7380,6380
8643,7643
7568,6568
2255,1255
6203,5203
4076,3076
5056,4056
10018,9018
5055,4055
4377,3377
5601,4601
6234,5234
5663,4663
5536,4536
3324,2324
4272,3272
5380,4380
9451,8451
2633,1633
7387,6387
8692,7692
6228,5228
9309,8309
8152,7152
2102,1102
4714,3714
7770,6770
1824,824
1555,555
2921,1921
3414,2414
7703,6703
8714,7714
8923,7923
1249,249
8488,7488
7475,6475
2715,1715
7758,6758
1268,268
1002,2
7006,6006
3844,2844
5851,4851
5861,4861
4899,3899
3829,2829
8508,7508
4350,3350
3010,2010
1461,461
3925,2925
3500,2500
2921,1921
9947,8947
1057,57
7395,6395
6827,5827
5775,4775
5452,4452
8935,7935
3428,2428
8691,7691
9089,8089
10816,9816
8716,7716
6697,5697
9973,8973
7214,6214
2388,1388
7047,6047
10401,9401
6233,5233
8567,7567
4754,3754
4134,3134
8629,7629
3092,2092
3106,2106
4797,3797
10513,9513
8173,7173
8528,7528
6005,5005
6010,5010
5497,4497
7010,6010
7297,6297
10505,9505
9507,8507
2361,1361
5298,4298
1961,961
9210,8210
8597,7597
5611,4611
6411,5411
10628,9628
1564,564
2465,1465
9312,8312
2045,1045
10540,9540
7223,6223
6541,5541
9903,8903
7531,6531
5405,4405
6950,5950
3254,2254
6862,5862
10290,9290
6040,5040
9539,8539
10163,9163
8488,7488
3335,2335
9976,8976
10890,9890
3722,2722
1218,218
10899,9899
1420,420
3978,2978
5750,4750
5208,4208
3479,2479
2683,1683
3649,2649
4090,3090
2592,1592
6602,5602
7438,6438
2117,1117
10049,9049
6445,5445
1752,752
6005,5005
4325,3325
10797,9797
2816,1816
10952,9952
2993,1993
2172,1172
7099,6099
6814,5814
6223,5223
10255,9255
7410,6410
3834,2834
9166,8166
8970,7970
4885,3885
9678,8678
5581,4581
7302,6302
3899,2899
8717,7717
3373,2373
6336,5336
10599,9599
1489,489
6268,5268
7196,6196
3047,2047
9247,8247
3711,2711
2910,1910
9709,8709
7416,6416
5391,4391
9840,8840
1788,788
8278,7278
6608,5608
2099,1099
9996,8996
7987,6987
3438,2438
5733,4733
4724,3724
10049,9049
3474,2474
10117,9117
8342,7342
3417,2417
6149,5149
9793,8793
1429,429
4121,3121
10398,9398
6261,5261
6561,5561
8305,7305
7623,6623
1903,903
8640,7640
2026,1026
6878,5878
9284,8284
1729,729
6422,5422
7680,6680
3930,2930
2287,1287
5541,4541
7292,6292
9775,8775
6440,5440
9899,8899
10765,9765
6415,5415
1028,28
8994,7994
8211,7211
7435,6435
3374,2374
1116,116
5258,4258
5566,4566
1067,67
1868,868
2204,1204
2576,1576
4343,3343
1071,71
3463,2463
6455,5455
7224,6224
2532,1532
7029,6029
2611,1611
7290,6290
2906,1906
9369,8369
6025,5025
6487,5487
4677,3677
4329,3329
8166,7166
1361,361
5865,4865
4626,3626
5795,4795
9336,8336
6542,5542
5618,4618
6336,5336
5975,4975
7172,6172
3364,2364
4367,3367
4030,3030
2247,1247
9726,8726
1582,582
9983,8983
7747,6747
2819,1819
5056,4056
3195,2195
1826,826
2911,1911
3205,2205
9707,8707
8083,7083
2679,1679
10008,9008
6043,5043
9108,8108
4630,3630
1334,334
6651,5651
4603,3603
2673,1673
2973,1973
6970,5970
9887,8887
9830,8830
2325,1325
6893,5893
10796,9796
6319,5319
4290,3290
3052,2052
6866,5866
2317,1317
2577,1577
3766,2766
8738,7738
8466,7466
7884,6884
5592,4592
7149,6149
10860,9860
6222,5222
1242,242
7255,6255
7817,6817
10644,9644
8730,7730
4492,3492
6544,5544
7738,6738
10690,9690
5052,4052
1281,281
7804,6804
3945,2945
1607,607
5418,4418
10854,9854
9523,8523
2166,1166
9059,8059
6115,5115
1536,536
9386,8386
9237,8237
2663,1663
5813,4813
10025,9025
9632,8632
5226,4226
6697,5697
3658,2658
9109,8109
5425,4425
4051,3051
4249,3249
5692,4692
3302,2302
7452,6452
10990,9990
1347,347
10584,9584
6969,5969
5959,4959
9883,8883
8108,7108
10141,9141
9689,8689
10490,9490
2013,1013
8850,7850
4949,3949
5746,4746
10925,9925
7670,6670
9057,8057
9564,8564
9241,8241
8445,7445
1901,901
10773,9773
2350,1350
5713,4713
2599,1599
1555,555
9287,8287
1584,584
9804,8804
3496,2496
5495,4495
6375,5375
8323,7323
8070,7070
7719,6719
1530,530
6770,5770
2542,1542
8838,7838
8877,7877
8431,7431
8365,7365
8014,7014
10954,9954
5073,4073
5881,4881
4673,3673
5021,4021
10770,9770
8471,7471
7927,6927
3015,2015
9814,8814
7833,6833
7928,6928
4900,3900
8848,7848
2951,1951
4958,3958
9198,8198
6235,5235
2998,1998
2826,1826
4849,3849
4683,3683
3992,2992
3629,2629
1167,167
6848,5848
9149,8149
3997,2997
7246,6246
1403,403
7976,6976
2576,1576
10813,9813
3134,2134
3498,2498
6571,5571
5095,4095
10502,9502
4695,3695
3879,2879
5038,4038
8284,7284
9239,8239
2967,1967
9956,8956
10801,9801
7008,6008
1630,630
8251,7251
10030,9030
4292,3292
1073,73
3879,2879
4789,3789
2883,1883
1281,281
10189,9189
5464,4464
9694,8694
5687,4687
10230,9230
4152,3152
1013,13
1883,883
4203,3203
3548,2548
2622,1622
9859,8859
3294,2294
10378,9378
2179,1179
7247,6247
8549,7549
7446,6446
4642,3642
3506,2506
3891,2891
10776,9776
8168,7168
2158,1158
8951,7951
9457,8457
7542,6542
10500,9500
7341,6341
7893,6893
3901,2901
7511,6511
6403,5403
5757,4757
2048,1048
3092,2092
2868,1868
8818,7818
5620,4620
7198,6198
5088,4088
7928,6928
4284,3284
3736,2736
2630,1630
1560,560
4732,3732
6556,5556
3330,2330
4018,3018
10474,9474
7410,6410
5669,4669
4823,3823
7559,6559
3736,2736
3442,2442
1944,944
8538,7538
9580,8580
3178,2178
6757,5757
2250,1250
5721,4721
8522,7522
3353,2353
10364,9364
6863,5863
9736,8736
6024,5024
3632,2632
4380,3380
4441,3441
6857,5857
8524,7524
8719,7719
3749,2749
1136,136
3814,2814
7668,6668
2802,1802
8649,7649
5005,4005
5650,4650
10186,9186
10369,9369
6982,5982
3023,2023
3006,2006
1568,568
8463,7463
10321,9321
1010,10
1068,68
1704,704
2271,1271
5614,4614
6248,5248
8296,7296
5916,4916
9152,8152
6940,5940
10752,9752
1555,555
9145,8145
5553,4553
6914,5914
6598,5598
4829,3829
7898,6898
7092,6092
1657,657
3450,2450
5113,4113
10730,9730
5175,4175
9395,8395
2584,1584
7999,6999
7009,6009
4233,3233
8897,7897
9203,8203
3298,2298
6437,5437
1640,640
8854,7854
8006,7006
4600,3600
3635,2635
5968,4968
5074,4074
8949,7949
1257,257
2678,1678
5155,4155
4609,3609
1743,743
9156,8156
1832,832
7452,6452
1342,342
2226,1226
9905,8905
1596,596
8172,7172
10010,9010
5236,4236
3803,2803
9852,8852
9674,8674
2899,1899
10940,9940
1859,859
3328,2328
2672,1672
5371,4371
10554,9554
6057,5057
7498,6498
4955,3955
8311,7311
9323,8323
9572,8572
2333,1333
3447,2447
7157,6157
3131,2131
6471,5471
9168,8168
9891,8891
8454,7454
7776,6776
5594,4594
3755,2755
7726,6726
8226,7226
9889,8889
3566,2566
5086,4086
1184,184
10549,9549
8707,7707
4544,3544
1741,741
9803,8803
10183,9183
6761,5761
5461,4461
9993,8993
8680,7680
10296,9296
4044,3044
10077,9077
4639,3639
4816,3816
7578,6578
10373,9373
6102,5102
9008,8008
3001,2001
8354,7354
6980,5980
4050,3050
7415,6415
5140,4140
5025,4025
5784,4784
5642,4642
1779,779
4257,3257
9016,8016
10552,9552
1987,987
5050,4050
8367,7367
10371,9371
10150,9150
9924,8924
7094,6094
4923,3923
7849,6849
8277,7277
1820,820
9937,8937
9828,8828
2739,1739
10333,9333
9848,8848
3846,2846
8904,7904
9346,8346
10785,9785
3972,2972
10687,9687
7285,6285
5253,4253
8891,7891
9123,8123
3807,2807
1344,344
6863,5863
2172,1172
5363,4363
5384,4384
9645,8645
10804,9804
3209,2209
10143,9143
10919,9919
6267,5267
7479,6479
8663,7663
7201,6201
4299,3299
10559,9559
1052,52
8917,7917
9641,8641
4248,3248
3816,2816
2318,1318
3450,2450
2864,1864
6489,5489
5964,4964
4328,3328
5252,4252
5634,4634
7827,6827
5751,4751
8294,7294
7261,6261
7105,6105
6929,5929
8005,7005
6731,5731
6121,5121
10375,9375
6554,5554
10785,9785
7086,6086
7953,6953
8572,7572
8465,7465
9155,8155
9668,8668
3570,2570
2137,1137
4063,3063
1285,285
3329,2329
8834,7834
10132,9132
3497,2497
4738,3738
8408,7408
9371,8371
8786,7786
2292,1292
1059,59
9819,8819
9575,8575
6550,5550
6952,5952
7994,6994
7710,6710
4837,3837
4209,3209
8269,7269
10614,9614
6372,5372
2202,1202
4765,3765
4077,3077
2452,1452
10039,9039
10975,9975
2732,1732
10830,9830
2370,1370
4905,3905
9624,8624
3235,2235
6595,5595
10186,9186
9144,8144
7795,6795
2413,1413
8023,7023
8245,7245
1436,436
3648,2648
1903,903
2093,1093
8200,7200
6209,5209
3790,2790
5901,4901
2410,1410
5109,4109
8798,7798
7934,6934
2340,1340
7148,6148
8831,7831
2049,1049
5663,4663
2349,1349
5709,4709
2235,1235
9161,8161
4655,3655
5239,4239
3381,2381
8729,7729
4699,3699
2659,1659
9486,8486
4323,3323
1791,791
4507,3507
10361,9361
8892,7892
3442,2442
10407,9407
6329,5329
3617,2617
5927,4927
2236,1236
7151,6151
5936,4936
6941,5941
1381,381
5223,4223
1481,481
3329,2329
2176,1176
8482,7482
4553,3553
1139,139
7472,6472
6673,5673
8884,7884
6907,5907
9566,8566
6879,5879
10757,9757
9521,8521
2957,1957
9018,8018
6725,5725
7124,6124
4843,3843
3462,2462
9270,8270
10518,9518
7640,6640
3215,2215
2197,1197
4428,3428
7063,6063
5441,4441
8544,7544
2957,1957
4977,3977
9220,8220
8968,7968
3413,2413
2978,1978
3119,2119
4642,3642
5508,4508
7132,6132
8508,7508
2587,1587
1122,122
1574,574
9319,8319
4698,3698
10778,9778
4772,3772
1539,539
4648,3648
9071,8071
3304,2304
1578,578
2710,1710
10270,9270
10448,9448
1135,135
5039,4039
10597,9597
3125,2125
2366,1366
7869,6869
10397,9397
10596,9596
2004,1004
2216,1216
10214,9214
4502,3502
8176,7176
1285,285
2913,1913
7758,6758
5928,4928
9406,8406
1328,328
6251,5251
8213,7213
9535,8535
10324,9324
6365,5365
1873,873
10951,9951
10692,9692
3411,2411
3092,2092
8586,7586
8979,7979
3130,2130
1569,569
7798,6798
8033,7033
1509,509
3313,2313
9231,8231
10965,9965
3789,2789
5594,4594
2695,1695
1615,615
6170,5170
7997,6997
4709,3709
3894,2894
9311,8311
1878,878
1067,67
9835,8835
2275,1275
4934,3934
7202,6202
5975,4975
4970,3970
8193,7193
3573,2573
9533,8533
8430,7430
1617,617
10459,9459
5479,4479
3159,2159
5864,4864
9441,8441
7196,6196
4921,3921
4053,3053
4788,3788
9342,8342
4309,3309
4622,3622
8307,7307
8946,7946
5477,4477
6274,5274
7139,6139
7274,6274
1951,951
8474,7474
5092,4092
5118,4118
6579,5579
3970,2970
7665,6665
4052,3052
4874,3874
7009,6009
5005,4005
3510,2510
4889,3889
7195,6195
2936,1936
1887,887
3579,2579
1794,794
8095,7095
7812,6812
7176,6176
10267,9267
10705,9705
2198,1198
4370,3370
10605,9605
4033,3033
1667,667
8984,7984
6810,5810
9702,8702
8927,7927
2704,1704
4546,3546
6281,5281
10415,9415
8803,7803
4942,3942
1157,157
5436,4436
10448,9448
9487,8487
10329,9329
6978,5978
2018,1018
7111,6111
1973,973
4693,3693
5935,4935
6082,5082
8035,7035
2384,1384
8970,7970
10990,9990
5184,4184
7528,6528
10784,9784
4090,3090
1695,695
9973,8973
10406,9406
7548,6548
8987,7987
5975,4975
4050,3050
2447,1447
9741,8741
8749,7749
5101,4101
10991,9991
3956,2956
5240,4240
1185,185
9844,8844
6779,5779
4857,3857
1051,51
6687,5687
8172,7172
8305,7305
10086,9086
3853,2853
6769,5769
4466,3466
6960,5960
3223,2223
8580,7580
9388,8388
2602,1602
10816,9816
2746,1746
6824,5824
2056,1056
4447,3447
7476,6476
5225,4225
1883,883
8536,7536
1282,282
2663,1663
1254,254
8477,7477
1482,482
5562,4562
1474,474
9680,8680
7489,6489
1240,240
8770,7770
4042,3042
4342,3342
5041,4041
9879,8879
8307,7307
6135,5135
5607,4607
4648,3648
4097,3097
2624,1624
4856,3856
8219,7219
10169,9169
3788,2788
9132,8132
8333,7333
4006,3006
6701,5701
2136,1136
2695,1695
3269,2269
1731,731
8373,7373
3327,2327
4327,3327
5371,4371
10105,9105
1561,561
7579,6579
5663,4663
4761,3761
6612,5612
4912,3912
10112,9112
5113,4113
1223,223
3028,2028
5354,4354
8253,7253
6381,5381
5975,4975
1547,547
10931,9931
2431,1431
5692,4692
1460,460
7668,6668
4662,3662
3422,2422
1992,992
5026,4026
8119,7119
8712,7712
7088,6088
10902,9902
3792,2792
2925,1925
10528,9528
3568,2568
5589,4589
4709,3709
9012,8012
4824,3824
10937,9937
7049,6049
2220,1220
1130,130
8322,7322
10152,9152
6661,5661
10236,9236
5126,4126
6224,5224
8505,7505
4066,3066
6760,5760
6795,5795
3545,2545
5216,4216
6534,5534
8977,7977
7940,6940
2777,1777
7326,6326
8070,7070
5749,4749
10287,9287
7893,6893
8040,7040
10518,9518
3809,2809
6501,5501
1150,150
6500,5500
6768,5768
2480,1480
10100,9100
8356,7356
8183,7183
9005,8005
8415,7415
4729,3729
9871,8871
7409,6409
6777,5777
6607,5607
7471,6471
3675,2675
2373,1373
1457,457
8847,7847
8895,7895
2061,1061
8528,7528
9225,8225
6832,5832
10135,9135
5169,4169
10432,9432
9353,8353
1935,935
7613,6613
5839,4839
2643,1643
4296,3296
5555,4555
3437,2437
9770,8770
7001,6001
10800,9800
1403,403
5120,4120
8216,7216
8825,7825
8238,7238
5197,4197
6511,5511
7737,6737
2406,1406
11000,10000
3221,2221
8132,7132
10783,9783
8212,7212
6453,5453
5987,4987
6364,5364
10536,9536
6009,5009
6170,5170
6751,5751
1871,871
9844,8844
1738,738
7234,6234
1850,850
2792,1792
6444,5444
6474,5474
7836,6836
9282,8282
9401,8401
1732,732
10029,9029
8677,7677
2051,1051
10332,9332
7684,6684
10664,9664
10505,9505
3565,2565
8110,7110
4770,3770
4101,3101
3807,2807
9044,8044
10649,9649
8008,7008
1929,929
5919,4919
9226,8226
4837,3837
3524,2524
1450,450
7344,6344
3196,2196
10077,9077
3652,2652
2378,1378
8957,7957
7739,6739
7646,6646
2033,1033
9577,8577
3842,2842
9303,8303
7487,6487
9187,8187
3411,2411
10024,9024
3170,2170
4494,3494
2143,1143
9485,8485
7814,6814
5210,4210
9478,8478
5902,4902
8111,7111
1033,33
5173,4173
1970,970
3107,2107
1371,371
6862,5862
4123,3123
4655,3655
6190,5190
4382,3382
5431,4431
9130,8130
3875,2875
1019,19
9659,8659
6690,5690
8153,7153
3229,2229
4098,3098
3209,2209
9143,8143
1956,956
9921,8921
5816,4816
1727,727
8952,7952
1395,395
9745,8745
8987,7987
3049,2049
10124,9124
7530,6530
10702,9702
10724,9724
1604,604
9645,8645
10256,9256
1037,37
3106,2106
6560,5560
6038,5038
6250,5250
1837,837
10818,9818
6304,5304
4062,3062
10152,9152
6308,5308
9080,8080
4302,3302
6328,5328
5528,4528
4797,3797
3738,2738
4943,3943
8259,7259
10559,9559
6603,5603
4937,3937
7028,6028
5817,4817
9927,8927
4544,3544
2693,1693
1507,507
8849,7849
10060,9060
2449,1449
9444,8444
9198,8198
2244,1244
3329,2329
1930,930
8108,7108
3705,2705
1956,956
7576,6576
8511,7511
3270,2270
9625,8625
10417,9417
1871,871
10711,9711
8244,7244
9221,8221
5077,4077
1435,435
7163,6163
3888,2888
2639,1639
9719,8719
3284,2284
5132,4132
5779,4779
7837,6837
4415,3415
10302,9302
10086,9086
6844,5844
7405,6405
10749,9749
5611,4611
6877,5877
4967,3967
1569,569
10733,9733
9075,8075
9225,8225
3457,2457
4834,3834
1265,265
1449,449
2422,1422
2895,1895
2471,1471
5318,4318
10273,9273
9878,8878
5802,4802
5202,4202
3386,2386
4678,3678
6853,5853
3281,2281
10856,9856
3195,2195
2225,1225
1951,951
4749,3749
6929,5929
2364,1364
2835,1835
3806,2806
7252,6252
8968,7968
9206,8206
6274,5274
6515,5515
8904,7904
6435,5435
3938,2938
7051,6051
10928,9928
10777,9777
1418,418
7347,6347
8106,7106
9942,8942
2997,1997
3336,2336
2789,1789
2829,1829
10333,9333
7251,6251
4384,3384
6982,5982
3478,2478
7676,6676
4250,3250
6033,5033
6590,5590
4828,3828
10207,9207
3240,2240
4321,3321
3294,2294
5749,4749
3518,2518
5298,4298
4915,3915
5489,4489
9399,8399
8497,7497
5300,4300
7661,6661
3516,2516
1578,578
1520,520
7791,6791
8029,7029
9914,8914
7583,6583
1225,225
3248,2248
3891,2891
1590,590
10411,9411
6963,5963
6708,5708
3884,2884
1908,908
9764,8764
7861,6861
3284,2284
8910,7910
6706,5706
4689,3689
9399,8399
2909,1909
5246,4246
2641,1641
7860,6860
2944,1944
4648,3648
1291,291
6788,5788
1361,361
9921,8921
5723,4723
5434,4434
2851,1851
10926,9926
5606,4606
4647,3647
8117,7117
8739,7739
5593,4593
1333,333
8237,7237
3065,2065
2006,1006
9946,8946
10001,9001
8121,7121
1195,195
6159,5159
3011,2011
4786,3786
5356,4356
3654,2654
7544,6544
2570,1570
6340,5340
5869,4869
10790,9790
8060,7060
4462,3462
6512,5512
2251,1251
6630,5630
4979,3979
10137,9137
8849,7849
2716,1716
6259,5259
5345,4345
5836,4836
6032,5032
7309,6309
2336,1336
1022,22
5346,4346
2993,1993
10478,9478
4735,3735
7707,6707
1279,279
7887,6887
4719,3719
9370,8370
2673,1673
10461,9461
7344,6344
2577,1577
4496,3496
4816,3816
9335,8335
2058,1058
2699,1699
2639,1639
10094,9094
1712,712
8942,7942
9544,8544
6389,5389
6762,5762
9303,8303
1643,643
6266,5266
4262,3262
2996,1996
5850,4850
4355,3355
9089,8089
7075,6075
4703,3703
2644,1644
2149,1149
9316,8316
9104,8104
10703,9703
4541,3541
3679,2679
4722,3722
1277,277
2938,1938
5219,4219
5600,4600
4960,3960
5400,4400
2254,1254
9227,8227
9244,8244
8412,7412
4769,3769
3281,2281
1517,517
5051,4051
6456,5456
6431,5431
6656,5656
2810,1810
4110,3110
5760,4760
2206,1206
4870,3870
1485,485
10639,9639
9871,8871
5205,4205
4234,3234
10784,9784
7848,6848
1608,608
4943,3943
8951,7951
7680,6680
5100,4100
9046,8046
10007,9007
1441,441
10617,9617
3006,2006
6834,5834
6037,5037
1868,868
6386,5386
2794,1794
10282,9282
7095,6095
3832,2832
3766,2766
5539,4539
2779,1779
9856,8856
1714,714
7549,6549
10752,9752
10929,9929
3333,2333
5059,4059
1256,256
4599,3599
9818,8818
3318,2318
5804,4804
5993,4993
9673,8673
1419,419
4391,3391
7754,6754
4072,3072
7835,6835
5498,4498
7140,6140
5183,4183
7818,6818
1361,361
8072,7072
9388,8388
9290,8290
8964,7964
10870,9870
3061,2061
7833,6833
10809,9809
3355,2355
3171,2171
6900,5900
10821,9821
1401,401
4512,3512
8280,7280
7740,6740
2026,1026
3304,2304
10431,9431
9104,8104
3333,2333
10526,9526
3706,2706
2635,1635
6115,5115
10212,9212
3358,2358
9693,8693
9872,8872
8626,7626
6237,5237
5566,4566
2344,1344
3627,2627
10588,9588
3851,2851
7441,6441
3806,2806
10348,9348
6943,5943
9414,8414
3492,2492
5683,4683
1691,691
4566,3566
1270,270
6409,5409
6628,5628
1913,913
9465,8465
5968,4968
5188,4188
3667,2667
5323,4323
3015,2015
7159,6159
1933,933
10893,9893
10181,9181
5398,4398
7094,6094
5441,4441
1587,587
9713,8713
6497,5497
6813,5813
3207,2207
10913,9913
10493,9493
6053,5053
8268,7268
6296,5296
3448,2448
3080,2080
5959,4959
2300,1300
2419,1419
8510,7510
4073,3073
8653,7653
3894,2894
5048,4048
5584,4584
3879,2879
7930,6930
2706,1706
5860,4860
10753,9753
5816,4816
4831,3831
5299,4299
8422,7422
7139,6139
6644,5644
6284,5284
3128,2128
9893,8893
5182,4182
2435,1435
4570,3570
2293,1293
8814,7814
4622,3622
10413,9413
4664,3664
4752,3752
10007,9007
1841,841
5215,4215
3177,2177
4764,3764
4652,3652
8050,7050
8401,7401
2504,1504
3951,2951
10213,9213
2499,1499
8039,7039
3987,2987
7900,6900
1093,93
7834,6834
3737,2737
8833,7833
9837,8837
5397,4397
7357,6357
1655,655
5551,4551
9925,8925
6740,5740
3656,2656
8117,7117
5783,4783
9503,8503
5393,4393
9015,8015
7242,6242
1247,247
2259,1259
8708,7708
3924,2924
6131,5131
1206,206
10811,9811
5623,4623
9369,8369
8500,7500
10963,9963
6279,5279
8801,7801
10871,9871
5303,4303
5631,4631
1929,929
4135,3135
8115,7115
6478,5478
10887,9887
8109,7109
5398,4398
5103,4103
8896,7896
2960,1960
3221,2221
2324,1324
4080,3080
3982,2982
4496,3496
7036,6036
2819,1819
8192,7192
6262,5262
4444,3444
1432,432
3428,2428
4829,3829
4552,3552
7910,6910
2513,1513
10173,9173
10487,9487
7003,6003
10496,9496
3846,2846
7642,6642
9799,8799
4563,3563
10263,9263
9337,8337
1045,45
2881,1881
4696,3696
6780,5780
8106,7106
3872,2872
6714,5714
10738,9738
10782,9782
5502,4502
2328,1328
5722,4722
8061,7061
4558,3558
10297,9297
5227,4227
2604,1604
5692,4692
9687,8687
1507,507
5353,4353
7574,6574
3257,2257
2775,1775
5203,4203
8239,7239
6761,5761
7138,6138
6515,5515
1608,608
4483,3483
1672,672
8448,7448
4398,3398
2537,1537
3622,2622
6034,5034
4018,3018
3967,2967
1120,120
7525,6525
2595,1595
3883,2883
3173,2173
5650,4650
5447,4447
4259,3259
10297,9297
6069,5069
2393,1393
3707,2707
4900,3900
7005,6005
9308,8308
3307,2307
7420,6420
7081,6081
2512,1512
10639,9639
9843,8843
10423,9423
10770,9770
9587,8587
5375,4375
2211,1211
9836,8836
4048,3048
2027,1027
1461,461
6759,5759
1265,265
10840,9840
2146,1146
8694,7694
8149,7149
2816,1816
2173,1173
3899,2899
2616,1616
8064,7064
7520,6520
1084,84
8675,7675
4384,3384
8546,7546
5353,4353
9327,8327
8620,7620
2871,1871
6059,5059
10544,9544
2989,1989
8555,7555
3882,2882
6905,5905
6171,5171
6360,5360
7394,6394
7353,6353
7832,6832
4227,3227
1842,842
7276,6276
4137,3137
3265,2265
8238,7238
6404,5404
6239,5239
4526,3526
8620,7620
3416,2416
6671,5671
6743,5743
9766,8766
1404,404
1427,427
9031,8031
2048,1048
5036,4036
6135,5135
1278,278
10403,9403
2118,1118
4448,3448
8611,7611
9202,8202
6835,5835
9895,8895
2177,1177
3851,2851
7975,6975
6708,5708
4188,3188
9264,8264
4102,3102
7838,6838
5902,4902
5150,4150
7004,6004
9529,8529
4312,3312
6528,5528
10283,9283
5207,4207
7241,6241
8798,7798
8692,7692
9569,8569
2956,1956
5523,4523
6370,5370
6372,5372
8837,7837
6028,5028
7874,6874
7657,6657
8415,7415
6133,5133
2683,1683
5311,4311
5494,4494
6900,5900
5365,4365
5718,4718
1208,208
9108,8108
9083,8083
3259,2259
4597,3597
4430,3430
8021,7021
3464,2464
1507,507
10616,9616
8363,7363
7595,6595
10032,9032
5408,4408
7609,6609
7016,6016
1593,593
7173,6173
6613,5613
3372,2372
6247,5247
2280,1280
2567,1567
6539,5539
2944,1944
7892,6892
5142,4142
9305,8305
1534,534
7350,6350
1507,507
7343,6343
10852,9852
2638,1638
8353,7353
10679,9679
7371,6371
6589,5589
1283,283
3426,2426
6663,5663
6764,5764
8435,7435
1222,222
10987,9987
7537,6537
10862,9862
4143,3143
9597,8597
9033,8033
4757,3757
10634,9634
10080,9080
3417,2417
6233,5233
3765,2765
1091,91
5546,4546
5272,4272
1224,224
10853,9853
3002,2002
7997,6997
7839,6839
4537,3537
5952,4952
8725,7725
3211,2211
5522,4522
9390,8390
10281,9281
7618,6618
1339,339
4812,3812
5043,4043
6878,5878
3338,2338
9522,8522
2370,1370
7455,6455
5143,4143
7295,6295
4868,3868
7467,6467
10316,9316
7292,6292
2278,1278
4496,3496
3679,2679
8606,7606
4905,3905
1535,535
5519,4519
5866,4866
5278,4278
4754,3754
5510,4510
7908,6908
5982,4982
4264,3264
1431,431
7336,6336
4084,3084
2263,1263
8647,7647
5096,4096
9916,8916
3735,2735
5883,4883
2555,1555
1244,244
4834,3834
7488,6488
7111,6111
10416,9416
4636,3636
2429,1429
5651,4651
5292,4292
5740,4740
9183,8183
9924,8924
5809,4809
5926,4926
9206,8206
1740,740
3540,2540
1403,403
3117,2117
6050,5050
8762,7762
8288,7288
5435,4435
6538,5538
8260,7260
1107,107
5483,4483
5992,4992
1695,695
1189,189
8302,7302
5334,4334
4469,3469
10906,9906
5295,4295
1847,847
10361,9361
5544,4544
10968,9968
1341,341
10930,9930
1292,292
1223,223
3641,2641
10893,9893
1322,322
8238,7238
4612,3612
4133,3133
9469,8469
9555,8555
7648,6648
4574,3574
2920,1920
5768,4768
1931,931
5867,4867
8728,7728
2269,1269
10478,9478
8766,7766
10736,9736
3690,2690
10315,9315
9539,8539
7589,6589
1057,57
1534,534
7036,6036
9554,8554
5058,4058
6746,5746
2654,1654
8900,7900
10421,9421
10400,9400
2143,1143
10027,9027
1833,833
6152,5152
1601,601
2725,1725
6191,5191
10329,9329
1008,8
1137,137
1729,729
7631,6631
7264,6264
10765,9765
9826,8826
8194,7194
9105,8105
1109,109
9405,8405
2495,1495
4241,3241
4312,3312
8127,7127
2177,1177
8522,7522
7728,6728
2182,1182
8623,7623
5031,4031
6021,5021
4596,3596
10360,9360
3656,2656
4283,3283
2056,1056
4888,3888
5400,4400
3850,2850
10611,9611
1797,797
2939,1939
6815,5815
1342,342
8343,7343
6951,5951
1869,869
10728,9728
7296,6296
3260,2260
3442,2442
9846,8846
10995,9995
6169,5169
9131,8131
8053,7053
9212,8212
9683,8683
3844,2844
4592,3592
5325,4325
8337,7337
7853,6853
2021,1021
4847,3847
3345,2345
10643,9643
2279,1279
5629,4629
7088,6088
3008,2008
9438,8438
5017,4017
2356,1356
6178,5178
5078,4078
7360,6360
1927,927
4047,3047
8058,7058
8278,7278
9765,8765
5775,4775
6336,5336
7798,6798
6330,5330
9820,8820
8051,7051
10734,9734
1813,813
10718,9718
4726,3726
3808,2808
3140,2140
3066,2066
2335,1335
5484,4484
2205,1205
9280,8280
8938,7938
9011,8011
4995,3995
10459,9459
9808,8808
10751,9751
6521,5521
8908,7908
1785,785
8739,7739
3315,2315
9610,8610
10104,9104
3213,2213
9652,8652
7122,6122
6570,5570
9998,8998
2318,1318
5695,4695
6361,5361
1527,527
4653,3653
4512,3512
1612,612
3616,2616
5769,4769
2033,1033
9520,8520
1104,104
3703,2703
7148,6148
6718,5718
3151,2151
9744,8744
10774,9774
3635,2635
1002,2
6301,5301
10052,9052
9434,8434
8511,7511
8376,7376
7532,6532
1536,536
4952,3952
8618,7618
9276,8276
4117,3117
4901,3901
3938,2938
7228,6228
1121,121
2595,1595
10811,9811
4829,3829
4378,3378
5705,4705
10041,9041
4055,3055
3756,2756
3334,2334
6448,5448
3522,2522
2123,1123
3872,2872
7309,6309
2292,1292
5100,4100
9309,8309
7268,6268
10633,9633
1131,131
4068,3068
6298,5298
3119,2119
8710,7710
2207,1207
8722,7722
8556,7556
8585,7585
2919,1919
3721,2721
4580,3580
10319,9319
7008,6008
4946,3946
8968,7968
1164,164
7876,6876
10521,9521
3173,2173
10096,9096
7484,6484
9493,8493
2624,1624
4390,3390
6786,5786
7832,6832
6983,5983
7489,6489
4605,3605
1893,893
8918,7918
9028,8028
10443,9443
8245,7245
5538,4538
6999,5999
3242,2242
2848,1848
7291,6291
2484,1484
9016,8016
2715,1715
1909,909
5255,4255
9432,8432
1329,329
6562,5562
4510,3510
6089,5089
7521,6521
9189,8189
10594,9594
2597,1597
7822,6822
7933,6933
4650,3650
2699,1699
5788,4788
2365,1365
9217,8217
7515,6515
3170,2170
9793,8793
4878,3878
4464,3464
3728,2728
9100,8100
8484,7484
6485,5485
7085,6085
1325,325
3750,2750
2066,1066
4516,3516
1043,43
7333,6333
5080,4080
3486,2486
10577,9577
2416,1416
4965,3965
8572,7572
4666,3666
8642,7642
1532,532
5166,4166
5162,4162
8968,7968
3737,2737
2447,1447
2996,1996
10461,9461
6771,5771
7624,6624
6818,5818
4056,3056
2738,1738
1467,467
6066,5066
2458,1458
6070,5070
10979,9979
3746,2746
4718,3718
10519,9519
3010,2010
2306,1306
5651,4651
8447,7447
8455,7455
5210,4210
4727,3727
3842,2842
10121,9121
9131,8131
7725,6725
3309,2309
5218,4218
6552,5552
4507,3507
7293,6293
5116,4116
5626,4626
3681,2681
1093,93
8649,7649
5046,4046
9322,8322
5065,4065
7147,6147
9681,8681
6820,5820
7855,6855
6009,5009
5076,4076
2028,1028
1114,114
8788,7788
1404,404
2157,1157
9269,8269
4568,3568
9019,8019
4679,3679
7333,6333
7185,6185
2726,1726
7991,6991
9315,8315
1670,670
10823,9823
2278,1278
2894,1894
8373,7373
2981,1981
4889,3889
4669,3669
9052,8052
7180,6180
1537,537
8092,7092
3493,2493
9510,8510
10751,9751
3636,2636
1911,911
6216,5216
7078,6078
6305,5305
5364,4364
10985,9985
7361,6361
7765,6765
8989,7989
10578,9578
7588,6588
4622,3622
9349,8349
5834,4834
3280,2280
3962,2962
3449,2449
5124,4124
2168,1168
9040,8040
10982,9982
5909,4909
10662,9662
10679,9679
10222,9222
10429,9429
4308,3308
10129,9129
9047,8047
3017,2017
7037,6037
1102,102
1154,154
7947,6947
8046,7046
5694,4694
5790,4790
3026,2026
7858,6858
10196,9196
2237,1237
3150,2150
8310,7310
2903,1903
8539,7539
10926,9926
4163,3163
2291,1291
8460,7460
10829,9829
9972,8972
9897,8897
5706,4706
1857,857
10311,9311
5815,4815
8364,7364
5906,4906
5014,4014
3967,2967
2145,1145
5433,4433
7561,6561
8802,7802
1663,663
9944,8944
1298,298
10762,9762
1719,719
8051,7051
1649,649
5356,4356
6374,5374
10490,9490
1432,432
6308,5308
5168,4168
2142,1142
9017,8017
9571,8571
9263,8263
3112,2112
5176,4176
4834,3834
9618,8618
4145,3145
5336,4336
5555,4555
1205,205
4407,3407
4611,3611
7750,6750
8168,7168
6899,5899
3670,2670
1118,118
6280,5280
5480,4480
7929,6929
8731,7731
6239,5239
4254,3254
8465,7465
7064,6064
1681,681
2515,1515
1913,913
9049,8049
9606,8606
4593,3593
6362,5362
9204,8204
6864,5864
9255,8255
4906,3906
9092,8092
5613,4613
3573,2573
6218,5218
7671,6671
6686,5686
7669,6669
4556,3556
7798,6798
10301,9301
6184,5184
8936,7936
7530,6530
7705,6705
5831,4831
9160,8160
10604,9604
9928,8928
2781,1781
1368,368
7598,6598
4238,3238
7324,6324
1335,335
4260,3260
9560,8560
8335,7335
6435,5435
1270,270
3466,2466
2701,1701
9292,8292
9481,8481
2207,1207
2604,1604
6861,5861
2979,1979
1642,642
2202,1202
1304,304
3791,2791
2706,1706
4212,3212
9352,8352
4636,3636
4827,3827
10160,9160
2807,1807
2371,1371
9154,8154
9931,8931
8660,7660
3085,2085
10334,9334
2485,1485
2436,1436
6155,5155
4311,3311
2759,1759
6706,5706
2388,1388
3372,2372
1603,603
2542,1542
4379,3379
5820,4820
9025,8025
7951,6951
2315,1315
8343,7343
3916,2916
3264,2264
1851,851
6228,5228
6219,5219
8762,7762
7558,6558
4266,3266
10049,9049
6717,5717
9211,8211
7570,6570
8935,7935
9106,8106
9876,8876
10406,9406
9052,8052
7821,6821
4699,3699
3830,2830
6001,5001
4990,3990
3618,2618
7347,6347
9184,8184
10837,9837
3610,2610
10922,9922
1479,479
7355,6355
3412,2412
2087,1087
2889,1889
7100,6100
8339,7339
10300,9300
10955,9955
4122,3122
8420,7420
9850,8850
2520,1520
7238,6238
7976,6976
3551,2551
9410,8410
6473,5473
9394,8394
1989,989
4969,3969
1738,738
5603,4603
1708,708
3722,2722
8673,7673
6712,5712
8177,7177
3246,2246
5040,4040
5161,4161
5934,4934
3694,2694
8051,7051
5731,4731
1189,189
5687,4687
9950,8950
9546,8546
5060,4060
8454,7454
2203,1203
5756,4756
5402,4402
10711,9711
10137,9137
7168,6168
5834,4834
8430,7430
9867,8867
7277,6277
3223,2223
9462,8462
2925,1925
9543,8543
5991,4991
9266,8266
8909,7909
1893,893
9014,8014
2743,1743
1368,368
4031,3031
4382,3382
10554,9554
10313,9313
7368,6368
4253,3253
6069,5069
3560,2560
10204,9204
4387,3387
4527,3527
3028,2028
1384,384
10423,9423
8206,7206
2970,1970
1761,761
2351,1351
8108,7108
3438,2438
4535,3535
7406,6406
1404,404
4404,3404
8338,7338
1502,502
2643,1643
8729,7729
6044,5044
10737,9737
8561,7561
1835,835
8797,7797
4895,3895
5400,4400
10174,9174
9797,8797
2362,1362
2579,1579
10493,9493
10613,9613
10124,9124
8267,7267
7221,6221
2775,1775
1085,85
3657,2657
7175,6175
1492,492
8027,7027
9110,8110
10069,9069
5345,4345
8658,7658
8307,7307
6583,5583
2350,1350
10820,9820
9517,8517
9279,8279
6258,5258
4796,3796
2941,1941
10924,9924
3737,2737
2769,1769
6508,5508
8420,7420
9356,8356
6886,5886
10452,9452
6850,5850
8710,7710
5706,4706
2225,1225
9420,8420
7781,6781
4345,3345
10950,9950
6261,5261
6857,5857
3654,2654
3021,2021
3878,2878
6148,5148
5273,4273
4931,3931
7215,6215
3102,2102
9815,8815
5855,4855
1382,382
4875,3875
9398,8398
4218,3218
9842,8842
8276,7276
4542,3542
5047,4047
4004,3004
3985,2985
4972,3972
8817,7817
6605,5605
4228,3228
4011,3011
5061,4061
3158,2158
5014,4014
1677,677
2434,1434
8252,7252
6224,5224
10138,9138
10974,9974
4099,3099
6222,5222
1183,183
3650,2650
10285,9285
5677,4677
8831,7831
8821,7821
6287,5287
1639,639
10029,9029
9775,8775
4333,3333
4256,3256
6729,5729
8915,7915
9134,8134
3020,2020
3001,2001
2672,1672
4835,3835
5062,4062
7144,6144
10096,9096
8639,7639
4053,3053
9546,8546
2935,1935
2953,1953
2230,1230
5708,4708
2327,1327
10550,9550
3023,2023
3160,2160
1372,372
3259,2259
6696,5696
6845,5845
1814,814
6545,5545
4800,3800
3509,2509
5950,4950
9383,8383
9116,8116
3662,2662
9605,8605
8239,7239
4927,3927
2718,1718
6816,5816
1905,905
4085,3085
8274,7274
2020,1020
10318,9318
10779,9779
9944,8944
10956,9956
9874,8874
5263,4263
7959,6959
5138,4138
1384,384
1897,897
6634,5634
4858,3858
10791,9791
2784,1784
4024,3024
1675,675
9054,8054
3606,2606
9182,8182
4008,3008
2186,1186
9900,8900
1546,546
10411,9411
8891,7891
9999,8999
4146,3146
4785,3785
4847,3847
5065,4065
5589,4589
9828,8828
4595,3595
3190,2190
6260,5260
8831,7831
3552,2552
2552,1552
4519,3519
1528,528
9910,8910
4035,3035
5326,4326
5597,4597
4329,3329
3621,2621
2879,1879
9894,8894
8904,7904
10944,9944
1705,705
9851,8851
4219,3219
2026,1026
9341,8341
1767,767
2277,1277
4994,3994
8186,7186
2218,1218
8432,7432
10818,9818
3703,2703
9192,8192
9206,8206
1109,109
7037,6037
10926,9926
4312,3312
8555,7555
5203,4203
2267,1267
7773,6773
10537,9537
1659,659
8956,7956
9652,8652
7521,6521
9563,8563
9054,8054
5337,4337
2721,1721
9918,8918
9722,8722
3448,2448
1584,584
5516,4516
5294,4294
10553,9553
6490,5490
9446,8446
2630,1630
7552,6552
9744,8744
4608,3608
3800,2800
4335,3335
8887,7887
10991,9991
9084,8084
2261,1261
9730,8730
5336,4336
9032,8032
4353,3353
7767,6767
7930,6930
7979,6979
8911,7911
9032,8032
8335,7335
1112,112
6835,5835
7245,6245
3288,2288
10282,9282
4498,3498
7086,6086
6387,5387
5032,4032
4553,3553
7439,6439
4933,3933
5728,4728
1820,820
10551,9551
3370,2370
7321,6321
5849,4849
3737,2737
10120,9120
1765,765
8675,7675
5974,4974
9201,8201
6052,5052
3669,2669
10094,9094
4167,3167
6041,5041
5263,4263
6678,5678
2339,1339
7114,6114
2933,1933
4242,3242
2597,1597
2362,1362
1903,903
4548,3548
9825,8825
8268,7268
2778,1778
4473,3473
1525,525
5547,4547
1751,751
9075,8075
10859,9859
10571,9571
2152,1152
10189,9189
1474,474
10874,9874
4597,3597
5287,4287
3722,2722
5481,4481
3272,2272
6408,5408
8933,7933
3474,2474
10425,9425
1551,551
3544,2544
7986,6986
1539,539
1869,869
8257,7257
1865,865
8989,7989
2594,1594
1766,766
9667,8667
2699,1699
9451,8451
5577,4577
4932,3932
4060,3060
1614,614
5119,4119
5851,4851
2308,1308
1536,536
8173,7173
2795,1795
5263,4263
4632,3632
6653,5653
1399,399
10594,9594
5241,4241
6135,5135
8633,7633
7071,6071
4144,3144
10505,9505
7174,6174
2704,1704
10617,9617
1194,194
7001,6001
7682,6682
9309,8309
7080,6080
9449,8449
2141,1141
7815,6815
1128,128
1548,548
6617,5617
7781,6781
10109,9109
1743,743
2974,1974
3302,2302
10582,9582
10327,9327
9536,8536
1403,403
1306,306
7378,6378
9623,8623
4508,3508
2510,1510
3433,2433
4331,3331
9002,8002
6204,5204
5160,4160
8666,7666
6901,5901
2516,1516
10073,9073
3120,2120
1571,571
1726,726
96952
115758
111230
141540
121334
95916
98332
129480
117472
130895
102611
141683
138816
133862
138049
107092
123731
129440
119967
104039
107826
115604
105265
121618
139560
100562
99638
109909
100772
128434
110976
120378
104912
134499
119960
119098
134630
119121
120046
142265
102731
139001
123109
125219
136400
118804
120891
135032
100102
116594
103801
96215
125456
126622
108033
132038
131704
112108
115505
134134
105494
102158
134130
126443
114924
140490
131843
107311
133131
119497
133326
103729
125130
135135
130924
106019
112097
112825
108454
98395
132096
132095
137264
102553
127897
103603
135086
136149
132650
118415
112613
140182
140386
106816
131562
99214
122899
113341
97510
106210
137359
119840
106752
133066
135952
114420
123500
118120
103565
137258
117086
112537
99188
135321
134819
117850
128701
135492
98409
127495
100145
129910
118417
132962
113664
121312
131010
126277
123009
139856
124725
115622
97626
116907
140902
141751
133860
133527
139923
131332
130194
98804
115375
125889
119913
118209
139858
99188
138116
108332
108615
117612
133469
115126
142280
96655
96129
139496
135425
131352
131770
104143
98842
128457
135435
140614
115495
115828
98670
98187
114406
100316
127625
138138
137196
114052
122725
113665
111988
139026
132833
106320
121328
96474
132728
108902
137863
141662
119354
118428
119714
96627
103542
121619
108801
134994
134369
138023
124033
124956
