214,601
595,949
235,628
612,960
583,941
926,1125
401,801
233,625
582,941
598,951
823,1078
276,676
698,1013
364,767
202,584
912,1119
877,1104
396,797
973,1145
26,215
461,852
49,294
594,949
526,902
526,902
867,1099
906,1117
464,854
853,1093
463,854
512,891
853,1093
877,1104
535,908
172,541
284,685
177,549
530,905
80,374
362,766
110,437
945,1133
661,991
234,626
637,976
167,534
410,809
684,1005
545,915
41,269
929,1127
603,955
536,909
894,1111
876,1103
669,996
595,949
947,1134
548,917
57,317
725,1028
586,943
522,899
773,1053
496,879
322,726
387,789
25,211
199,580
108,433
913,1120
606,957
645,981
114,444
764,1049
76,365
723,1027
589,945
128,470
299,702
209,594
946,1134
734,1033
435,831
911,1119
62,330
759,1046
641,979
482,869
579,939
593,948
667,995
829,1081
275,675
842,1088
29,227
742,1037
275,675
110,437
252,648
762,1048
558,924
127,468
784,1059
999,1155
57,317
803,1069
849,1091
659,990
863,1097
215,602
667,995
738,1035
348,752
395,796
399,800
503,885
143,496
943,1132
496,879
713,1021
551,920
479,866
129,472
946,1134
991,1152
65,338
373,776
706,1017
602,954
306,709
527,902
870,1101
514,893
651,985
887,1108
956,1138
278,679
478,866
989,1151
655,987
930,1127
997,1154
531,905
518,896
687,1006
219,607
295,697
487,872
971,1144
490,875
711,1020
97,411
464,854
901,1114
811,1073
191,569
938,1130
47,288
921,1123
293,695
935,1129
582,941
591,947
154,514
914,1120
505,886
117,450
366,769
982,1148
115,446
390,792
885,1107
851,1092
239,633
680,1002
195,575
92,400
979,1147
689,1007
751,1042
535,908
545,915
183,558
102,421
43,275
274,674
946,1134
172,541
453,846
287,689
980,1147
159,521
438,833
804,1069
225,615
640,978
933,1128
107,431
111,439
1,43
135,482
11,140
227,617
983,1149
993,1152
882,1106
434,830
782,1058
440,835
266,665
205,589
578,938
509,889
711,1020
857,1095
703,1015
73,357
309,712
381,783
321,725
739,1035
58,319
865,1098
747,1040
713,1021
127,468
106,429
555,922
95,407
966,1142
691,1009
475,863
947,1134
674,999
589,945
77,367
763,1048
429,826
612,960
630,972
80,374
418,816
98,413
628,971
352,756
34,245
773,1053
631,973
916,1121
784,1059
319,723
133,479
794,1064
777,1055
494,878
339,743
977,1146
341,745
807,1071
773,1053
775,1054
530,905
688,1007
274,674
897,1113
711,1020
981,1148
492,876
872,1102
793,1064
610,959
159,521
512,891
923,1124
46,285
999,1155
33,242
844,1089
680,1002
783,1059
105,427
442,837
46,285
276,676
665,993
983,1149
622,967
137,485
725,1028
84,383
769,1051
350,754
356,760
986,1150
907,1117
26,215
776,1055
884,1107
766,1050
974,1145
316,720
132,477
42,272
243,637
132,477
20,189
87,389
380,782
862,1097
752,1042
334,738
773,1053
355,759
223,612
687,1006
723,1027
41,269
698,1013
739,1035
96,409
862,1097
299,702
322,726
411,810
394,795
304,707
959,1139
325,729
224,614
411,810
431,827
961,1140
458,850
544,915
87,389
645,981
999,1155
847,1090
351,755
906,1117
449,842
84,383
10,134
78,369
203,586
912,1119
763,1048
853,1093
216,603
671,997
525,901
211,597
882,1106
909,1118
845,1089
114,444
61,327
523,900
54,308
44,279
448,841
137,485
109,435
318,722
122,459
71,353
357,761
6,104
386,788
548,917
68,345
353,757
55,311
889,1109
517,895
709,1019
338,742
120,455
563,928
449,842
386,788
189,566
157,518
370,773
31,234
746,1039
344,748
776,1055
340,744
476,864
731,1031
315,719
290,692
738,1035
733,1032
659,990
511,891
917,1121
318,722
951,1136
882,1106
691,1009
9,127
81,376
859,1096
308,711
693,1010
489,874
93,402
416,815
92,400
448,841
384,786
785,1060
301,704
539,911
74,360
908,1118
324,728
249,645
899,1114
924,1124
168,535
956,1138
414,813
932,1128
405,805
240,634
396,797
113,442
976,1146
727,1029
649,984
266,665
87,389
573,935
748,1040
397,798
743,1038
553,921
97,411
770,1052
905,1116
97,411
144,497
816,1075
252,648
805,1070
64,335
90,396
386,788
983,1149
356,760
663,992
882,1106
625,969
168,535
686,1006
838,1086
433,829
658,989
314,718
985,1149
991,1152
748,1040
838,1086
648,983
648,983
774,1054
680,1002
520,897
527,902
773,1053
599,952
713,1021
970,1143
862,1097
855,1094
404,804
358,762
435,831
433,829
311,715
708,1018
729,1030
916,1121
301,704
175,546
76,365
734,1033
210,595
807,1071
585,943
802,1068
522,899
592,947
716,1023
834,1084
134,480
526,902
569,932
77,367
5,95
511,891
585,943
262,660
351,755
352,756
244,639
476,864
881,1106
739,1035
170,538
926,1125
700,1014
662,992
252,648
665,993
117,450
67,343
221,610
175,546
858,1095
17,174
134,480
9,127
486,872
340,744
359,763
568,931
387,789
131,475
497,880
552,920
467,857
401,801
176,547
918,1122
207,591
466,856
258,656
904,1116
556,923
6,104
556,923
690,1008
241,635
495,879
245,640
385,787
677,1000
620,966
351,755
692,1009
1,43
783,1059
439,834
210,595
788,1061
386,788
233,625
850,1091
858,1095
171,540
435,831
126,466
515,894
123,461
642,979
691,1009
185,561
395,796
723,1027
462,853
281,682
121,457
193,572
151,509
590,946
648,983
65,338
220,608
473,862
415,814
502,884
34,245
63,333
969,1143
443,837
701,1014
169,537
83,381
212,598
645,981
955,1137
137,485
461,852
973,1145
369,772
236,629
708,1018
226,616
331,735
855,1094
191,569
625,969
110,437
34,245
879,1105
611,960
430,826
628,971
658,989
34,245
666,994
960,1139
900,1114
830,1082
961,1140
127,468
407,807
127,468
899,1114
273,673
183,558
259,657
721,1026
893,1111
60,325
587,944
401,801
921,1123
950,1135
911,1119
989,1151
571,933
829,1081
975,1145
299,702
891,1110
178,550
21,193
724,1027
597,951
785,1060
769,1051
350,754
461,852
722,1026
572,934
756,1045
729,1030
211,597
422,820
733,1032
549,918
298,701
986,1150
634,974
238,631
651,985
8,120
423,821
678,1001
862,1097
347,751
814,1074
670,996
181,555
283,684
412,811
640,978
338,742
258,656
242,636
117,450
345,749
465,855
953,1137
158,520
252,648
168,535
139,489
681,1003
576,937
35,249
993,1152
247,642
625,969
509,889
170,538
385,787
360,764
891,1110
405,805
746,1039
900,1114
432,828
761,1047
679,1002
82,378
776,1055
855,1094
603,955
188,565
253,650
28,223
644,981
52,303
884,1107
747,1040
151,509
355,759
297,700
780,1057
119,454
311,715
162,526
906,1117
951,1136
552,920
462,853
945,1133
881,1106
277,678
852,1092
376,779
784,1059
104,425
296,699
632,973
829,1081
497,880
30,231
19,184
939,1131
297,700
275,675
708,1018
513,892
299,702
661,991
636,976
149,505
356,760
761,1047
605,956
995,1153
319,723
393,794
724,1027
90,396
928,1126
81,376
272,672
282,683
550,919
440,835
364,767
117,450
428,825
238,631
276,676
500,882
206,590
505,886
95,407
456,848
525,901
659,990
987,1150
47,288
382,784
37,256
794,1064
987,1150
977,1146
326,730
147,502
554,922
943,1132
275,675
670,996
324,728
70,350
211,597
676,1000
586,943
559,925
435,831
118,452
159,521
341,745
167,534
346,750
311,715
656,988
465,855
520,897
275,675
496,879
936,1129
208,593
320,724
590,946
959,1139
553,921
954,1137
411,810
403,803
253,650
200,582
700,1014
691,1009
37,256
996,1154
272,672
761,1047
267,666
750,1041
205,589
101,419
87,389
102,421
929,1127
84,383
13,152
92,400
841,1087
303,706
957,1138
852,1092
512,891
691,1009
405,805
304,707
489,874
125,464
601,953
462,853
148,504
231,623
119,454
947,1134
175,546
687,1006
443,837
360,764
891,1110
290,692
131,475
942,1132
682,1003
190,568
850,1091
389,791
550,919
173,543
518,896
856,1094
746,1039
288,690
39,263
146,501
775,1054
370,773
417,815
81,376
18,179
149,505
598,951
266,665
298,701
40,266
70,350
555,922
999,1155
800,1067
783,1059
622,967
957,1138
277,678
609,959
462,853
823,1078
689,1007
816,1075
122,459
402,802
297,700
105,427
626,969
109,435
28,223
616,963
623,967
356,760
303,706
609,959
429,826
230,621
966,1142
965,1141
176,547
156,517
67,343
885,1107
305,708
55,311
223,612
217,605
430,826
911,1119
264,663
753,1043
937,1130
701,1014
118,452
542,913
704,1016
36,252
760,1047
294,696
797,1066
426,823
950,1135
517,895
947,1134
200,582
619,965
396,797
28,223
893,1111
962,1140
685,1005
646,982
440,835
292,694
660,990
623,967
566,930
268,667
279,680
411,810
486,872
41,269
515,894
42,272
200,582
707,1018
894,1111
507,888
70,350
15,163
21,193
707,1018
703,1015
452,845
245,640
226,616
507,888
821,1078
623,967
231,623
260,658
414,813
935,1129
852,1092
235,628
9,127
749,1041
235,628
749,1041
438,833
782,1058
592,947
150,507
255,652
957,1138
83,381
885,1107
920,1123
592,947
85,385
623,967
918,1122
98,413
166,532
308,711
820,1077
531,905
937,1130
48,291
895,1112
237,630
636,976
356,760
8,120
518,896
18,179
873,1102
188,565
307,710
142,494
745,1039
815,1075
333,737
252,648
629,971
305,708
708,1018
919,1122
821,1078
991,1152
149,505
729,1030
565,929
448,841
561,926
989,1151
779,1057
620,966
283,684
798,1066
349,753
251,647
681,1003
522,899
205,589
717,1023
396,797
130,473
49,294
832,1083
478,866
672,997
612,960
181,555
583,941
96,409
73,357
611,960
232,624
87,389
795,1065
125,464
589,945
891,1110
108,433
234,626
775,1054
642,979
721,1026
194,573
432,828
734,1033
414,813
807,1071
545,915
384,786
249,645
440,835
60,325
285,686
845,1089
179,552
599,952
356,760
976,1146
640,978
456,848
268,667
113,442
143,496
583,941
981,1148
1000,1155
461,852
837,1085
325,729
552,920
124,463
724,1027
467,857
406,806
103,423
49,294
823,1078
781,1058
583,941
820,1077
348,752
17,174
858,1095
628,971
515,894
188,565
490,875
242,636
949,1135
893,1111
714,1022
894,1111
25,211
38,259
998,1154
216,603
325,729
381,783
845,1089
988,1151
537,910
723,1027
851,1092
935,1129
714,1022
423,821
56,314
777,1055
612,960
286,688
590,946
304,707
382,784
606,957
150,507
256,653
422,820
915,1121
408,808
189,566
651,985
216,603
583,941
980,1147
398,799
713,1021
161,525
852,1092
265,664
633,974
485,871
549,918
774,1054
536,909
505,886
505,886
327,731
810,1072
554,922
806,1070
691,1009
312,716
549,918
771,1052
206,590
199,580
500,882
309,712
519,897
814,1074
754,1043
80,374
543,914
835,1084
249,645
766,1050
201,583
473,862
565,929
474,862
43,275
554,922
744,1038
440,835
606,957
218,606
340,744
461,852
960,1139
766,1050
336,740
695,1011
761,1047
933,1128
853,1093
912,1119
817,1076
156,517
174,544
884,1107
396,797
90,396
98,413
728,1029
88,392
849,1091
595,949
384,786
80,374
943,1132
506,887
108,433
857,1095
1000,1155
261,659
550,919
392,793
224,614
123,461
498,881
202,584
248,644
675,999
653,986
158,520
373,776
268,667
668,995
172,541
76,365
217,605
666,994
793,1064
336,740
30,231
493,877
428,825
186,562
602,954
724,1027
780,1057
484,870
580,939
66,340
682,1003
818,1076
660,990
686,1006
236,629
763,1048
224,614
580,939
930,1127
209,594
400,800
329,733
959,1139
965,1141
225,615
204,587
741,1037
851,1092
234,626
733,1032
666,994
8,120
731,1031
998,1154
309,712
939,1131
393,794
369,772
829,1081
922,1124
682,1003
485,871
240,634
644,981
131,475
37,256
731,1031
716,1023
686,1006
210,595
487,872
777,1055
508,888
806,1070
23,202
862,1097
222,611
422,820
52,303
383,785
125,464
149,505
401,801
248,644
56,314
481,868
488,873
24,206
124,463
218,606
260,658
307,710
519,897
636,976
393,794
413,812
961,1140
815,1075
295,697
914,1120
161,525
863,1097
911,1119
448,841
819,1077
135,482
770,1052
348,752
101,419
607,957
635,975
971,1144
542,913
628,971
943,1132
540,912
888,1109
353,757
86,387
804,1069
979,1147
496,879
983,1149
196,576
711,1020
687,1006
821,1078
235,628
976,1146
575,936
516,894
933,1128
828,1081
7,112
447,841
737,1034
995,1153
578,938
104,425
543,914
172,541
8,120
881,1106
642,979
987,1150
610,959
193,572
438,833
157,518
118,452
43,275
211,597
130,473
544,915
329,733
256,653
52,303
216,603
722,1026
788,1061
732,1032
974,1145
407,807
104,425
464,854
341,745
447,841
454,846
988,1151
521,898
419,817
683,1004
24,206
45,282
598,951
361,765
175,546
832,1083
965,1141
215,602
870,1101
756,1045
877,1104
989,1151
444,838
380,782
198,579
174,544
313,717
528,903
862,1097
169,537
724,1027
309,712
597,951
589,945
613,961
70,350
845,1089
116,448
87,389
858,1095
475,863
685,1005
272,672
833,1083
441,836
223,612
538,910
790,1062
311,715
176,547
788,1061
56,314
556,923
18,179
847,1090
550,919
430,826
803,1069
930,1127
299,702
976,1146
658,989
286,688
954,1137
590,946
602,954
178,550
845,1089
272,672
198,579
791,1063
453,846
630,972
891,1110
230,621
869,1100
314,718
520,897
507,888
206,590
587,944
189,566
337,741
639,977
636,976
998,1154
560,926
48,291
585,943
51,300
63,333
794,1064
945,1133
6,104
357,761
914,1120
434,830
568,931
607,957
305,708
474,862
376,779
888,1109
92,400
158,520
450,843
712,1021
587,944
126,466
357,761
949,1135
527,902
847,1090
783,1059
646,982
678,1001
496,879
2,60
383,785
296,699
962,1140
435,831
982,1148
81,376
491,876
861,1096
244,639
691,1009
67,343
442,837
793,1064
7,112
602,954
808,1071
801,1068
577,937
432,828
83,381
444,838
8,120
295,697
1000,1155
135,482
188,565
193,572
655,987
999,1155
880,1105
987,1150
504,885
778,1056
182,556
592,947
575,936
717,1023
161,525
904,1116
211,597
393,794
290,692
768,1051
425,822
302,705
879,1105
424,821
610,959
456,848
691,1009
920,1123
799,1067
669,996
61,327
377,780
202,584
680,1002
129,472
829,1081
375,778
375,778
309,712
775,1054
106,429
56,314
270,670
643,980
63,333
376,779
264,663
973,1145
759,1046
628,971
632,973
570,933
767,1050
621,966
762,1048
183,558
292,694
620,966
350,754
77,367
81,376
281,682
750,1041
895,1112
806,1070
700,1014
813,1074
49,294
656,988
15,163
396,797
964,1141
349,753
582,941
762,1048
284,685
376,779
657,989
183,558
491,876
555,922
915,1121
627,970
250,646
212,598
637,976
54,308
660,990
258,656
335,739
267,666
543,914
878,1104
784,1059
346,750
43,275
181,555
105,427
993,1152
447,841
55,311
239,633
970,1143
103,423
613,961
422,820
599,952
559,925
761,1047
602,954
90,396
180,553
224,614
791,1063
68,345
526,902
641,979
350,754
497,880
249,645
14,158
845,1089
280,681
893,1111
580,939
937,1130
926,1125
421,819
790,1062
535,908
214,601
375,778
239,633
933,1128
487,872
953,1137
979,1147
388,790
435,831
594,949
382,784
266,665
463,854
839,1086
74,360
302,705
417,815
940,1131
198,579
990,1151
511,891
477,865
422,820
421,819
178,550
146,501
5,95
71,353
697,1012
129,472
653,986
580,939
361,765
505,886
775,1054
539,911
968,1143
46,285
837,1085
923,1124
355,759
971,1144
969,1143
620,966
253,650
184,559
902,1115
60,325
215,602
341,745
435,831
252,648
606,957
814,1074
11,140
419,817
22,198
330,734
364,767
975,1145
630,972
667,995
833,1083
285,686
152,510
141,492
79,372
843,1088
126,466
90,396
338,742
91,398
167,534
490,875
627,970
459,850
554,922
602,954
159,521
859,1096
44,279
281,682
790,1062
475,863
51,300
61,327
43,275
126,466
524,900
685,1005
527,902
707,1018
797,1066
752,1042
446,840
262,660
779,1057
180,553
194,573
109,435
258,656
521,898
56,314
355,759
638,977
156,517
671,997
301,704
976,1146
572,934
962,1140
258,656
723,1027
414,813
352,756
287,689
972,1144
488,873
50,297
159,521
426,823
959,1139
510,890
205,589
539,911
280,681
342,746
522,899
762,1048
856,1094
821,1078
873,1102
336,740
842,1088
202,584
925,1125
353,757
401,801
996,1154
908,1118
839,1086
561,926
391,792
439,834
92,400
406,806
532,906
468,858
310,714
997,1154
674,999
198,579
891,1110
466,856
445,839
838,1086
534,907
669,996
430,826
94,404
140,491
380,782
866,1099
153,512
742,1037
728,1029
370,773
993,1152
888,1109
634,974
426,823
907,1117
526,902
412,811
638,977
103,423
71,353
353,757
952,1136
873,1102
577,937
909,1118
450,843
759,1046
214,601
643,980
910,1118
83,381
900,1114
691,1009
542,913
777,1055
421,819
320,724
952,1136
612,960
400,800
948,1134
136,484
368,771
752,1042
833,1083
656,988
146,501
314,718
920,1123
907,1117
491,876
288,690
927,1126
624,968
235,628
944,1133
956,1138
363,767
30,231
541,912
727,1029
509,889
580,939
750,1041
33,242
77,367
287,689
580,939
987,1150
980,1147
210,595
946,1134
345,749
405,805
978,1147
515,894
188,565
577,937
714,1022
24,206
341,745
526,902
569,932
835,1084
61,327
133,479
265,664
78,369
98,413
611,960
418,816
444,838
460,851
781,1058
534,907
654,987
825,1079
305,708
725,1028
543,914
315,719
582,941
121,457
838,1086
873,1102
373,776
583,941
105,427
938,1130
764,1049
567,931
329,733
339,743
733,1032
604,955
182,556
127,468
536,909
454,846
844,1089
287,689
123,461
114,444
510,890
783,1059
694,1010
988,1151
901,1114
785,1060
733,1032
53,305
596,950
956,1138
179,552
902,1115
76,365
667,995
455,847
269,668
755,1044
725,1028
208,593
692,1009
243,637
283,684
104,425
228,619
95,407
293,695
333,737
133,479
338,742
57,317
393,794
766,1050
26,215
249,645
495,879
976,1146
852,1092
246,641
171,540
511,891
605,956
4,85
850,1091
905,1116
294,696
816,1075
943,1132
907,1117
747,1040
277,678
734,1033
580,939
696,1011
418,816
399,800
159,521
44,279
255,652
604,955
420,818
641,979
931,1127
430,826
858,1095
862,1097
850,1091
866,1099
672,997
56,314
267,666
776,1055
342,746
824,1079
259,657
502,884
545,915
704,1016
391,792
505,886
775,1054
324,728
698,1013
998,1154
55,311
920,1123
965,1141
476,864
106,429
210,595
719,1024
793,1064
616,963
305,708
725,1028
608,958
914,1120
181,555
322,726
427,824
504,885
742,1037
551,920
461,852
751,1042
569,932
251,647
553,921
759,1046
195,575
342,746
687,1006
952,1136
941,1132
229,620
241,635
809,1072
533,907
197,578
917,1121
296,699
111,439
715,1022
34,245
18,179
497,880
533,907
985,1149
6,104
555,922
244,639
631,973
865,1098
222,611
711,1020
68,345
948,1134
378,781
281,682
94,404
170,538
103,423
659,990
557,924
722,1026
783,1059
941,1132
528,903
590,946
134,480
892,1111
378,781
695,1011
880,1105
59,322
986,1150
171,540
626,969
117,450
615,962
462,853
151,509
337,741
345,749
13,152
384,786
235,628
361,765
516,894
950,1135
206,590
350,754
630,972
720,1025
930,1127
643,980
746,1039
720,1025
1000,1155
977,1146
343,747
925,1125
112,440
934,1129
233,625
844,1089
214,601
112,440
959,1139
566,930
560,926
100,417
65,338
799,1067
834,1084
629,971
663,992
793,1064
665,993
54,308
447,841
684,1005
942,1132
277,678
504,885
573,935
447,841
86,387
896,1112
974,1145
467,857
444,838
22,198
483,869
960,1139
777,1055
367,770
407,807
4,85
289,691
858,1095
985,1149
555,922
800,1067
95,407
898,1113
666,994
209,594
637,976
91,398
577,937
21,193
655,987
398,799
210,595
788,1061
794,1064
39,263
184,559
153,512
233,625
413,812
507,888
188,565
396,797
507,888
764,1049
452,845
288,690
294,696
662,992
288,690
696,1011
656,988
129,472
492,876
722,1026
659,990
537,910
218,606
513,892
814,1074
487,872
390,792
546,916
5,95
837,1085
141,492
283,684
417,815
544,915
868,1100
885,1107
750,1041
886,1108
791,1063
228,619
831,1082
807,1071
699,1013
711,1020
302,705
808,1071
945,1133
585,943
914,1120
685,1005
1,43
721,1026
812,1073
984,1149
861,1096
554,922
87,389
424,821
387,789
449,842
27,219
502,884
532,906
655,987
236,629
950,1135
478,866
343,747
677,1000
787,1061
850,1091
937,1130
508,888
76,365
388,790
238,631
389,791
245,640
354,758
699,1013
154,514
659,990
13,152
575,936
799,1067
679,1002
565,929
659,990
352,756
486,872
952,1136
612,960
533,907
283,684
540,912
91,398
724,1027
972,1144
671,997
864,1098
804,1069
243,637
116,448
680,1002
862,1097
481,868
568,931
544,915
634,974
373,776
248,644
13,152
21,193
125,464
811,1073
34,245
272,672
329,733
768,1051
47,288
183,558
925,1125
544,915
836,1085
611,960
336,740
610,959
112,440
14,158
141,492
1000,1155
314,718
236,629
149,505
942,1132
679,1002
39,263
644,981
963,1141
675,999
444,838
355,759
503,885
159,521
573,935
206,590
112,440
708,1018
281,682
305,708
203,586
871,1101
827,1080
718,1024
834,1084
69,348
788,1061
190,568
909,1118
512,891
460,851
834,1084
976,1146
504,885
847,1090
182,556
702,1015
184,559
818,1076
732,1032
570,933
463,854
228,619
167,534
108,433
144,497
582,941
498,881
785,1060
80,374
407,807
310,714
999,1155
677,1000
342,746
580,939
154,514
509,889
875,1103
426,823
168,535
596,950
43,275
34,245
823,1078
252,648
617,964
822,1078
990,1151
673,998
936,1129
697,1012
492,876
84,383
929,1127
653,986
844,1089
322,726
469,858
122,459
441,836
68,345
57,317
230,621
557,924
516,894
623,967
619,965
633,974
696,1011
440,835
16,169
87,389
799,1067
152,510
767,1050
484,870
453,846
466,856
795,1065
94,404
468,858
576,937
184,559
104,425
145,499
852,1092
568,931
409,808
587,944
500,882
247,642
997,1154
976,1146
361,765
770,1052
304,707
329,733
690,1008
264,663
406,806
269,668
746,1039
272,672
157,518
30,231
938,1130
355,759
900,1114
39,263
81,376
323,727
572,934
86,387
49,294
81,376
680,1002
443,837
359,763
350,754
434,830
716,1023
702,1015
489,874
294,696
718,1024
228,619
323,727
942,1132
87,389
87,389
401,801
541,912
224,614
607,957
598,951
273,673
40,266
995,1153
144,497
496,879
244,639
907,1117
667,995
34,245
884,1107
784,1059
721,1026
329,733
677,1000
824,1079
628,971
424,821
84,383
591,947
132,477
925,1125
760,1047
963,1141
610,959
465,855
540,912
613,961
908,1118
446,840
631,973
698,1013
633,974
18,179
242,636
929,1127
318,722
662,992
867,1099
260,658
740,1036
698,1013
885,1107
246,641
612,960
344,748
574,935
509,889
511,891
766,1050
961,1140
753,1043
198,579
720,1025
922,1124
803,1069
809,1072
320,724
855,1094
761,1047
812,1073
152,510
282,683
905,1116
322,726
717,1023
543,914
571,933
526,902
242,636
118,452
512,891
914,1120
245,640
246,641
350,754
85,385
442,837
133,479
739,1035
421,819
88,392
383,785
377,780
847,1090
85,385
181,555
998,1154
849,1091
583,941
368,771
465,855
947,1134
534,907
164,529
852,1092
813,1074
275,675
675,999
679,1002
827,1080
393,794
918,1122
111,439
480,867
372,775
363,767
681,1003
287,689
505,886
991,1152
481,868
296,699
469,858
947,1134
168,535
406,806
259,657
378,781
562,927
82,378
477,865
793,1064
277,678
210,595
507,888
567,931
679,1002
645,981
259,657
796,1065
327,731
867,1099
112,440
859,1096
337,741
14,158
884,1107
251,647
288,690
578,938
876,1103
877,1104
676,1000
392,793
961,1140
550,919
795,1065
241,635
692,1009
189,566
353,757
713,1021
205,589
109,435
803,1069
594,949
74,360
745,1039
73,357
730,1031
712,1021
811,1073
535,908
439,834
272,672
108,433
130,473
757,1045
717,1023
919,1122
641,979
169,537
685,1005
363,767
228,619
668,995
41,269
473,862
673,998
651,985
299,702
3,74
926,1125
396,797
677,1000
84,383
576,937
397,798
448,841
60,325
334,738
834,1084
412,811
39,263
663,992
507,888
73,357
381,783
648,983
298,701
390,792
89,394
712,1021
892,1111
267,666
744,1038
762,1048
826,1080
386,788
583,941
332,736
489,874
773,1053
39,263
48,291
96,409
11,140
667,995
178,550
995,1153
131,475
482,869
778,1056
946,1134
90,396
863,1097
597,951
409,808
968,1143
780,1057
269,668
241,635
360,764
790,1062
220,608
419,817
959,1139
286,688
328,732
732,1032
794,1064
135,482
499,882
552,920
168,535
50,297
376,779
425,822
687,1006
308,711
320,724
410,809
948,1134
981,1148
648,983
709,1019
331,735
154,514
998,1154
344,748
586,943
366,769
718,1024
204,587
18,179
866,1099
551,920
21,193
985,1149
736,1034
790,1062
719,1024
556,923
838,1086
599,952
94,404
208,593
646,982
429,826
536,909
681,1003
827,1080
549,918
189,566
167,534
364,767
971,1144
453,846
483,869
996,1154
883,1107
676,1000
27,219
899,1114
226,616
758,1046
631,973
300,703
852,1092
742,1037
627,970
852,1092
635,975
338,742
843,1088
3,74
796,1065
729,1030
765,1049
912,1119
533,907
469,858
377,780
141,492
814,1074
266,665
618,964
742,1037
784,1059
296,699
304,707
157,518
144,497
906,1117
782,1058
133,479
780,1057
343,747
204,587
179,552
619,965
565,929
452,845
798,1066
295,697
545,915
370,773
373,776
671,997
63,333
599,952
253,650
6,104
82,378
779,1057
59,322
732,1032
739,1035
982,1148
798,1066
322,726
231,623
55,311
505,886
279,680
596,950
83,381
186,562
418,816
141,492
77,367
414,813
175,546
516,894
658,989
187,563
324,728
796,1065
397,798
189,566
360,764
32,238
547,917
557,924
902,1115
971,1144
385,787
459,850
786,1060
420,818
87,389
531,905
492,876
365,768
302,705
56,314
897,1113
646,982
749,1041
935,1129
516,894
764,1049
18,179
984,1149
221,610
664,993
800,1067
248,644
163,528
32,238
343,747
764,1049
807,1071
340,744
442,837
263,661
889,1109
902,1115
25,211
588,945
89,394
592,947
542,913
761,1047
512,891
216,603
834,1084
685,1005
521,898
465,855
456,848
847,1090
783,1059
820,1077
745,1039
67,343
589,945
371,774
489,874
707,1018
117,450
321,725
94,404
84,383
287,689
698,1013
824,1079
544,915
789,1062
249,645
155,515
900,1114
844,1089
537,910
356,760
648,983
51,300
189,566
779,1057
55,311
966,1142
672,997
316,720
887,1108
504,885
219,607
75,362
716,1023
79,372
538,910
72,355
244,639
767,1050
836,1085
992,1152
336,740
597,951
775,1054
215,602
706,1017
37,256
851,1092
168,535
569,932
158,520
897,1113
960,1139
54,308
285,686
671,997
337,741
197,578
769,1051
659,990
992,1152
971,1144
572,934
749,1041
631,973
829,1081
399,800
99,415
810,1072
359,763
1000,1155
237,630
441,836
23,202
361,765
382,784
841,1087
726,1028
441,836
268,667
918,1122
53,305
369,772
726,1028
928,1126
834,1084
711,1020
495,879
680,1002
837,1085
520,897
673,998
156,517
137,485
224,614
717,1023
450,843
622,967
4,85
812,1073
845,1089
229,620
634,974
492,876
30,231
800,1067
627,970
438,833
764,1049
642,979
596,950
626,969
72,355
640,978
485,871
184,559
68,345
425,822
752,1042
228,619
518,896
707,1018
957,1138
83,381
899,1114
673,998
793,1064
875,1103
355,759
257,654
10,134
4,85
686,1006
371,774
931,1127
379,781
391,792
335,739
242,636
879,1105
651,985
388,790
668,995
882,1106
87,389
673,998
564,929
257,654
10,134
372,775
123,461
143,496
719,1024
780,1057
709,1019
696,1011
768,1051
846,1089
234,626
457,849
907,1117
777,1055
573,935
845,1089
61,327
977,1146
444,838
569,932
363,767
357,761
645,981
790,1062
976,1146
9,127
808,1071
722,1026
781,1058
643,980
931,1127
511,891
140,491
58,319
395,796
568,931
585,943
364,767
516,894
519,897
658,989
505,886
919,1122
40,266
318,722
562,927
131,475
61,327
768,1051
158,520
426,823
745,1039
667,995
645,981
636,976
204,587
356,760
397,798
796,1065
883,1107
33,242
41,269
673,998
972,1144
146,501
355,759
820,1077
693,1010
37,256
325,729
859,1096
373,776
899,1114
159,521
296,699
599,952
208,593
630,972
423,821
482,869
994,1153
596,950
42,272
610,959
325,729
54,308
253,650
968,1143
920,1123
904,1116
96,409
188,565
619,965
130,473
148,504
372,775
946,1134
704,1016
922,1124
880,1105
574,935
265,664
642,979
49,294
809,1072
953,1137
177,549
134,480
147,502
374,777
672,997
530,905
77,367
632,973
533,907
599,952
950,1135
562,927
883,1107
958,1139
998,1154
806,1070
696,1011
366,769
540,912
209,594
13,152
474,862
886,1108
340,744
871,1101
744,1038
348,752
125,464
910,1118
32,238
615,962
934,1129
375,778
160,523
612,960
836,1085
538,910
700,1014
880,1105
837,1085
295,697
520,897
135,482
299,702
812,1073
224,614
50,297
230,621
968,1143
980,1147
12,146
703,1015
278,679
586,943
456,848
102,421
241,635
378,781
984,1149
318,722
203,586
708,1018
985,1149
903,1115
72,355
921,1123
454,846
808,1071
147,502
34,245
774,1054
987,1150
445,839
246,641
572,934
483,869
437,832
813,1074
199,580
345,749
684,1005
776,1055
209,594
434,830
774,1054
825,1079
844,1089
883,1107
441,836
711,1020
48,291
327,731
813,1074
985,1149
842,1088
970,1143
835,1084
510,890
538,910
911,1119
221,610
406,806
441,836
507,888
853,1093
751,1042
319,723
352,756
839,1086
171,540
676,1000
82,378
533,907
253,650
800,1067
25,211
19,184
804,1069
224,614
178,550
63,333
397,798
883,1107
45,282
307,710
52,303
171,540
412,811
292,694
338,742
714,1022
135,482
883,1107
752,1042
279,680
829,1081
250,646
489,874
811,1073
201,583
196,576
81,376
473,862
946,1134
120,455
156,517
541,912
885,1107
604,955
493,877
838,1086
816,1075
668,995
372,775
594,949
988,1151
744,1038
562,927
10,134
920,1123
629,971
379,781
672,997
658,989
92,400
523,900
543,914
337,741
456,848
269,668
629,971
570,933
684,1005
229,620
98,413
495,879
623,967
920,1123
764,1049
226,616
187,563
521,898
826,1080
709,1019
685,1005
775,1054
722,1026
360,764
53,305
583,941
156,517
693,1010
213,599
825,1079
940,1131
332,736
663,992
916,1121
247,642
930,1127
129,472
950,1135
758,1046
183,558
458,850
75,362
165,531
439,834
392,793
600,953
866,1099
218,606
103,423
298,701
425,822
739,1035
610,959
260,658
740,1036
549,918
320,724
662,992
102,421
581,940
155,515
778,1056
182,556
884,1107
782,1058
299,702
823,1078
132,477
45,282
15,163
47,288
185,561
406,806
624,968
285,686
783,1059
979,1147
25,211
739,1035
373,776
248,644
40,266
576,937
778,1056
243,637
698,1013
766,1050
821,1078
312,716
35,249
101,419
700,1014
246,641
651,985
366,769
590,946
46,285
599,952
169,537
241,635
601,953
291,693
604,955
597,951
680,1002
240,634
301,704
815,1075
35,249
307,710
544,915
231,623
465,855
6,104
679,1002
398,799
862,1097
588,945
456,848
228,619
158,520
317,721
144,497
416,815
947,1134
124,463
131,475
714,1022
725,1028
23,202
661,991
210,595
488,873
268,667
285,686
59,322
156,517
457,849
588,945
516,894
257,654
759,1046
970,1143
750,1041
256,653
977,1146
230,621
372,775
201,583
597,951
575,936
383,785
945,1133
561,926
511,891
917,1121
994,1153
338,742
316,720
584,942
367,770
77,367
185,561
619,965
486,872
935,1129
142,494
790,1062
9,127
644,981
322,726
226,616
156,517
448,841
508,888
542,913
751,1042
688,1007
147,502
637,976
554,922
631,973
282,683
93,402
948,1134
245,640
660,990
982,1148
516,894
780,1057
843,1088
798,1066
156,517
615,962
532,906
313,717
555,922
534,907
795,1065
334,738
24,206
637,976
880,1105
630,972
571,933
989,1151
761,1047
381,783
447,841
577,937
53,305
491,876
695,1011
632,973
158,520
636,976
376,779
154,514
57,317
532,906
301,704
959,1139
321,725
879,1105
914,1120
442,837
400,800
991,1152
366,769
406,806
732,1032
479,866
172,541
873,1102
110,437
208,593
615,962
811,1073
258,656
872,1102
32,238
195,575
805,1070
916,1121
851,1092
938,1130
685,1005
932,1128
212,598
187,563
52,303
45,282
694,1010
103,423
984,1149
292,694
984,1149
413,812
851,1092
837,1085
52,303
108,433
747,1040
307,710
369,772
584,942
288,690
803,1069
187,563
546,916
432,828
40,266
384,786
371,774
356,760
605,956
183,558
135,482
105,427
501,883
243,637
840,1087
365,768
673,998
564,929
72,355
894,1111
120,455
38,259
31,234
101,419
459,850
553,921
67,343
926,1125
701,1014
798,1066
816,1075
577,937
103,423
318,722
284,685
817,1076
424,821
868,1100
82,378
692,1009
998,1154
158,520
998,1154
9,127
714,1022
618,964
356,760
747,1040
309,712
313,717
99,415
857,1095
228,619
222,611
788,1061
20,189
708,1018
470,859
1000,1155
595,949
982,1148
779,1057
971,1144
402,802
122,459
463,854
593,948
803,1069
98,413
141,492
792,1063
23,202
298,701
627,970
764,1049
146,501
756,1045
232,624
525,901
821,1078
870,1101
239,633
885,1107
802,1068
664,993
218,606
309,712
17,174
19,184
346,750
606,957
407,807
763,1048
611,960
287,689
396,797
908,1118
421,819
27,219
293,695
648,983
101,419
186,562
9,127
563,928
160,523
185,561
654,987
120,455
467,857
337,741
97,411
220,608
206,590
704,1016
869,1100
675,999
291,693
233,625
163,528
456,848
142,494
529,904
232,624
91,398
784,1059
513,892
714,1022
292,694
650,984
979,1147
165,531
803,1069
37,256
222,611
730,1031
833,1083
255,652
876,1103
593,948
495,879
432,828
407,807
615,962
236,629
467,857
816,1075
741,1037
392,793
231,623
601,953
924,1124
623,967
981,1148
878,1104
3,74
180,553
351,755
864,1098
816,1075
958,1139
104,425
964,1141
820,1077
815,1075
956,1138
665,993
132,477
106,429
851,1092
59,322
200,582
135,482
191,569
170,538
949,1135
851,1092
359,763
303,706
822,1078
532,906
423,821
827,1080
320,724
680,1002
236,629
504,885
192,571
517,895
403,803
945,1133
50,297
707,1018
347,751
55,311
988,1151
208,593
624,968
394,795
307,710
755,1044
56,314
903,1115
659,990
704,1016
718,1024
991,1152
923,1124
255,652
142,494
183,558
176,547
650,984
81,376
327,731
766,1050
699,1013
10,134
830,1082
931,1127
969,1143
212,598
777,1055
384,786
377,780
864,1098
664,993
662,992
598,951
816,1075
722,1026
544,915
640,978
720,1025
349,753
76,365
287,689
539,911
509,889
128,470
181,555
480,867
68,345
619,965
405,805
258,656
158,520
181,555
602,954
161,525
423,821
421,819
473,862
744,1038
411,810
883,1107
87,389
821,1078
903,1115
536,909
110,437
116,448
827,1080
648,983
644,981
900,1114
99,415
435,831
560,926
291,693
210,595
906,1117
122,459
664,993
724,1027
456,848
652,985
445,839
176,547
877,1104
209,594
708,1018
853,1093
839,1086
943,1132
672,997
918,1122
921,1123
250,646
278,679
715,1022
448,841
265,664
275,675
613,961
561,926
516,894
208,593
435,831
464,854
585,943
753,1043
320,724
580,939
868,1100
792,1063
384,786
419,817
699,1013
527,902
499,882
263,661
942,1132
838,1086
320,724
550,919
556,923
146,501
91,398
653,986
219,607
464,854
853,1093
983,1149
812,1073
720,1025
411,810
955,1137
688,1007
431,827
64,335
987,1150
691,1009
544,915
141,492
242,636
30,231
500,882
134,480
603,955
894,1111
620,966
35,249
480,867
831,1082
567,931
608,958
333,737
830,1082
985,1149
681,1003
372,775
443,837
142,494
354,758
111,439
340,744
536,909
43,275
369,772
54,308
145,499
420,818
966,1142
459,850
345,749
766,1050
331,735
608,958
85,385
360,764
710,1019
308,711
915,1121
347,751
116,448
489,874
865,1098
270,670
367,770
464,854
546,916
983,1149
775,1054
841,1087
820,1077
72,355
921,1123
324,728
973,1145
67,343
971,1144
772,1053
716,1023
234,626
77,367
904,1116
105,427
237,630
94,404
220,608
70,350
184,559
862,1097
947,1134
454,846
860,1096
354,758
774,1054
199,580
302,705
61,327
350,754
470,859
68,345
189,566
946,1134
613,961
558,924
189,566
989,1151
784,1059
806,1070
378,781
519,897
672,997
746,1039
699,1013
314,718
566,930
452,845
915,1121
413,812
609,959
822,1078
905,1116
865,1098
766,1050
476,864
257,654
732,1032
396,797
455,847
8,120
879,1105
727,1029
491,876
984,1149
335,739
158,520
254,651
534,907
287,689
537,910
101,419
577,937
181,555
267,666
691,1009
84,383
349,753
834,1084
899,1114
712,1021
348,752
831,1082
477,865
121,457
65,338
230,621
285,686
955,1137
794,1064
22,198
692,1009
961,1140
167,534
513,892
657,989
859,1096
532,906
13,152
111,439
284,685
783,1059
627,970
662,992
50,297
318,722
295,697
937,1130
565,929
227,617
882,1106
723,1027
693,1010
729,1030
66,340
179,552
248,644
381,783
26,215
352,756
340,744
381,783
575,936
213,599
491,876
85,385
282,683
861,1096
734,1033
284,685
628,971
340,744
609,959
370,773
92,400
404,804
795,1065
735,1033
584,942
795,1065
867,1099
368,771
717,1023
403,803
392,793
751,1042
866,1099
15,163
53,305
44,279
77,367
999,1155
139,489
203,586
530,905
47,288
785,1060
811,1073
197,578
171,540
191,569
476,864
462,853
424,821
457,849
255,652
581,940
850,1091
666,994
572,934
192,571
865,1098
489,874
214,601
449,842
728,1029
802,1068
573,935
209,594
598,951
946,1134
362,766
706,1017
674,999
955,1137
927,1126
922,1124
940,1131
914,1120
636,976
810,1072
862,1097
528,903
194,573
679,1002
50,297
607,957
803,1069
893,1111
684,1005
414,813
466,856
232,624
522,899
252,648
114,444
95,407
197,578
487,872
347,751
321,725
800,1067
497,880
319,723
577,937
923,1124
600,953
7,112
796,1065
178,550
722,1026
356,760
626,969
183,558
296,699
780,1057
927,1126
932,1128
526,902
338,742
616,963
327,731
639,977
15,163
965,1141
672,997
109,435
575,936
669,996
702,1015
706,1017
935,1129
515,894
387,789
826,1080
501,883
723,1027
637,976
502,884
922,1124
473,862
71,353
473,862
116,448
627,970
273,673
221,610
1000,1155
244,639
901,1114
135,482
578,938
389,791
607,957
696,1011
625,969
838,1086
225,615
335,739
985,1149
171,540
293,695
292,694
439,834
939,1131
28,223
299,702
143,496
463,854
992,1152
774,1054
441,836
772,1053
311,715
568,931
208,593
226,616
506,887
358,762
908,1118
812,1073
872,1102
281,682
355,759
90,396
477,865
158,520
333,737
537,910
345,749
409,808
645,981
875,1103
291,693
289,691
780,1057
831,1082
414,813
221,610
406,806
649,984
153,512
177,549
76,365
125,464
79,372
508,888
309,712
952,1136
962,1140
712,1021
335,739
440,835
902,1115
470,859
6,104
51,300
126,466
391,792
769,1051
916,1121
50,297
926,1125
827,1080
568,931
824,1079
63,333
189,566
38,259
378,781
929,1127
176,547
519,897
52,303
556,923
71,353
710,1019
851,1092
134,480
867,1099
214,601
547,917
190,568
361,765
327,731
995,1153
632,973
157,518
286,688
960,1139
469,858
210,595
670,996
966,1142
187,563
744,1038
573,935
480,867
245,640
325,729
347,751
754,1043
855,1094
866,1099
384,786
550,919
637,976
382,784
196,576
297,700
116,448
915,1121
442,837
698,1013
681,1003
797,1066
45,282
885,1107
346,750
556,923
397,798
157,518
458,850
542,913
792,1063
774,1054
348,752
681,1003
254,651
230,621
63,333
444,838
586,943
802,1068
871,1101
32,238
549,918
763,1048
84,383
30,231
591,947
776,1055
311,715
621,966
664,993
767,1050
110,437
91,398
806,1070
854,1093
574,935
676,1000
437,832
383,785
753,1043
547,917
457,849
188,565
103,423
854,1093
153,512
471,860
425,822
684,1005
10,134
989,1151
74,360
890,1110
933,1128
698,1013
900,1114
28,223
753,1043
474,862
186,562
700,1014
990,1151
185,561
456,848
665,993
237,630
222,611
195,575
761,1047
83,381
602,954
314,718
675,999
627,970
997,1154
226,616
452,845
496,879
937,1130
394,795
359,763
261,659
649,984
454,846
217,605
960,1139
426,823
638,977
927,1126
888,1109
652,985
347,751
995,1153
524,900
977,1146
636,976
660,990
602,954
209,594
262,660
612,960
497,880
224,614
566,930
500,882
458,850
582,941
738,1035
12,146
917,1121
531,905
656,988
959,1139
856,1094
382,784
935,1129
323,727
513,892
492,876
535,908
347,751
868,1100
156,517
966,1142
780,1057
845,1089
941,1132
951,1136
983,1149
650,984
315,719
651,985
101,419
114,444
283,684
152,510
710,1019
708,1018
937,1130
7,112
225,615
436,832
206,590
492,876
12,146
735,1033
14,158
600,953
662,992
76,365
4,85
900,1114
534,907
945,1133
388,790
781,1058
481,868
427,824
824,1079
511,891
755,1044
644,981
274,674
191,569
19,184
553,921
418,816
32,238
557,924
856,1094
110,437
353,757
111,439
701,1014
468,858
887,1108
210,595
42,272
415,814
117,450
900,1114
390,792
921,1123
307,710
76,365
941,1132
221,610
526,902
393,794
325,729
246,641
734,1033
782,1058
486,872
941,1132
105,427
757,1045
448,841
18,179
207,591
322,726
848,1090
442,837
889,1109
205,589
426,823
634,974
921,1123
796,1065
46,285
502,884
209,594
384,786
704,1016
166,532
614,962
607,957
38,259
635,975
865,1098
471,860
810,1072
342,746
664,993
883,1107
613,961
958,1139
53,305
253,650
243,637
842,1088
823,1078
272,672
657,989
138,487
754,1043
590,946
456,848
659,990
767,1050
611,960
545,915
541,912
293,695
86,387
17,174
992,1152
85,385
668,995
511,891
82,378
316,720
657,989
163,528
114,444
425,822
857,1095
235,628
536,909
94,404
639,977
672,997
114,444
69,348
309,712
480,867
894,1111
962,1140
34,245
719,1024
356,760
463,854
289,691
618,964
949,1135
750,1041
111,439
384,786
6,104
241,635
853,1093
997,1154
800,1067
5,95
74,360
172,541
590,946
916,1121
572,934
698,1013
471,860
440,835
760,1047
484,870
477,865
296,699
702,1015
73,357
27,219
477,865
144,497
519,897
727,1029
115,446
292,694
920,1123
926,1125
270,670
156,517
312,716
392,793
529,904
127,468
238,631
769,1051
706,1017
967,1142
511,891
12,146
2,60
789,1062
147,502
294,696
772,1053
52,303
903,1115
334,738
16,169
195,575
965,1141
317,721
52,303
67,343
775,1054
683,1004
265,664
522,899
196,576
485,871
955,1137
220,608
113,442
775,1054
334,738
888,1109
888,1109
118,452
434,830
508,888
664,993
581,940
221,610
374,777
698,1013
222,611
370,773
898,1113
972,1144
755,1044
161,525
221,610
721,1026
107,431
371,774
63,333
750,1041
268,667
79,372
501,883
27,219
6,104
252,648
338,742
963,1141
988,1151
778,1056
95,407
898,1113
595,949
745,1039
287,689
534,907
108,433
359,763
118,452
735,1033
313,717
989,1151
516,894
524,900
179,552
416,815
79,372
563,928
708,1018
369,772
767,1050
859,1096
646,982
514,893
511,891
581,940
595,949
28,223
709,1019
775,1054
421,819
561,926
425,822
1,43
622,967
924,1124
816,1075
439,834
315,719
399,800
522,899
62,330
342,746
816,1075
845,1089
698,1013
841,1087
469,858
131,475
408,808
196,576
501,883
875,1103
30,231
266,665
523,900
183,558
554,922
140,491
945,1133
768,1051
293,695
505,886
425,822
179,552
735,1033
577,937
465,855
978,1147
646,982
996,1154
248,644
814,1074
142,494
919,1122
752,1042
84,383
227,617
29,227
936,1129
624,968
747,1040
49,294
796,1065
194,573
94,404
31,234
532,906
600,953
169,537
311,715
793,1064
828,1081
745,1039
302,705
291,693
31,234
744,1038
320,724
910,1118
516,894
477,865
646,982
634,974
517,895
697,1012
181,555
79,372
598,951
991,1152
400,800
791,1063
451,844
832,1083
373,776
620,966
35,249
116,448
101,419
133,479
955,1137
262,660
264,663
452,845
516,894
597,951
369,772
634,974
946,1134
934,1129
224,614
697,1012
980,1147
448,841
814,1074
566,930
931,1127
834,1084
826,1080
247,642
735,1033
563,928
526,902
325,729
622,967
364,767
919,1122
726,1028
542,913
947,1134
804,1069
245,640
255,652
623,967
455,847
293,695
742,1037
792,1063
201,583
542,913
545,915
739,1035
340,744
555,922
266,665
996,1154
782,1058
43,275
902,1115
543,914
440,835
306,709
801,1068
237,630
774,1054
774,1054
509,889
255,652
274,674
626,969
573,935
249,645
235,628
131,475
305,708
302,705
626,969
999,1155
310,714
811,1073
40,266
899,1114
357,761
553,921
558,924
893,1111
690,1008
43,275
709,1019
440,835
793,1064
639,977
551,920
435,831
556,923
468,858
133,479
601,953
550,919
93,402
776,1055
865,1098
631,973
446,840
756,1045
688,1007
349,753
543,914
2,60
159,521
507,888
602,954
540,912
716,1023
211,597
844,1089
433,829
584,942
494,878
116,448
807,1071
832,1083
310,714
406,806
542,913
392,793
352,756
729,1030
922,1124
316,720
126,466
14,158
587,944
799,1067
40,266
89,394
726,1028
25,211
159,521
175,546
920,1123
605,956
270,670
661,991
56,314
137,485
104,425
348,752
384,786
728,1029
386,788
182,556
859,1096
358,762
885,1107
707,1018
953,1137
33,242
41,269
721,1026
68,345
886,1108
234,626
635,975
1000,1155
449,842
898,1113
757,1045
310,714
791,1063
721,1026
459,850
160,523
554,922
273,673
565,929
423,821
207,591
168,535
904,1116
748,1040
408,808
359,763
952,1136
667,995
311,715
751,1042
733,1032
127,468
707,1018
111,439
662,992
88,392
447,841
188,565
422,820
579,939
425,822
419,817
105,427
185,561
25,211
12,146
171,540
516,894
910,1118
128,470
271,671
335,739
767,1050
356,760
134,480
754,1043
543,914
377,780
203,586
665,993
926,1125
124,463
391,792
167,534
104,425
442,837
343,747
859,1096
4,85
883,1107
761,1047
473,862
941,1132
734,1033
861,1096
302,705
954,1137
455,847
548,917
428,825
241,635
616,963
576,937
114,444
727,1029
155,515
780,1057
65,338
180,553
992,1152
487,872
397,798
366,769
182,556
914,1120
820,1077
411,810
907,1117
462,853
248,644
363,767
999,1155
967,1142
751,1042
897,1113
697,1012
73,357
969,1143
658,989
368,771
530,905
648,983
195,575
506,887
953,1137
242,636
286,688
87,389
191,569
613,961
853,1093
399,800
211,597
978,1147
207,591
776,1055
229,620
453,846
635,975
357,761
934,1129
628,971
278,679
841,1087
56,314
286,688
335,739
397,798
799,1067
335,739
24,206
959,1139
697,1012
302,705
78,369
637,976
655,987
222,611
602,954
265,664
195,575
889,1109
664,993
403,803
788,1061
32,238
586,943
83,381
548,917
728,1029
563,928
741,1037
760,1047
350,754
522,899
741,1037
339,743
628,971
544,915
980,1147
899,1114
917,1121
577,937
440,835
403,803
751,1042
823,1078
10,134
319,723
202,584
381,783
812,1073
144,497
119,454
745,1039
787,1061
266,665
265,664
469,858
743,1038
263,661
355,759
878,1104
594,949
152,510
985,1149
663,992
555,922
495,879
658,989
148,504
701,1014
348,752
161,525
671,997
985,1149
686,1006
931,1127
637,976
451,844
900,1114
552,920
152,510
464,854
632,973
760,1047
432,828
379,781
744,1038
223,612
612,960
923,1124
236,629
636,976
993,1152
183,558
973,1145
22,198
201,583
196,576
457,849
158,520
467,857
654,987
202,584
578,938
448,841
450,843
611,960
156,517
5,95
776,1055
357,761
322,726
127,468
664,993
925,1125
18,179
13,152
971,1144
629,971
5,95
650,984
74,360
982,1148
614,962
32,238
89,394
99,415
957,1138
110,437
209,594
130,473
824,1079
879,1105
246,641
113,442
648,983
503,885
277,678
162,526
976,1146
108,433
345,749
433,829
249,645
194,573
124,463
355,759
341,745
318,722
960,1139
261,659
111,439
99,415
938,1130
14,158
582,941
211,597
809,1072
607,957
580,939
618,964
523,900
837,1085
956,1138
167,534
534,907
394,795
569,932
189,566
858,1095
588,945
39,263
698,1013
172,541
237,630
996,1154
327,731
334,738
306,709
207,591
86,387
88,392
352,756
677,1000
558,924
75,362
233,625
893,1111
765,1049
882,1106
234,626
784,1059
556,923
840,1087
814,1074
505,886
169,537
292,694
644,981
282,683
518,896
304,707
129,472
643,980
505,886
66,340
781,1058
121,457
953,1137
253,650
829,1081
857,1095
111,439
826,1080
193,572
219,607
771,1052
40,266
120,455
888,1109
296,699
764,1049
795,1065
991,1152
545,915
289,691
862,1097
500,882
832,1083
391,792
989,1151
1,43
907,1117
946,1134
128,470
942,1132
529,904
537,910
679,1002
23,202
673,998
716,1023
972,1144
243,637
919,1122
688,1007
363,767
472,861
490,875
719,1024
62,330
698,1013
493,877
892,1111
699,1013
421,819
725,1028
45,282
635,975
44,279
487,872
235,628
664,993
733,1032
161,525
113,442
916,1121
173,543
572,934
928,1126
861,1096
711,1020
807,1071
13,152
770,1052
873,1102
615,962
332,736
393,794
399,800
500,882
517,895
878,1104
448,841
386,788
304,707
17,174
591,947
845,1089
701,1014
665,993
342,746
435,831
110,437
786,1060
320,724
632,973
754,1043
393,794
341,745
907,1117
308,711
394,795
403,803
732,1032
265,664
60,325
248,644
495,879
373,776
626,969
884,1107
433,829
626,969
620,966
833,1083
700,1014
166,532
762,1048
461,852
5,95
565,929
536,909
115,446
506,887
860,1096
240,634
399,800
219,607
83,381
7,112
67,343
871,1101
826,1080
315,719
137,485
931,1127
597,951
779,1057
544,915
637,976
595,949
515,894
266,665
91,398
504,885
162,526
932,1128
666,994
551,920
329,733
224,614
526,902
868,1100
735,1033
709,1019
302,705
731,1031
183,558
341,745
830,1082
586,943
730,1031
529,904
730,1031
136,484
383,785
866,1099
566,930
939,1131
535,908
11,140
775,1054
814,1074
435,831
596,950
831,1082
990,1151
889,1109
916,1121
308,711
593,948
901,1114
483,869
182,556
382,784
938,1130
902,1115
591,947
261,659
557,924
759,1046
310,714
951,1136
51,300
332,736
276,676
194,573
129,472
997,1154
314,718
14,158
119,454
375,778
865,1098
921,1123
307,710
553,921
793,1064
141,492
828,1081
597,951
884,1107
927,1126
830,1082
386,788
151,509
638,977
252,648
219,607
971,1144
116,448
715,1022
949,1135
812,1073
993,1152
292,694
525,901
441,836
164,529
349,753
675,999
143,496
813,1074
308,711
421,819
801,1068
634,974
340,744
225,615
230,621
947,1134
399,800
331,735
391,792
427,824
446,840
905,1116
122,459
692,1009
273,673
104,425
247,642
527,902
166,532
376,779
187,563
85,385
995,1153
838,1086
163,528
778,1056
289,691
370,773
887,1108
903,1115
575,936
541,912
242,636
351,755
503,885
353,757
519,897
224,614
256,653
162,526
35,249
577,937
485,871
667,995
707,1018
940,1131
605,956
278,679
755,1044
220,608
488,873
984,1149
292,694
229,620
200,582
674,999
161,525
860,1096
187,563
353,757
511,891
449,842
389,791
622,967
210,595
135,482
58,319
651,985
103,423
991,1152
424,821
187,563
404,804
543,914
977,1146
125,464
211,597
446,840
294,696
397,798
14,158
375,778
872,1102
388,790
835,1084
13,152
587,944
971,1144
178,550
763,1048
579,939
818,1076
777,1055
859,1096
151,509
177,549
420,818
42,272
900,1114
941,1132
856,1094
551,920
280,681
371,774
966,1142
915,1121
786,1060
216,603
945,1133
919,1122
837,1085
710,1019
958,1139
476,864
633,974
699,1013
853,1093
48,291
945,1133
470,859
416,815
961,1140
770,1052
743,1038
97,411
976,1146
765,1049
845,1089
333,737
922,1124
507,888
151,509
853,1093
897,1113
926,1125
156,517
599,952
369,772
908,1118
756,1045
401,801
51,300
368,771
309,712
296,699
568,931
693,1010
636,976
604,955
315,719
626,969
167,534
691,1009
653,986
759,1046
399,800
548,917
548,917
177,549
741,1037
865,1098
716,1023
837,1085
447,841
175,546
800,1067
887,1108
993,1152
423,821
156,517
454,846
593,948
978,1147
339,743
234,626
466,856
293,695
788,1061
281,682
890,1110
224,614
787,1061
806,1070
591,947
920,1123
320,724
772,1053
930,1127
488,873
721,1026
757,1045
398,799
464,854
441,836
763,1048
768,1051
423,821
729,1030
666,994
645,981
621,966
489,874
838,1086
905,1116
606,957
256,653
919,1122
431,827
991,1152
25,211
730,1031
364,767
35,249
586,943
92,400
64,335
278,679
626,969
794,1064
634,974
646,982
678,1001
852,1092
682,1003
689,1007
208,593
526,902
378,781
854,1093
925,1125
305,708
281,682
926,1125
779,1057
179,552
792,1063
904,1116
160,523
671,997
267,666
75,362
565,929
81,376
977,1146
889,1109
478,866
72,355
816,1075
399,800
783,1059
479,866
334,738
201,583
782,1058
398,799
684,1005
598,951
67,343
691,1009
679,1002
223,612
48,291
981,1148
636,976
60,325
414,813
186,562
901,1114
870,1101
600,953
322,726
774,1054
74,360
3,74
564,929
787,1061
27,219
840,1087
454,846
403,803
107,431
99,415
100,417
573,935
568,931
398,799
710,1019
285,686
426,823
228,619
532,906
815,1075
801,1068
520,897
50,297
378,781
279,680
261,659
87,389
398,799
931,1127
17,174
79,372
454,846
139,489
707,1018
351,755
5,95
630,972
680,1002
552,920
715,1022
858,1095
820,1077
178,550
679,1002
142,494
61,327
632,973
923,1124
237,630
367,770
330,734
587,944
273,673
657,989
163,528
411,810
482,869
767,1050
440,835
157,518
228,619
348,752
404,804
555,922
507,888
604,955
703,1015
598,951
509,889
42,272
30,231
122,459
710,1019
992,1152
538,910
303,706
811,1073
868,1100
653,986
380,782
484,870
365,768
404,804
782,1058
463,854
420,818
905,1116
703,1015
853,1093
412,811
547,917
134,480
657,989
942,1132
715,1022
671,997
469,858
415,814
324,728
417,815
596,950
336,740
546,916
136,484
789,1062
747,1040
387,789
91,398
469,858
774,1054
776,1055
947,1134
888,1109
150,507
46,285
756,1045
738,1035
973,1145
935,1129
240,634
234,626
210,595
304,707
314,718
383,785
311,715
476,864
949,1135
235,628
674,999
275,675
765,1049
448,841
332,736
190,568
806,1070
693,1010
629,971
391,792
580,939
823,1078
373,776
294,696
638,977
348,752
659,990
391,792
535,908
354,758
665,993
365,768
118,452
410,809
389,791
73,357
484,870
444,838
182,556
591,947
16,169
975,1145
881,1106
448,841
997,1154
911,1119
442,837
324,728
459,850
920,1123
636,976
219,607
260,658
605,956
748,1040
563,928
849,1091
797,1066
685,1005
186,562
781,1058
758,1046
101,419
587,944
191,569
247,642
936,1129
263,661
969,1143
983,1149
505,886
62,330
543,914
860,1096
249,645
760,1047
746,1039
873,1102
168,535
422,820
572,934
304,707
14,158
891,1110
570,933
521,898
18,179
855,1094
413,812
156,517
969,1143
909,1118
514,893
990,1151
7,112
771,1052
792,1063
581,940
39,263
439,834
151,509
199,580
182,556
144,497
357,761
893,1111
928,1126
607,957
96,409
460,851
212,598
343,747
527,902
106,429
240,634
916,1121
461,852
740,1036
683,1004
56,314
660,990
213,599
942,1132
830,1082
524,900
481,868
402,802
762,1048
89,394
367,770
728,1029
358,762
357,761
201,583
935,1129
843,1088
699,1013
766,1050
780,1057
759,1046
520,897
617,964
952,1136
928,1126
710,1019
772,1053
442,837
279,680
103,423
840,1087
757,1045
610,959
96,409
588,945
861,1096
950,1135
395,796
129,472
915,1121
108,433
762,1048
995,1153
7,112
933,1128
282,683
954,1137
506,887
300,703
652,985
546,916
335,739
986,1150
193,572
118,452
852,1092
852,1092
326,730
571,933
407,807
610,959
400,800
412,811
50,297
743,1038
944,1133
374,777
445,839
611,960
143,496
145,499
809,1072
629,971
787,1061
642,979
40,266
557,924
329,733
316,720
394,795
280,681
602,954
38,259
303,706
316,720
494,878
932,1128
917,1121
182,556
604,955
575,936
182,556
441,836
935,1129
321,725
535,908
120,455
205,589
189,566
847,1090
828,1081
932,1128
544,915
907,1117
373,776
772,1053
548,917
156,517
896,1112
12,146
347,751
83,381
971,1144
900,1114
907,1117
2,60
93,402
591,947
866,1099
809,1072
609,959
419,817
481,868
141,492
782,1058
785,1060
388,790
231,623
483,869
957,1138
374,777
971,1144
768,1051
842,1088
993,1152
204,587
850,1091
581,940
712,1021
273,673
765,1049
93,402
30,231
425,822
52,303
882,1106
167,534
376,779
485,871
338,742
337,741
938,1130
998,1154
448,841
452,845
773,1053
915,1121
814,1074
763,1048
771,1052
284,685
686,1006
435,831
644,981
325,729
729,1030
756,1045
872,1102
870,1101
946,1134
348,752
21,193
754,1043
601,953
25,211
117,450
769,1051
307,710
13,152
219,607
398,799
226,616
899,1114
293,695
988,1151
542,913
233,625
988,1151
206,590
201,583
342,746
946,1134
710,1019
362,766
58,319
875,1103
174,544
656,988
900,1114
542,913
813,1074
642,979
725,1028
706,1017
852,1092
164,529
178,550
441,836
809,1072
872,1102
324,728
782,1058
735,1033
39,263
180,553
55,311
571,933
2,60
152,510
16,169
31,234
711,1020
945,1133
747,1040
349,753
747,1040
817,1076
718,1024
751,1042
964,1141
994,1153
798,1066
323,727
21,193
940,1131
211,597
122,459
644,981
621,966
241,635
326,730
151,509
980,1147
848,1090
604,955
512,891
181,555
967,1142
173,543
461,852
796,1065
340,744
438,833
338,742
698,1013
375,778
922,1124
9,127
425,822
82,378
726,1028
133,479
247,642
698,1013
205,589
118,452
683,1004
560,926
832,1083
894,1111
152,510
973,1145
500,882
348,752
448,841
846,1089
183,558
53,305
311,715
286,688
992,1152
682,1003
761,1047
138,487
10,134
198,579
429,826
309,712
685,1005
306,709
139,489
880,1105
899,1114
182,556
601,953
282,683
597,951
549,918
550,919
962,1140
699,1013
885,1107
359,763
110,437
540,912
953,1137
121,457
669,996
225,615
985,1149
333,737
220,608
331,735
385,787
739,1035
141,492
641,979
579,939
959,1139
157,518
539,911
340,744
860,1096
423,821
64,335
192,571
470,859
423,821
484,870
778,1056
104,425
750,1041
551,920
514,893
912,1119
434,830
668,995
818,1076
860,1096
807,1071
422,820
851,1092
973,1145
569,932
977,1146
28,223
921,1123
473,862
373,776
757,1045
463,854
713,1021
429,826
877,1104
20,189
728,1029
334,738
891,1110
542,913
264,663
553,921
593,948
17,174
760,1047
83,381
663,992
534,907
643,980
309,712
545,915
559,925
753,1043
986,1150
855,1094
123,461
997,1154
662,992
831,1082
223,612
1000,1155
728,1029
464,854
409,808
408,808
720,1025
749,1041
127,468
790,1062
169,537
894,1111
463,854
916,1121
539,911
888,1109
32,238
567,931
891,1110
65,338
801,1068
467,857
37,256
622,967
15,163
724,1027
976,1146
749,1041
874,1102
545,915
919,1122
59,322
400,800
890,1110
952,1136
907,1117
154,514
13,152
699,1013
640,978
249,645
849,1091
314,718
110,437
994,1153
500,882
700,1014
831,1082
567,931
891,1110
281,682
142,494
514,893
166,532
326,730
791,1063
289,691
137,485
593,948
185,561
123,461
785,1060
994,1153
580,939
937,1130
238,631
676,1000
917,1121
820,1077
30,231
848,1090
605,956
672,997
416,815
1,43
212,598
997,1154
803,1069
995,1153
840,1087
954,1137
131,475
473,862
215,602
143,496
57,317
617,964
178,550
129,472
733,1032
643,980
770,1052
344,748
445,839
677,1000
601,953
740,1036
112,440
148,504
672,997
290,692
305,708
740,1036
697,1012
22,198
370,773
537,910
825,1079
364,767
467,857
646,982
157,518
564,929
807,1071
682,1003
413,812
21,193
420,818
47,288
936,1129
421,819
443,837
483,869
199,580
647,982
184,559
604,955
367,770
649,984
682,1003
790,1062
945,1133
369,772
266,665
878,1104
674,999
161,525
371,774
734,1033
310,714
529,904
545,915
436,832
935,1129
201,583
220,608
824,1079
233,625
871,1101
641,979
743,1038
249,645
890,1110
873,1102
78,369
989,1151
574,935
923,1124
157,518
477,865
754,1043
902,1115
171,540
437,832
993,1152
66,340
822,1078
649,984
384,786
634,974
979,1147
293,695
506,887
249,645
829,1081
238,631
618,964
375,778
106,429
992,1152
702,1015
491,876
852,1092
897,1113
907,1117
251,647
625,969
772,1053
349,753
22,198
853,1093
252,648
914,1120
793,1064
531,905
571,933
254,651
214,601
522,899
695,1011
921,1123
381,783
535,908
566,930
992,1152
103,423
12,146
911,1119
424,821
178,550
292,694
839,1086
112,440
103,423
866,1099
432,828
620,966
818,1076
519,897
524,900
756,1045
164,529
950,1135
590,946
370,773
20,189
563,928
290,692
548,917
319,723
94,404
233,625
759,1046
689,1007
331,735
254,651
253,650
734,1033
657,989
343,747
107,431
279,680
181,555
573,935
43,275
305,708
764,1049
195,575
9,127
779,1057
599,952
950,1135
194,573
821,1078
325,729
676,1000
387,789
648,983
215,602
274,674
771,1052
496,879
90,396
248,644
406,806
509,889
499,882
114,444
121,457
230,621
110,437
656,988
190,568
155,515
281,682
33,242
321,725
61,327
60,325
265,664
436,832
464,854
335,739
286,688
97,411
315,719
241,635
110,437
646,982
641,979
319,723
654,987
114,444
544,915
762,1048
410,809
418,816
626,969
866,1099
120,455
910,1118
502,884
683,1004
912,1119
99,415
956,1138
218,606
619,965
300,703
785,1060
615,962
737,1034
943,1132
916,1121
342,746
598,951
27,219
528,903
103,423
274,674
365,768
359,763
177,549
954,1137
676,1000
633,974
723,1027
867,1099
638,977
469,858
421,819
137,485
91,398
848,1090
909,1118
894,1111
87,389
833,1083
249,645
22,198
999,1155
143,496
281,682
107,431
959,1139
764,1049
359,763
866,1099
373,776
606,957
574,935
828,1081
333,737
87,389
916,1121
861,1096
798,1066
977,1146
365,768
990,1151
501,883
248,644
927,1126
636,976
973,1145
193,572
26,215
389,791
226,616
505,886
204,587
529,904
449,842
341,745
187,563
906,1117
424,821
507,888
59,322
874,1102
762,1048
361,765
267,666
97,411
281,682
478,866
621,966
444,838
184,559
304,707
458,850
482,869
932,1128
97,411
524,900
590,946
423,821
517,895
130,473
951,1136
388,790
755,1044
635,975
167,534
62,330
490,875
572,934
242,636
244,639
559,925
948,1134
633,974
954,1137
516,894
439,834
669,996
923,1124
759,1046
773,1053
517,895
178,550
581,940
354,758
800,1067
123,461
63,333
880,1105
978,1147
530,905
386,788
564,929
881,1106
182,556
957,1138
417,815
701,1014
230,621
802,1068
938,1130
498,881
430,826
119,454
25,211
510,890
347,751
429,826
603,955
332,736
606,957
648,983
85,385
403,803
91,398
51,300
590,946
20,189
614,962
657,989
566,930
619,965
570,933
23,202
42,272
144,497
462,853
36,252
789,1062
503,885
812,1073
580,939
365,768
502,884
895,1112
876,1103
244,639
715,1022
532,906
517,895
915,1121
159,521
603,955
213,599
515,894
342,746
566,930
386,788
464,854
290,692
513,892
346,750
950,1135
118,452
573,935
312,716
282,683
985,1149
501,883
201,583
266,665
714,1022
615,962
47,288
667,995
542,913
79,372
293,695
94,404
993,1152
891,1110
597,951
416,815
418,816
833,1083
468,858
476,864
610,959
881,1106
80,374
963,1141
255,652
75,362
908,1118
312,716
200,582
583,941
142,494
722,1026
227,617
638,977
437,832
884,1107
573,935
383,785
310,714
800,1067
563,928
268,667
630,972
845,1089
184,559
334,738
804,1069
615,962
849,1091
149,505
183,558
734,1033
592,947
190,568
860,1096
401,801
272,672
40,266
500,882
7,112
156,517
61,327
580,939
444,838
697,1012
211,597
196,576
506,887
230,621
88,392
134,480
713,1021
621,966
569,932
191,569
477,865
839,1086
689,1007
239,633
881,1106
604,955
385,787
471,860
65,338
32,238
684,1005
81,376
13,152
986,1150
817,1076
629,971
806,1070
235,628
861,1096
931,1127
120,455
472,861
385,787
800,1067
374,777
62,330
596,950
336,740
530,905
282,683
971,1144
976,1146
675,999
544,915
485,871
104,425
679,1002
131,475
245,640
815,1075
648,983
658,989
430,826
718,1024
892,1111
407,807
896,1112
127,468
10,134
821,1078
133,479
911,1119
493,877
605,956
394,795
576,937
151,509
69,348
679,1002
834,1084
951,1136
380,782
713,1021
828,1081
349,753
152,510
532,906
891,1110
604,955
425,822
630,972
177,549
411,810
709,1019
542,913
148,504
333,737
787,1061
106,429
737,1034
617,964
53,305
373,776
461,852
192,571
833,1083
340,744
914,1120
619,965
486,872
962,1140
510,890
95,407
99,415
971,1144
524,900
281,682
647,982
375,778
768,1051
449,842
67,343
188,565
415,814
671,997
455,847
197,578
910,1118
95,407
595,949
658,989
244,639
122,459
945,1133
787,1061
949,1135
708,1018
744,1038
151,509
395,796
325,729
915,1121
925,1125
147,502
111,439
834,1084
885,1107
766,1050
184,559
224,614
775,1054
207,591
338,742
304,707
345,749
681,1003
981,1148
706,1017
6,104
321,725
851,1092
959,1139
867,1099
319,723
295,697
388,790
977,1146
993,1152
585,943
166,532
139,489
288,690
61,327
106,429
175,546
138,487
339,743
362,766
463,854
97,411
856,1094
213,599
155,515
525,901
742,1037
43,275
826,1080
252,648
333,737
157,518
768,1051
41,269
605,956
877,1104
872,1102
980,1147
186,562
125,464
611,960
968,1143
803,1069
468,858
379,781
778,1056
446,840
386,788
334,738
308,711
634,974
705,1017
514,893
943,1132
686,1006
524,900
40,266
82,378
789,1062
387,789
238,631
672,997
990,1151
259,657
779,1057
436,832
695,1011
51,300
527,902
409,808
586,943
951,1136
241,635
719,1024
835,1084
385,787
792,1063
291,693
460,851
530,905
453,846
84,383
976,1146
869,1100
857,1095
52,303
31,234
660,990
573,935
788,1061
394,795
636,976
372,775
520,897
8,120
137,485
139,489
257,654
356,760
721,1026
295,697
803,1069
196,576
837,1085
638,977
697,1012
66,340
39,263
26,215
793,1064
373,776
197,578
694,1010
55,311
643,980
20,189
89,394
910,1118
375,778
115,446
320,724
363,767
169,537
813,1074
716,1023
125,464
838,1086
54,308
901,1114
182,556
367,770
824,1079
661,991
251,647
445,839
82,378
925,1125
697,1012
934,1129
340,744
883,1107
566,930
396,797
108,433
336,740
800,1067
275,675
22,198
765,1049
768,1051
578,938
352,756
56,314
538,910
606,957
507,888
119,454
599,952
425,822
144,497
557,924
38,259
583,941
287,689
143,496
470,859
90,396
148,504
125,464
595,949
112,440
869,1100
285,686
526,902
199,580
969,1143
718,1024
841,1087
335,739
679,1002
223,612
583,941
765,1049
106,429
487,872
374,777
372,775
139,489
245,640
712,1021
230,621
617,964
964,1141
440,835
595,949
720,1025
358,762
931,1127
300,703
611,960
6,104
215,602
155,515
702,1015
733,1032
199,580
148,504
63,333
494,878
508,888
237,630
628,971
54,308
448,841
334,738
995,1153
932,1128
827,1080
87,389
909,1118
192,571
516,894
867,1099
295,697
471,860
37,256
728,1029
84,383
919,1122
391,792
661,991
724,1027
494,878
635,975
13,152
536,909
251,647
437,832
436,832
22,198
597,951
477,865
368,771
405,805
711,1020
368,771
462,853
494,878
551,920
361,765
776,1055
393,794
831,1082
419,817
608,958
122,459
244,639
642,979
136,484
611,960
82,378
163,528
754,1043
156,517
768,1051
800,1067
595,949
564,929
809,1072
548,917
210,595
430,826
398,799
544,915
227,617
274,674
817,1076
278,679
192,571
409,808
748,1040
595,949
442,837
218,606
644,981
111,439
83,381
597,951
761,1047
632,973
971,1144
270,670
458,850
986,1150
38,259
630,972
82,378
636,976
476,864
481,868
149,505
460,851
771,1052
746,1039
647,982
692,1009
282,683
849,1091
435,831
820,1077
613,961
139,489
641,979
50,297
636,976
77,367
226,616
151,509
295,697
976,1146
319,723
687,1006
460,851
109,435
767,1050
394,795
273,673
216,603
262,660
604,955
963,1141
322,726
344,748
654,987
372,775
571,933
412,811
716,1023
285,686
477,865
521,898
551,920
919,1122
285,686
380,782
844,1089
51,300
440,835
385,787
229,620
45,282
902,1115
581,940
42,272
104,425
942,1132
526,902
423,821
22,198
601,953
35,249
615,962
932,1128
856,1094
23,202
160,523
375,778
171,540
68,345
503,885
758,1046
602,954
949,1135
539,911
870,1101
727,1029
705,1017
552,920
856,1094
669,996
252,648
893,1111
134,480
939,1131
582,941
157,518
345,749
508,888
718,1024
391,792
27,219
948,1134
426,823
602,954
347,751
669,996
366,769
334,738
838,1086
453,846
453,846
568,931
75,362
797,1066
117,450
107,431
243,637
335,739
678,1001
340,744
466,856
766,1050
808,1071
710,1019
527,902
628,971
539,911
299,702
54,308
701,1014
281,682
77,367
319,723
513,892
494,878
129,472
117,450
595,949
943,1132
354,758
172,541
807,1071
806,1070
357,761
600,953
203,586
917,1121
988,1151
653,986
423,821
303,706
740,1036
796,1065
261,659
51,300
370,773
117,450
740,1036
829,1081
470,859
112,440
374,777
179,552
582,941
738,1035
826,1080
686,1006
282,683
70,350
934,1129
687,1006
103,423
294,696
318,722
751,1042
29,227
413,812
164,529
911,1119
186,562
121,457
340,744
849,1091
887,1108
819,1077
540,912
525,901
797,1066
230,621
183,558
143,496
506,887
494,878
405,805
256,653
212,598
683,1004
547,917
925,1125
404,804
298,701
472,861
708,1018
565,929
578,938
815,1075
630,972
1000,1155
319,723
698,1013
59,322
594,949
286,688
497,880
828,1081
173,543
765,1049
258,656
702,1015
899,1114
446,840
865,1098
92,400
841,1087
236,629
264,663
531,905
72,355
188,565
595,949
405,805
395,796
965,1141
522,899
968,1143
982,1148
487,872
287,689
307,710
546,916
374,777
201,583
439,834
430,826
315,719
285,686
399,800
371,774
577,937
224,614
92,400
572,934
257,654
751,1042
929,1127
731,1031
682,1003
685,1005
363,767
786,1060
330,734
916,1121
222,611
291,693
427,824
781,1058
132,477
615,962
597,951
45,282
106,429
208,593
730,1031
941,1132
794,1064
739,1035
985,1149
412,811
398,799
531,905
54,308
16,169
895,1112
820,1077
266,665
967,1142
7,112
93,402
638,977
940,1131
445,839
909,1118
117,450
752,1042
439,834
700,1014
793,1064
138,487
472,861
551,920
418,816
220,608
122,459
429,826
521,898
696,1011
875,1103
302,705
969,1143
47,288
422,820
600,953
260,658
307,710
3,74
676,1000
360,764
729,1030
892,1111
262,660
27,219
152,510
796,1065
168,535
938,1130
248,644
277,678
317,721
362,766
189,566
79,372
445,839
334,738
219,607
391,792
271,671
403,803
918,1122
390,792
733,1032
636,976
177,549
126,466
776,1055
9,127
109,435
460,851
707,1018
669,996
143,496
212,598
672,997
732,1032
982,1148
582,941
134,480
663,992
833,1083
47,288
859,1096
372,775
586,943
799,1067
49,294
630,972
467,857
599,952
216,603
213,599
211,597
451,844
403,803
915,1121
67,343
29,227
215,602
340,744
584,942
692,1009
355,759
944,1133
969,1143
240,634
500,882
970,1143
953,1137
206,590
54,308
58,319
836,1085
54,308
512,891
725,1028
610,959
409,808
619,965
240,634
980,1147
712,1021
866,1099
167,534
263,661
752,1042
312,716
88,392
892,1111
301,704
888,1109
116,448
488,873
115,446
302,705
490,875
311,715
416,815
514,893
429,826
894,1111
6,104
465,855
176,547
642,979
120,455
369,772
130,473
173,543
53,305
424,821
567,931
162,526
795,1065
824,1079
490,875
553,921
283,684
553,921
696,1011
410,809
188,565
206,590
94,404
138,487
58,319
876,1103
156,517
195,575
851,1092
117,450
853,1093
426,823
767,1050
355,759
267,666
45,282
37,256
782,1058
226,616
701,1014
457,849
920,1123
904,1116
566,930
983,1149
769,1051
528,903
610,959
172,541
186,562
564,929
91,398
437,832
883,1107
262,660
769,1051
71,353
132,477
60,325
487,872
852,1092
565,929
287,689
461,852
168,535
500,882
93,402
411,810
444,838
940,1131
393,794
402,802
783,1059
901,1114
868,1100
163,528
706,1017
426,823
520,897
810,1072
198,579
648,983
178,550
26,215
320,724
128,470
886,1108
562,927
234,626
197,578
950,1135
803,1069
727,1029
902,1115
266,665
731,1031
131,475
738,1035
41,269
321,725
500,882
554,922
425,822
309,712
423,821
239,633
634,974
102,421
258,656
165,531
358,762
736,1034
133,479
697,1012
780,1057
614,962
743,1038
308,711
199,580
971,1144
297,700
999,1155
261,659
67,343
81,376
834,1084
643,980
649,984
332,736
806,1070
814,1074
478,866
398,799
411,810
66,340
305,708
804,1069
331,735
841,1087
863,1097
444,838
374,777
497,880
349,753
659,990
258,656
403,803
667,995
112,440
566,930
92,400
975,1145
557,924
432,828
24,206
14,158
861,1096
257,654
40,266
955,1137
859,1096
980,1147
458,850
737,1034
199,580
369,772
515,894
628919
802362
136019
66327
203501
339397
326133
218754
293963
71344
191961
127160
110317
106558
6085
45666
35950
27942
38239
17293
29392
24797
2410
17070
1781
20290
4627
5426
8641
12006
10026
6057
7610
1108
2825
4191
1506
916
3446
929
359
2122
177
896
531
849
1141
99
642
441
604
67
423
91
27
248
112
69
111
76
17
75
98
84
42
58
1
35
76
32
20
8
16
43
5
0
33
7
8
21
15
8
3
5
0
8
1
2
3
4
3
1
2
2
2
0
1
1
0
1
0
1
0
0
0
0
0
0
0
0
0
0
0
0
0
0
0
0
0
0
0
0
0
0
0
0
0
0
0
0
0
0
0
0
0
0
0
0
0
0
0
0
0
0
0
0
0
0
0
0
0
0
0
0
0
0
0
0
0
0
0
0
0
0
0
0
0
0
0
0
0
0
0
0
0
0
0
0
0
0
0
0
0
0
0
0
0
0
0
0
0
0
0
0
0
0
0
0
0
0
0
0
0
0
0
0
0
0
0
0
0
0
0
0
0
0
0
0
0
0
0
0
0
0
0
0
0
0
0
0
0
0
0
0
0
0
0
0
0
0
0
0
0
0
0
0
0
0
0
0
0
0
0
0
0
0
0
0
0
0
0
0
0
0
0
0
0
0
0
0
0
0
0
0
0
0
0
0
0
0
0
0
0
0
0
0
0
0
0
0
0
0
0
0
0
0
0
0
0
0
0
0
0
0
0
0
0
0
0
0
0
0
0
0
0
0
0
0
0
0
0
0
0
0
0
0
0
0
0
0
0
0
0
0
0
0
0
0
0
0
0
0
0
0
0
0
0
0
0
0
0
0
0
0
0
0
0
0
0
0
0
0
0
0
0
0
0
0
0
0
0
0
0
0
0
0
0
0
0
0
0
0
0
0
0
0
0
0
0
0
0
0
0
0
0
0
0
0
0
0
0
0
0
0
0
0
0
0
0
0
0
0
0
0
0
0
0
0
0
0
0
0
0
0
0
0
0
0
0
0
0
0
0
0
0
0
0
0
0
0
0
0
0
0
0
0
0
0
0
0
0
0
0
0
0
0
0
0
0
0
0
0
0
0
0
0
0
0
0
0
0
0
0
0
0
0
0
0
0
0
0
0
0
0
0
0
0
0
0
0
0
0
0
0
0
0
0
0
0
0
0
0
0
0
0
0
0
0
0
0
0
0
0
0
0
0
0
0
0
0
0
0
0
0
0
0
0
0
0
0
0
0
0
0
0
0
0
0
0
0
0
0
0
0
0
0
0
0
0
0
0
0
0
0
0
0
0
0
0
0
0
0
0
0
0
0
0
0
0
0
0
0
0
0
0
0
0
0
0
0
0
0
0
0
0
0
0
0
0
0
0
0
0
0
0
0
0
0
0
0
0
0
0
0
0
0
0
0
0
0
0
0
0
0
0
0
0
0
0
0
0
0
0
0
0
0
0
0
0
0
0
0
0
0
0
0
0
0
0
0
0
0
0
0
0
0
0
0
0
0
0
0
0
0
0
0
0
0
0
0
0
0
0
0
0
0
0
0
0
0
0
0
0
0
0
0
0
0
0
0
0
0
0
0
0
0
0
0
0
0
0
0
0
0
0
0
0
0
0
0
0
0
0
0
0
0
0
0
0
0
0
0
0
0
0
0
0
0
0
0
0
0
0
0
0
0
0
0
0
0
0
0
0
0
0
0
0
0
0
0
0
0
0
0
0
0
0
0
0
0
0
0
0
0
0
0
0
0
0
0
0
0
0
0
0
0
0
0
0
0
0
0
0
0
0
0
0
0
0
0
0
0
0
0
0
0
0
0
0
0
0
0
0
0
0
0
0
0
0
0
