1572,5182
9540,11365
8121,10727
3080,7110
5313,9051
1047,4258
4165,8145
7310,10306
7659,10493
9541,11365
3538,7572
2041,5868
475,2889
9341,11282
1141,4440
8988,11131
3403,7440
3237,7273
9247,11243
795,3722
7332,10318
2677,6664
3034,7061
6656,9932
4830,8689
1959,5756
3810,7829
2283,6187
9616,11396
8335,10831
9758,11453
90,1264
6431,9796
5224,8986
3342,7379
6814,10026
24,654
2491,6445
6368,9757
516,3010
2171,6042
6630,9917
2205,6086
3588,7621
2966,6988
5163,8941
2798,6802
4180,8158
2227,6115
9212,11228
3881,7894
6874,10061
4384,8331
636,3336
597,3234
9130,11193
7801,10566
2035,5860
7576,10449
5842,9418
8219,10775
6989,10127
8624,10967
4297,8258
4760,8635
2193,6071
1793,5518
1875,5637
5469,9162
5234,8993
3251,7287
3848,7864
2901,6917
8675,10990
7164,10225
950,4061
4222,8194
4301,8261
9155,11203
8670,10988
2968,6990
7502,10410
2993,7017
2244,6137
6428,9794
2362,6286
8594,10953
8996,11134
8239,10785
9187,11217
9246,11242
40,843
696,3487
1769,5483
5191,8962
5522,9199
7874,10604
7661,10494
1361,4835
9837,11484
4451,8386
2569,6538
258,2135
7167,10227
3605,7637
6900,10076
7429,10371
7415,10363
4883,8730
1423,4940
408,2680
2549,6514
7298,10300
8891,11088
7818,10575
1361,4835
9496,11347
6085,9578
9064,11164
4619,8523
1835,5580
2724,6718
265,2164
293,2274
5127,8915
2560,6527
6848,10045
4128,8113
5784,9379
8318,10823
6035,9545
8053,10694
4487,8416
2784,6786
2445,6389
414,2699
7329,10317
9918,11516
6626,9914
9968,11535
8758,11028
4752,8629
7611,10468
4499,8426
4326,8282
239,2056
7757,10544
5129,8916
614,3279
7372,10340
8565,10940
636,3336
6002,9524
1019,4202
3341,7378
9987,11542
7835,10584
7479,10398
5240,8998
4366,8316
1034,4232
6889,10069
5978,9508
8640,10974
4283,8246
3796,7816
1961,5758
4511,8436
2593,6566
4763,8637
5641,9282
6084,9577
142,1587
1179,4511
3710,7736
9688,11425
2394,6326
6358,9751
2072,5910
6482,9827
3868,7882
867,3884
3968,7972
4256,8223
1951,5744
8084,10709
2458,6405
4323,8280
7392,10351
2158,6025
7274,10286
4593,8502
8791,11043
7469,10392
6078,9573
7575,10449
2972,6994
799,3732
272,2192
9535,11363
3120,7152
3474,7510
3642,7672
1048,4260
1889,5657
1110,4381
8473,10897
7597,10460
3025,7051
5814,9399
5093,8889
7843,10588
1839,5585
6609,9904
1909,5685
1944,5735
2815,6821
535,3064
181,1790
2156,6022
8214,10773
4870,8720
4965,8793
7023,10146
1461,5003
3115,7146
9529,11360
4385,8332
1261,4660
3822,7840
9239,11239
7988,10661
1229,4602
6472,9821
4446,8382
6994,10130
3926,7934
347,2473
54,980
1815,5551
8881,11083
3738,7762
9037,11152
1155,4466
2072,5910
5157,8937
9276,11255
5322,9057
6889,10069
5107,8900
3117,7149
2787,6790
515,3007
6693,9954
4887,8734
1556,5157
3460,7497
6915,10084
4496,8423
8676,10991
3023,7049
882,3916
9966,11534
9488,11344
3935,7942
9031,11150
939,4038
886,3925
4782,8652
748,3613
8334,10831
2655,6639
3111,7142
410,2686
7265,10281
529,3047
8209,10770
2462,6409
7233,10264
7900,10617
4139,8123
7078,10177
2974,6996
6196,9649
8263,10796
3057,7085
4275,8239
895,3944
8203,10767
2692,6682
3440,7477
6707,9963
9264,11250
5473,9165
3959,7964
8139,10736
5903,9459
256,2127
9986,11542
1116,4392
9719,11437
4857,8710
5650,9288
5489,9176
4323,8280
5353,9080
6200,9651
3826,7843
2648,6631
3096,7127
5067,8870
7820,10576
3535,7570
9543,11366
3257,7293
9819,11477
477,2895
7760,10545
1230,4604
2067,5904
9890,11505
9258,11247
2105,5955
8835,11063
8895,11090
9855,11491
6295,9711
5338,9069
7566,10444
2723,6717
21,611
6523,9852
7651,10489
3145,7178
8825,11058
1013,4190
9645,11408
6958,10109
8799,11047
624,3305
6469,9819
4529,8450
7299,10300
9532,11362
1079,4321
6945,10101
9778,11461
8531,10924
773,3672
4387,8333
3358,7396
8929,11105
5893,9452
5718,9334
6859,10052
7301,10301
8471,10896
9944,11526
7715,10522
6872,10059
6740,9982
8318,10823
477,2895
672,3428
3396,7433
3426,7463
1524,5106
9028,11148
725,3558
6072,9569
8115,10724
5304,9044
5817,9401
4617,8521
6669,9940
5028,8841
443,2791
844,3833
1239,4620
9464,11334
5786,9380
1059,4282
2767,6767
2424,6363
5969,9502
3689,7716
7045,10159
1608,5239
4332,8287
626,3310
912,3981
7876,10605
7839,10586
7488,10402
7212,10252
8022,10678
1833,5577
5528,9203
8558,10936
9825,11479
6102,9589
8388,10856
67,1091
7356,10331
9413,11313
6036,9546
9989,11543
2273,6174
1736,5434
9535,11363
6480,9826
1010,4184
8342,10834
2149,6013
6528,9855
1377,4862
3814,7832
7217,10255
437,2773
1700,5380
8131,10732
3392,7429
3067,7096
7683,10505
7303,10302
8995,11134
936,4032
5670,9302
7986,10660
6356,9749
7308,10305
5412,9122
6209,9657
6897,10074
816,3770
5702,9324
5950,9490
974,4111
7262,10280
383,2597
8885,11085
1671,5336
5044,8853
7014,10141
8664,10985
7089,10183
1777,5495
9199,11222
3801,7820
3495,7531
6305,9718
7753,10542
1505,5075
9994,11545
7183,10236
7932,10633
9770,11458
9025,11147
5128,8915
1566,5173
8986,11130
6774,10002
370,2553
7797,10564
6312,9722
595,3229
4771,8643
5474,9166
5917,9468
9239,11239
4534,8454
5223,8985
3057,7085
8797,11046
1029,4222
4352,8304
1818,5555
7507,10413
729,3568
1514,5089
70,1115
3633,7663
5994,9518
5759,9362
4668,8562
3315,7352
1735,5432
944,4048
7775,10553
6512,9845
5177,8952
546,3095
5341,9071
5254,9008
3192,7227
133,1536
6739,9982
5252,9007
726,3560
4651,8549
7971,10653
2831,6839
2418,6356
9660,11414
1568,5176
9652,11410
5933,9478
5748,9355
4507,8432
2839,6848
7427,10370
4273,8238
6414,9785
8519,10918
448,2807
64,1066
9819,11477
1980,5785
7578,10450
568,3156
213,1941
446,2801
124,1483
9546,11367
8323,10825
259,2139
8306,10817
7453,10384
5792,9384
3349,7386
7599,10461
3345,7382
5094,8890
8435,10879
1753,5459
1776,5493
9401,11308
5496,9181
5717,9334
4946,8779
4743,8622
2449,6394
7050,10161
1881,5646
7795,10563
4537,8457
575,3175
9973,11537
9260,11248
2462,6409
5759,9362
3536,7571
1824,5564
6583,9888
3595,7627
9830,11481
2964,6985
7327,10315
9033,11150
5906,9461
4480,8410
4746,8624
1634,5279
8484,10902
7784,10558
6583,9888
50,943
3061,7089
474,2886
1188,4527
9536,11363
6946,10102
266,2168
7395,10352
2734,6730
1119,4398
6999,10132
859,3866
1733,5430
5076,8877
3932,7940
3553,7587
1812,5546
5375,9095
3272,7309
6221,9665
4513,8437
2628,6607
4682,8573
1409,4916
7901,10617
8736,11018
6451,9808
9681,11422
1477,5029
9079,11171
4067,8060
5798,9389
9305,11267
87,1243
5262,9014
1803,5533
1576,5188
9315,11272
6548,9867
1652,5307
6103,9589
6749,9987
553,3114
7765,10548
37,811
463,2853
8022,10678
6986,10125
1839,5585
1310,4747
9073,11168
969,4100
8986,11130
252,2110
4224,8196
1914,5692
3374,7411
3113,7144
2165,6034
1491,5052
2864,6876
542,3084
9977,11539
1504,5073
2952,6972
8896,11090
8831,11061
6902,10077
601,3245
92,1278
9006,11139
9506,11351
3515,7550
4307,8266
604,3253
418,2712
2885,6899
8139,10736
7795,10563
8536,10926
1484,5041
8839,11065
8009,10672
9000,11136
783,3695
4205,8180
978,4119
8584,10948
5239,8997
4993,8814
1636,5282
6202,9653
562,3139
1428,4948
8595,10953
1281,4696
6107,9592
8713,11008
9911,11513
5415,9124
3329,7366
5431,9135
1363,4838
457,2835
6176,9636
9669,11417
8369,10847
4247,8215
6614,9907
1888,5656
8942,11110
9016,11143
9884,11503
9242,11241
7300,10301
5252,9007
6837,10039
701,3500
1662,5322
7496,10407
819,3777
9495,11346
5230,8991
3158,7191
5812,9398
3217,7253
4061,8054
3077,7106
8739,11019
7658,10492
6870,10058
6549,9868
9035,11151
1632,5276
3791,7811
9529,11360
1877,5640
5182,8955
9424,11317
3922,7931
3086,7116
5266,9017
8270,10800
6207,9656
8140,10737
7219,10256
7283,10291
2665,6650
5438,9140
6278,9701
4789,8658
9072,11167
5990,9516
9075,11169
4442,8379
1618,5254
1208,4564
5801,9391
190,1834
6921,10088
4613,8518
9018,11144
655,3385
35,789
9318,11273
6606,9902
4125,8110
2186,6062
902,3960
6153,9621
6114,9596
2346,6266
4999,8819
9257,11247
8258,10794
4714,8599
6004,9525
1863,5620
5140,8924
9682,11422
5117,8907
6138,9612
5455,9152
9428,11319
2005,5819
1407,4913
8105,10719
7827,10580
8761,11029
2959,6980
9482,11341
3233,7269
303,2313
7736,10533
8315,10821
7467,10391
2851,6861
3011,7036
8024,10679
6933,10095
9619,11397
4225,8197
3373,7410
9069,11166
3891,7903
5008,8826
8447,10884
9931,11521
3693,7720
5011,8828
4422,8362
7209,10250
5735,9346
2427,6367
6927,10091
8217,10774
2526,6487
9820,11477
6983,10123
8486,10903
5001,8820
668,3418
930,4019
139,1570
6236,9674
5881,9444
5003,8822
2670,6656
1120,4400
3867,7881
8055,10695
5596,9251
4852,8707
7096,10187
1274,4683
1870,5630
7275,10287
6922,10088
4144,8127
5365,9088
7970,10652
1225,4595
1601,5228
3043,7070
6544,9865
3957,7962
6055,9558
3216,7251
6398,9775
6426,9793
7695,10512
2888,6902
2379,6307
8765,11031
6581,9887
7521,10420
757,3634
4926,8763
4070,8062
2005,5819
5091,8888
8160,10746
4700,8588
4281,8244
702,3502
6845,10044
5372,9093
4009,8008
5482,9171
9246,11242
8657,10982
7022,10145
922,4002
1278,4690
9533,11362
4919,8758
8182,10757
9814,11475
7293,10297
319,2372
5562,9227
7966,10650
1208,4564
6036,9546
2013,5830
157,1668
232,2025
3208,7243
8874,11080
5052,8859
6833,10037
6388,9769
5360,9085
1380,4867
5672,9303
5921,9470
9317,11272
7712,10520
2002,5815
7299,10300
8357,10842
4500,8427
9961,11532
385,2604
1638,5285
9591,11386
9118,11187
6201,9652
9040,11154
2710,6702
6415,9786
4882,8730
4306,8266
9214,11229
7158,10222
4169,8149
8294,10811
8246,10788
2925,6943
5255,9009
4886,8733
2330,6246
8388,10856
8398,10861
7165,10226
3600,7632
3308,7345
4851,8706
9160,11206
7928,10631
5804,9393
1957,5753
8198,10765
2128,5985
2367,6293
3935,7942
9643,11407
8854,11071
9152,11202
5168,8945
4369,8318
6672,9942
1301,4731
4656,8553
4994,8815
4190,8167
9659,11413
3155,7188
595,3229
1885,5651
7587,10455
9213,11228
6355,9749
1371,4852
8382,10853
1266,4669
8818,11055
7611,10468
8316,10822
8560,10937
7002,10134
1480,5034
602,3247
93,1285
1388,4881
5809,9396
1282,4697
4890,8736
6619,9910
24,654
7787,10559
6284,9704
1937,5725
7332,10318
8575,10944
188,1824
1469,5016
5820,9403
2979,7002
3520,7555
4870,8720
9435,11322
6417,9787
6240,9677
8547,10931
7314,10308
2539,6502
7077,10177
134,1541
7610,10467
1439,4967
5020,8835
2777,6779
3064,7093
1565,5171
8441,10881
6810,10023
4283,8246
3160,7194
8128,10731
6300,9714
1831,5574
5975,9506
7346,10326
3572,7605
8783,11039
5057,8863
1667,5330
4908,8750
8953,11115
1253,4646
7539,10430
9226,11234
8903,11093
6234,9673
4939,8773
7586,10454
4935,8770
8062,10698
8521,10919
8480,10900
7576,10449
7337,10321
7556,10439
1496,5060
8310,10819
2764,6764
1486,5044
9577,11380
5540,9212
2778,6780
1101,4363
1149,4455
8804,11049
2858,6869
4219,8192
4409,8352
1150,4457
2134,5993
9034,11151
2010,5826
7003,10135
893,3940
2533,6495
6054,9558
764,3651
1645,5296
4599,8507
3338,7375
4091,8081
7750,10540
7972,10653
691,3475
3458,7495
8286,10808
1983,5789
7156,10221
2171,6042
8624,10967
8542,10929
5879,9443
3244,7280
2703,6694
2549,6514
915,3987
7605,10464
6731,9977
5603,9256
3137,7170
7188,10239
9366,11293
5332,9064
8696,11000
2180,6054
7474,10395
4189,8166
4770,8643
9841,11486
5982,9511
2061,5896
314,2354
8930,11105
3034,7061
5818,9402
575,3175
4399,8343
5867,9435
8704,11004
3767,7789
6327,9731
9667,11416
3287,7324
2591,6564
2857,6868
7014,10141
8113,10723
8070,10702
2358,6281
4906,8748
130,1518
4235,8205
6458,9812
641,3349
8424,10873
9744,11447
7516,10417
4043,8039
6044,9551
3696,7723
9544,11367
2512,6470
8678,10992
587,3207
7378,10343
21,611
2629,6609
3747,7771
4713,8598
7816,10574
3136,7168
1082,4327
6468,9819
59,1024
41,854
4999,8819
3399,7436
8432,10877
4667,8561
4816,8679
4883,8730
7789,10560
9247,11243
8902,11093
431,2754
3413,7450
4244,8213
4413,8355
7441,10377
2096,5943
6098,9586
5012,8829
3452,7489
2077,5917
1075,4313
3033,7060
8841,11065
929,4017
1817,5553
7019,10144
9041,11154
2652,6635
1072,4307
944,4048
1976,5779
6485,9829
8007,10671
6099,9587
8184,10758
2136,5996
4162,8143
127,1501
9087,11174
1849,5600
6956,10108
2285,6189
3682,7710
1638,5285
329,2409
9726,11440
5109,8901
7412,10362
5953,9492
644,3357
3450,7487
9286,11259
8066,10700
2160,6028
1039,4242
5087,8885
1186,4524
1146,4449
3783,7804
1510,5083
3464,7500
6763,9996
8453,10887
103,1352
4084,8075
4141,8124
3905,7915
7059,10166
5036,8847
8790,11043
3061,7089
8912,11097
8334,10831
8228,10779
6480,9826
7279,10289
8693,10999
756,3632
3640,7670
9025,11147
3790,7810
6792,10013
5981,9510
5062,8866
2416,6353
3348,7385
6468,9819
42,864
5039,8849
2114,5967
4634,8535
4066,8059
386,2607
2126,5983
1992,5801
1400,4901
7744,10537
8230,10780
4527,8449
5437,9139
9398,11306
4588,8498
5978,9508
7592,10458
9246,11242
246,2085
9852,11490
5372,9093
6216,9661
3647,7677
9805,11471
1161,4477
2079,5920
9172,11211
5455,9152
1606,5235
6939,10098
4977,8802
8232,10781
1827,5568
5714,9332
1951,5744
4837,8695
8983,11129
1030,4224
6936,10096
8373,10849
9936,11523
3015,7040
3982,7984
2891,6906
6420,9789
8255,10793
3901,7912
3971,7975
4635,8536
7876,10605
3681,7709
710,3522
5875,9440
1165,4485
8132,10733
1293,4717
4555,8471
4429,8368
8983,11129
3138,7171
2139,6000
2463,6411
7024,10147
1483,5039
8732,11016
2927,6945
3790,7810
2578,6549
4640,8540
4924,8762
5973,9505
1863,5620
9371,11295
4138,8122
2030,5853
3372,7409
3790,7810
4069,8061
129,1512
5595,9250
3934,7941
5197,8966
9078,11170
9458,11331
2511,6469
8927,11104
8900,11092
9483,11342
863,3875
9678,11421
9266,11251
8172,10752
3172,7206
5237,8996
9813,11475
1060,4284
570,3161
6187,9643
9649,11409
5772,9371
7958,10646
4661,8557
5055,8861
6731,9977
1250,4640
3858,7873
4421,8362
4995,8816
9779,11461
7880,10607
193,1848
637,3339
9342,11283
938,4036
5025,8839
8705,11004
7306,10304
9105,11182
7829,10581
2386,6316
1680,5350
4436,8374
8110,10722
9939,11524
2672,6659
1442,4972
206,1909
7785,10558
505,2978
2118,5972
7234,10264
6927,10091
3068,7097
7595,10459
513,3001
8120,10727
2453,6399
560,3134
5806,9394
9392,11304
2399,6332
474,2886
9279,11256
3949,7955
1594,5217
8472,10896
2095,5941
5363,9087
3471,7507
1857,5611
4130,8115
4560,8475
4296,8257
875,3901
5440,9142
2780,6782
6130,9607
1626,5267
3483,7519
5076,8877
2393,6325
575,3175
3088,7118
4712,8597
8644,10976
1543,5136
929,4017
2210,6093
6213,9660
9041,11154
1652,5307
8306,10817
4257,8224
8516,10917
6893,10072
2079,5920
7060,10167
1489,5049
5119,8909
5553,9221
4141,8124
9821,11478
4543,8462
9186,11217
647,3364
5172,8948
3000,7024
4481,8411
6631,9917
8734,11017
8755,11027
9483,11342
2350,6271
640,3347
8610,10960
6926,10091
3715,7741
9384,11300
8469,10895
7786,10559
6509,9844
2339,6258
7458,10386
3459,7496
9735,11444
5769,9369
2438,6380
3807,7826
6050,9555
3016,7041
4244,8213
3945,7951
3609,7641
1530,5115
892,3938
7926,10630
6813,10025
7838,10585
8675,10990
7028,10149
8322,10825
4724,8607
42,864
5129,8916
8108,10721
9321,11274
823,3786
340,2449
5630,9274
2842,6851
7425,10369
999,4162
3330,7367
4687,8577
2875,6888
1140,4438
5166,8944
3608,7640
9290,11261
3761,7784
434,2763
7982,10658
1495,5059
3553,7587
3351,7389
7908,10621
9890,11505
809,3754
7692,10510
8834,11062
2849,6859
7074,10175
7777,10554
7815,10574
9961,11532
9212,11228
5066,8869
4002,8002
6494,9834
9280,11257
761,3644
7980,10657
5537,9210
2479,6430
4001,8001
4507,8432
3035,7062
5449,9148
9355,11288
2335,6253
46,904
9232,11236
7739,10534
4575,8488
1204,4557
5759,9362
1305,4738
9627,11400
8352,10839
3333,7370
4380,8328
9765,11456
7900,10617
4814,8677
4087,8077
4311,8270
4450,8386
1420,4935
8718,11010
2951,6971
6977,10120
5917,9468
5772,9371
4688,8578
280,2224
5649,9287
3456,7493
9517,11356
2930,6948
5484,9173
2192,6070
9596,11388
6530,9856
446,2801
4432,8371
866,3882
8423,10873
8365,10845
6071,9569
9640,11406
243,2073
445,2797
2541,6505
4581,8492
7613,10469
3259,7296
4498,8425
7657,10492
6936,10096
8641,10975
8721,11011
8151,10742
1475,5026
6989,10127
5560,9226
5035,8846
9093,11177
288,2255
3249,7285
2752,6750
6556,9872
7701,10515
7073,10174
1781,5501
1317,4759
2527,6488
6651,9929
3100,7131
9598,11389
5090,8887
3585,7618
9634,11403
5465,9159
5632,9276
5018,8833
9966,11534
6022,9537
9616,11396
2585,6557
6497,9836
5440,9142
4863,8715
3213,7248
2752,6750
2808,6813
7393,10351
4369,8318
9513,11354
6759,9993
5854,9426
9576,11380
2251,6146
5486,9174
6900,10076
3062,7091
6143,9615
5260,9012
3951,7957
7344,10325
8859,11074
9870,11497
4575,8488
2311,6222
9426,11318
480,2904
8033,10684
6602,9900
2471,6420
3292,7329
837,3817
7587,10455
4678,8570
1546,5141
2731,6726
4066,8059
9476,11339
4900,8743
6464,9816
3724,7749
82,1207
8520,10919
9394,11305
826,3793
8489,10904
5070,8872
7622,10473
8067,10701
8972,11124
3272,7309
2533,6495
1483,5039
4076,8068
7252,10274
8642,10975
4945,8778
7975,10655
6547,9867
8118,10726
2011,5827
1679,5348
5814,9399
2040,5867
682,3453
9985,11542
5409,9120
3693,7720
2469,6418
74,1146
2399,6332
5783,9378
9270,11253
1318,4761
6519,9850
3246,7282
6046,9552
3873,7886
2766,6766
4570,8484
3881,7894
7279,10289
6781,10006
6340,9739
9294,11263
3153,7186
8077,10705
1573,5184
97,1312
7005,10136
4898,8742
1821,5559
4743,8622
8619,10965
6157,9624
3296,7333
9256,11247
7594,10459
2607,6583
994,4152
50,943
4103,8091
4947,8779
3405,7442
7535,10427
7649,10488
8343,10835
9518,11356
4080,8071
6525,9853
4767,8640
5702,9324
7029,10149
3898,7909
2690,6679
1837,5582
5085,8884
5486,9174
4179,8157
4327,8283
8609,10960
2411,6347
7915,10624
2294,6201
8327,10827
7630,10478
2179,6053
9791,11466
5519,9197
6401,9777
1051,4266
1824,5564
9624,11399
6624,9913
3767,7789
111,1403
9001,11136
3728,7753
7856,10594
6911,10082
7565,10443
9404,11309
7047,10160
5688,9314
1493,5055
2743,6740
7082,10179
4947,8779
1611,5243
8695,10999
5779,9376
1464,5008
8764,11031
5373,9094
6709,9964
7820,10576
7043,10157
3378,7415
4230,8201
5387,9104
6169,9632
2105,5955
986,4135
5662,9296
2742,6739
4180,8158
9047,11157
9311,11270
6688,9951
4432,8371
727,3563
6300,9714
849,3844
2690,6679
2232,6121
1280,4694
8092,10713
8944,11111
2698,6688
7750,10540
4810,8674
3967,7971
785,3699
6259,9689
3524,7559
1526,5109
1772,5487
3984,7986
8577,10945
9012,11141
4310,8269
5111,8903
2876,6889
8740,11020
1176,4505
7327,10315
1049,4262
4758,8633
9967,11535
208,1918
6830,10035
2249,6143
7954,10644
1189,4529
7692,10510
478,2898
7948,10641
36,800
5327,9061
4213,8186
9749,11449
2651,6634
4728,8610
1003,4170
2985,7008
8615,10963
6246,9680
5497,9182
6148,9618
7692,10510
1601,5228
4099,8088
9318,11273
2216,6101
9901,11509
703,3505
635,3334
7969,10652
1632,5276
1930,5715
4649,8547
9933,11522
1829,5571
9185,11216
4444,8381
6698,9957
881,3914
3033,7060
8485,10902
4671,8565
8294,10811
9639,11405
718,3541
5848,9422
6974,10118
3300,7337
4631,8533
5106,8899
2033,5858
6315,9724
5027,8840
8118,10726
4077,8068
41,854
5085,8884
7970,10652
117,1441
6772,10001
4601,8509
7710,10519
7566,10444
8764,11031
4086,8076
3664,7693
1828,5569
2062,5897
7978,10656
6864,10055
9727,11440
9599,11389
845,3835
7810,10571
5366,9089
3524,7559
2474,6424
9383,11300
4108,8096
9810,11473
8955,11116
8180,10756
9961,11532
8015,10675
9317,11272
7919,10626
7932,10633
8747,11023
7705,10517
3444,7481
3838,7854
4390,8336
4374,8323
7086,10182
9665,11416
9294,11263
3696,7723
5205,8972
5605,9257
9246,11242
4151,8133
416,2706
1048,4260
6936,10096
1714,5401
9712,11435
9092,11176
1487,5046
5000,8820
6180,9639
606,3258
4099,8088
185,1810
7127,10205
7628,10477
8207,10769
1375,4859
3074,7103
3822,7840
6161,9626
1627,5268
7208,10250
84,1221
1442,4972
454,2825
8356,10841
5460,9156
1624,5263
3006,7031
1892,5661
9918,11516
918,3994
9838,11484
2270,6170
2255,6151
4040,8036
5050,8857
5955,9493
6109,9593
811,3759
1932,5718
9342,11283
5241,8999
1546,5141
9531,11361
4910,8751
1062,4288
8170,10751
801,3736
7382,10345
2923,6941
1663,5324
2045,5874
5938,9482
9806,11472
45,894
4690,8580
7350,10328
8878,11082
5295,9038
8925,11103
6035,9545
6234,9673
5152,8933
3735,7759
2499,6454
2031,5855
9164,11207
3613,7644
2287,6192
7528,10424
9449,11327
4583,8494
8300,10814
8284,10807
5075,8876
2807,6812
2252,6147
8861,11074
1716,5404
34,778
22,626
3953,7959
8541,10928
2815,6821
7438,10376
3495,7531
3587,7620
8034,10684
3194,7229
3954,7959
2318,6231
8765,11031
7247,10272
1921,5702
5473,9165
6883,10066
368,2546
9206,11225
4132,8117
3373,7410
930,4019
264,2160
1150,4457
349,2480
2644,6626
295,2282
8071,10703
8338,10833
3589,7621
8319,10823
3131,7163
8288,10809
2152,6017
7785,10558
3004,7029
2184,6059
3176,7210
3666,7695
4975,8801
7819,10576
5826,9407
1874,5636
4699,8587
9758,11453
4422,8362
9358,11290
6044,9551
7583,10453
9274,11254
3212,7247
5046,8854
1683,5354
4838,8696
254,2119
3061,7089
4183,8161
4397,8342
7151,10218
4213,8186
6085,9578
3188,7223
5483,9172
1231,4606
9969,11536
1373,4856
1471,5019
3849,7864
7171,10229
5215,8980
6366,9756
6846,10044
8426,10874
1399,4900
4741,8620
9771,11458
7245,10270
4500,8427
5642,9282
8344,10835
5663,9297
4632,8533
2675,6662
2386,6316
2471,6420
4045,8040
7232,10263
1666,5328
8899,11091
3577,7610
343,2459
1644,5294
8703,11003
3576,7609
1737,5435
4073,8065
174,1755
4767,8640
9026,11147
6366,9756
3857,7872
2621,6599
1112,4384
5369,9091
5694,9318
4209,8183
1972,5774
5550,9219
7694,10511
4966,8794
7809,10570
23,640
6495,9835
9478,11339
2379,6307
827,3795
1590,5210
4484,8414
2175,6047
9191,11219
816,3770
7420,10366
2303,6212
9479,11340
5482,9171
4351,8303
4192,8168
8070,10702
9994,11545
2136,5996
5531,9206
82,1207
106,1371
2613,6590
8838,11064
4607,8513
8851,11070
2135,5995
6201,9652
9820,11477
8931,11106
5391,9107
9437,11323
3921,7930
5146,8929
9027,11148
8976,11125
7112,10196
1842,5590
791,3713
6657,9933
6515,9847
6004,9525
2340,6259
8637,10973
5122,8911
875,3901
5391,9107
9642,11406
179,1780
1746,5449
8709,11006
6629,9916
7627,10476
765,3653
4931,8767
8472,10896
6168,9631
1296,4722
1192,4535
8685,10995
7437,10375
5726,9340
4726,8608
2867,6879
240,2060
3663,7692
2773,6774
3787,7808
862,3873
582,3194
6248,9682
3039,7066
6720,9970
4836,8694
5158,8938
4304,8264
8088,10711
7659,10493
6118,9599
4845,8701
2200,6080
6043,9550
3043,7070
4997,8817
5012,8829
194,1853
6211,9658
7368,10338
6027,9540
128,1507
3720,7745
4331,8287
8433,10878
7439,10376
2096,5943
2161,6029
3072,7101
8495,10907
4623,8526
5826,9407
6729,9976
3862,7876
5051,8858
5341,9071
7752,10541
3968,7972
7104,10192
7808,10570
5058,8863
3066,7095
2942,6961
7877,10605
5382,9100
2901,6917
1207,4562
2235,6125
4629,8531
8,378
3986,7988
2451,6396
7900,10617
2025,5847
1496,5060
8446,10884
8049,10692
5291,9035
252,2110
775,3676
7820,10576
4024,8022
6728,9975
9632,11402
4760,8635
8562,10938
5106,8899
2081,5923
1418,4932
348,2477
2033,5858
6209,9657
8748,11024
9870,11497
1235,4613
1813,5548
6714,9967
3184,7218
6689,9952
4970,8797
5323,9058
10000,11548
1199,4548
6964,10112
9073,11168
2179,6053
5001,8820
4128,8113
3183,7217
7890,10612
2882,6896
8685,10995
7380,10344
7461,10388
7212,10252
4863,8715
5375,9095
6162,9627
7234,10264
6410,9783
3119,7151
2471,6420
5869,9436
3622,7653
1206,4560
960,4082
3710,7736
5222,8985
4820,8682
3591,7623
8893,11089
2046,5875
1371,4852
6172,9633
4055,8049
7267,10283
2025,5847
4843,8700
2818,6825
2718,6711
2694,6684
3854,7869
7608,10466
4907,8749
1189,4529
6376,9762
686,3463
2377,6305
551,3109
7574,10448
2416,6353
6806,10021
446,2801
7666,10496
7113,10197
8979,11127
9950,11528
6272,9697
9855,11491
1427,4947
607,3260
4217,8190
2326,6241
7892,10613
9369,11294
4694,8583
939,4038
8784,11040
2860,6871
407,2677
585,3202
8499,10909
8449,10885
7617,10471
3619,7650
7188,10239
3825,7843
748,3613
401,2657
4249,8217
6237,9675
5902,9458
551,3109
9113,11185
9055,11160
8683,10994
3511,7546
3237,7273
8920,11101
4098,8087
5853,9425
3262,7299
3556,7590
6990,10127
3989,7991
8614,10962
1206,4560
2177,6050
4342,8296
445,2797
4634,8535
3489,7525
4875,8724
6552,9870
461,2847
1754,5461
4055,8049
7304,10303
5945,9486
984,4131
7739,10534
4171,8150
2424,6363
8406,10865
5350,9077
5364,9087
8193,10762
6668,9939
7304,10303
2903,6919
7751,10541
3365,7403
2809,6815
6691,9953
869,3888
4194,8170
9889,11504
9207,11226
2961,6982
6213,9660
7759,10545
6588,9891
3160,7194
1205,4559
3558,7592
7951,10643
1349,4814
8789,11042
2170,6041
5134,8920
4919,8758
4369,8318
7194,10242
1178,4509
7762,10546
7714,10521
8198,10765
1557,5158
7887,10610
2356,6279
12,462
2454,6400
3338,7375
6078,9573
2454,6400
6916,10085
1209,4566
4257,8224
3722,7747
4391,8337
3286,7323
8574,10944
1070,4303
9531,11361
7833,10583
3841,7857
7052,10163
7097,10188
8603,10957
5329,9062
7704,10516
3991,7992
3948,7954
7720,10525
9438,11323
9186,11217
928,4015
4015,8014
2444,6388
5495,9180
4573,8486
8818,11055
6023,9537
8546,10931
1670,5334
6052,9556
8324,10826
6575,9884
5367,9090
7932,10633
1616,5251
3223,7259
9457,11331
9429,11319
483,2913
6951,10105
25,667
1040,4244
2819,6826
7087,10182
5305,9045
4372,8321
5840,9417
5303,9044
9288,11260
8897,11091
3276,7313
6076,9572
9833,11483
9683,11423
4840,8697
5850,9423
4437,8375
8226,10779
3453,7490
3372,7409
5313,9051
3538,7572
9472,11337
4762,8636
3539,7573
7542,10431
2571,6540
1016,4196
7262,10280
1051,4266
330,2413
8175,10754
9942,11525
1814,5549
7886,10610
2220,6106
1893,5663
5073,8875
4894,8739
1355,4825
2206,6088
2246,6139
2628,6607
7158,10222
9431,11320
8790,11043
5373,9094
7509,10414
4925,8763
7282,10291
2484,6436
1306,4740
3753,7776
2580,6551
5251,9006
8267,10798
91,1271
2091,5936
8307,10818
5475,9166
3689,7716
8203,10767
8752,11025
5847,9421
2806,6811
8504,10911
13,481
7679,10503
6256,9687
3952,7958
1826,5566
6832,10036
2315,6227
3481,7517
584,3199
3624,7655
3035,7062
1386,4878
5443,9144
9038,11153
8316,10822
5252,9007
9137,11196
5451,9149
4312,8271
309,2335
1870,5630
1089,4340
59,1024
454,2825
1282,4697
9724,11439
6490,9832
2583,6554
2598,6572
8675,10990
6863,10054
1474,5024
7931,10633
7493,10405
6627,9915
9449,11327
7229,10262
979,4121
1411,4920
7090,10184
5845,9420
9285,11259
3447,7484
7326,10315
8632,10971
1217,4581
9198,11222
7718,10524
84,1221
716,3536
8601,10956
3955,7960
1267,4671
5778,9375
2060,5894
8570,10942
9298,11264
2349,6270
4421,8362
2841,6850
3731,7756
8813,11053
1496,5060
7796,10564
6544,9865
2407,6342
7903,10618
2336,6254
8857,11073
1358,4830
1514,5089
3105,7136
6247,9681
7841,10587
7857,10595
1656,5313
2221,6107
387,2611
3367,7405
1160,4475
8690,10997
2012,5829
7658,10492
7052,10163
6477,9824
1687,5360
3574,7607
3847,7863
1053,4270
5294,9037
7064,10169
3675,7703
9397,11306
490,2934
3499,7535
8601,10956
8989,11131
2181,6055
2002,5815
6166,9630
2371,6298
7678,10503
144,1598
275,2204
6195,9648
8121,10727
1987,5794
2135,5995
8793,11044
5492,9178
7146,10215
7278,10289
136,1553
2945,6965
4890,8736
4050,8045
6425,9792
7185,10237
5592,9248
4449,8385
8768,11033
7095,10187
2706,6698
5600,9253
2071,5909
6676,9944
3183,7217
4019,8017
8541,10928
8355,10841
2661,6646
8524,10920
9075,11169
8853,11071
4273,8238
142,1587
7406,10358
4935,8770
889,3932
7799,10565
6466,9817
7172,10230
7123,10203
7557,10439
4707,8593
4122,8108
4036,8032
888,3929
4272,8237
9752,11450
5103,8897
2643,6625
5840,9417
7395,10352
4700,8588
9329,11277
4079,8070
5044,8853
9983,11541
9286,11259
3448,7485
9783,11463
9698,11429
7837,10585
1719,5409
7150,10218
2579,6550
2193,6071
6932,10094
6107,9592
3213,7248
3682,7710
2158,6025
9087,11174
4781,8651
1409,4916
535,3064
5048,8856
2151,6016
2179,6053
3418,7455
1777,5495
4165,8145
8715,11009
3097,7128
2156,6022
9395,11305
3549,7583
5126,8914
7812,10572
1188,4527
8781,11038
790,3711
7925,10629
6240,9677
2987,7010
212,1937
4698,8586
9421,11316
4845,8701
6662,9936
2442,6385
1165,4485
293,2274
1603,5231
6026,9539
7767,10549
3797,7817
3342,7379
8650,10979
8921,11101
9656,11412
8564,10939
3909,7919
1648,5301
7776,10554
4427,8367
3357,7395
6182,9640
8798,11046
4872,8722
5798,9389
1052,4268
6572,9882
779,3685
3273,7310
2302,6211
704,3507
2975,6997
3393,7430
9908,11512
8917,11099
6517,9848
6034,9545
9210,11227
8053,10694
7707,10518
6845,10044
4178,8156
2281,6184
6802,10019
3007,7032
3094,7124
3635,7665
1067,4297
1425,4943
3101,7132
914,3985
5226,8988
255,2123
4274,8238
714,3531
7262,10280
1541,5133
8804,11049
2468,6417
5967,9501
9921,11517
3384,7421
8479,10899
1799,5527
5491,9177
8282,10806
9216,11230
2230,6119
9168,11209
2409,6345
9937,11523
7594,10459
5471,9163
7034,10152
7964,10649
9160,11206
4452,8387
1689,5363
2373,6300
5148,8930
4025,8023
9227,11234
5357,9082
4829,8689
5596,9251
3817,7835
5598,9252
5106,8899
7822,10577
5517,9196
8388,10856
5934,9479
3921,7930
2890,6905
2760,6759
8822,11057
1294,4719
9583,11382
1034,4232
2631,6611
4363,8313
9937,11523
7892,10613
7924,10629
6702,9960
2643,6625
318,2369
9281,11257
2988,7011
558,3128
9568,11376
7326,10315
2611,6587
3880,7893
8969,11122
5676,9306
6825,10032
9292,11262
3784,7805
9776,11460
6532,9858
3241,7277
7046,10159
2516,6475
4484,8414
6006,9526
8852,11070
4729,8610
9087,11174
6153,9621
8788,11042
4554,8471
410,2686
910,3977
5879,9443
1273,4681
5148,8930
9161,11206
9880,11501
356,2505
1643,5293
8628,10969
9138,11196
4149,8131
5570,9233
894,3942
4554,8471
4426,8366
1569,5177
7841,10587
5407,9118
4972,8798
1293,4717
8917,11099
4719,8603
5287,9032
1873,5634
9901,11509
6892,10071
5737,9347
209,1923
9147,11200
785,3699
8710,11006
6428,9794
1455,4993
4297,8258
6436,9799
2516,6475
2961,6982
9367,11293
2223,6110
6546,9866
9492,11345
2063,5898
7740,10535
7191,10240
1268,4673
9037,11152
8673,10989
7565,10443
645,3359
6041,9549
9402,11308
817,3772
6686,9950
9963,11533
6348,9744
9181,11215
3150,7183
2498,6453
8956,11117
7613,10469
3560,7594
2629,6609
6825,10032
5671,9302
1020,4204
5122,8911
8758,11028
8869,11078
4342,8296
6647,9927
2998,7022
4843,8700
978,4119
2515,6474
6303,9716
9681,11422
3069,7098
2951,6971
4386,8333
6774,10002
5981,9510
8179,10756
6582,9888
5678,9307
7578,10450
7708,10518
2407,6342
3155,7188
1738,5437
4006,8006
8076,10705
8097,10715
6852,10048
1856,5610
6892,10071
8428,10875
3296,7333
1603,5231
4793,8661
9486,11343
79,1184
9846,11488
2523,6483
2368,6294
3881,7894
1902,5675
7451,10383
1627,5268
4139,8123
6568,9879
806,3748
8137,10735
4635,8536
7554,10438
479,2901
6792,10013
2575,6545
9655,11412
7961,10648
996,4156
3153,7186
6205,9654
5835,9413
9363,11292
9112,11185
8255,10793
9237,11238
5521,9199
562,3139
1096,4354
8913,11098
3319,7356
831,3804
4844,8700
1684,5356
4892,8737
7642,10484
9048,11157
9677,11420
7432,10372
8891,11088
9310,11269
403,2664
5974,9505
5007,8825
8923,11102
3232,7268
1115,4390
7230,10262
7676,10502
1748,5452
1043,4250
3791,7811
7442,10378
4790,8658
9834,11483
4630,8532
8842,11066
5305,9045
8541,10928
1070,4303
4379,8327
355,2502
2759,6758
4505,8431
7416,10364
9025,11147
468,2868
9350,11286
1108,4377
7619,10472
535,3064
7649,10488
3629,7660
3308,7345
6155,9623
4608,8514
279,2220
3935,7942
5539,9211
685,3460
7582,10452
5729,9342
5405,9117
4687,8577
798,3729
7626,10476
5014,8830
9144,11199
8891,11088
100,1332
6154,9622
621,3297
6718,9969
6208,9656
1834,5578
358,2512
1179,4511
1014,4192
3988,7990
2324,6239
1707,5390
1405,4910
7166,10227
9774,11459
9897,11508
8790,11043
1686,5359
4948,8780
2891,6906
6888,10069
3970,7974
6511,9845
6205,9654
1403,4906
4464,8397
8824,11058
3880,7893
7675,10501
788,3706
2921,6939
2502,6458
1432,4955
1014,4192
1630,5273
5009,8826
7799,10565
9543,11366
2400,6333
8970,11123
1759,5468
1247,4635
7459,10387
2361,6285
7521,10420
2361,6285
8835,11063
8506,10912
2050,5881
9892,11506
1765,5477
267,2172
6067,9566
4217,8190
8515,10916
528,3044
2537,6500
7526,10423
4412,8354
1804,5534
923,4004
9532,11362
1209,4566
6508,9843
2479,6430
5107,8900
5615,9264
4665,8560
1293,4717
1053,4270
165,1710
5725,9339
8351,10839
6268,9694
7063,10169
7608,10466
3470,7506
1172,4498
7529,10424
4459,8393
614,3279
8242,10786
4965,8793
9662,11414
1725,5418
4079,8070
4,267
9173,11211
7558,10440
6611,9905
1946,5737
454,2825
2322,6236
2815,6821
5403,9115
1477,5029
8178,10755
7461,10388
9307,11268
3284,7321
4445,8381
3287,7324
2897,6912
4406,8349
170,1735
5950,9490
8533,10925
1771,5486
7980,10657
5796,9387
7015,10142
429,2747
6861,10053
1551,5149
5362,9086
405,2670
2972,6994
3298,7335
341,2452
7243,10269
6859,10052
5201,8969
5995,9519
6721,9971
3042,7069
9150,11201
4280,8244
3465,7501
8321,10824
2119,5973
1242,4626
9277,11255
7257,10277
4951,8782
4887,8734
3121,7153
7030,10150
1300,4729
3136,7168
4417,8358
4627,8529
1016,4196
2535,6497
9210,11227
4977,8802
1246,4633
8511,10914
4750,8627
286,2247
253,2115
3017,7043
7237,10266
5406,9117
7253,10275
7179,10234
9834,11483
3873,7886
7817,10575
2786,6789
9315,11272
7143,10214
2242,6134
4781,8651
8202,10767
8565,10940
6300,9714
3189,7224
6268,9694
6071,9569
6416,9787
6559,9874
4567,8481
5693,9317
8001,10668
8295,10812
7905,10619
7149,10217
3956,7961
8455,10888
9045,11156
2092,5937
8291,10810
4438,8376
5419,9127
8378,10852
876,3903
8534,10925
2604,6579
9580,11381
7595,10459
1902,5675
334,2427
1041,4246
2792,6795
271,2188
3427,7464
9397,11306
7625,10475
422,2725
9062,11163
2599,6573
2851,6861
5045,8854
9577,11380
9742,11446
1426,4945
3811,7830
4232,8203
1702,5383
1942,5732
7473,10394
8984,11129
7771,10551
8447,10884
3690,7717
5724,9338
3198,7233
696,3487
3416,7453
6716,9968
7901,10617
302,2309
7574,10448
2649,6632
597,3234
1292,4715
3772,7794
7824,10578
6095,9584
355,2502
8671,10988
8288,10809
1798,5526
5783,9378
8283,10806
8062,10698
7194,10242
6245,9680
2477,6428
6821,10030
2588,6560
5,299
4221,8193
1500,5067
5775,9373
6690,9952
2045,5874
7953,10644
7199,10245
5075,8876
4657,8553
1069,4301
8258,10794
6550,9868
2727,6722
932,4023
6088,9580
6520,9850
6189,9644
6766,9997
9365,11293
8715,11009
3300,7337
7572,10447
2629,6609
4232,8203
3936,7943
8105,10719
8926,11103
8142,10738
3728,7753
2241,6133
1046,4256
5846,9421
9702,11431
5747,9354
882,3916
3748,7771
615,3282
7500,10409
5455,9152
3605,7637
3327,7364
2535,6497
2757,6756
826,3793
8362,10844
6435,9798
2338,6256
9954,11530
1978,5782
6551,9869
8916,11099
1006,4176
7767,10549
6205,9654
4855,8709
323,2387
472,2880
3740,7764
4141,8124
5674,9304
4915,8755
3700,7727
5858,9429
7613,10469
9812,11474
6502,9839
806,3748
8851,11070
6114,9596
3178,7212
2242,6134
4061,8054
8302,10815
6786,10009
2105,5955
7428,10370
1278,4690
1704,5386
4539,8458
1259,4656
4296,8257
9472,11337
7111,10196
6596,9896
6498,9837
5317,9054
9886,11503
5630,9274
1161,4477
5479,9169
3228,7264
376,2574
446,2801
6434,9798
3115,7146
6753,9990
5820,9403
9229,11235
2557,6524
6449,9807
9873,11498
6132,9608
1997,5808
1734,5431
1099,4360
8862,11075
3099,7130
1751,5456
387,2611
9759,11453
9979,11539
3022,7048
8179,10756
8910,11096
1485,5042
5111,8903
8394,10859
9163,11207
3625,7656
5599,9253
8984,11129
7094,10186
4478,8409
1548,5144
8172,10752
231,2021
3425,7462
8346,10836
3059,7087
4412,8354
1105,4371
9961,11532
1674,5340
5183,8956
8327,10827
9411,11312
8709,11006
7355,10331
9416,11314
3915,7924
3181,7215
9645,11408
1144,4445
6797,10016
5795,9386
3286,7323
7107,10194
1966,5765
9968,11535
5974,9505
6582,9888
3769,7791
1121,4402
9672,11418
5684,9311
3274,7311
4471,8403
9956,11531
290,2263
3965,7969
2255,6151
7370,10339
2160,6028
6850,10047
1997,5808
7402,10356
7605,10464
9388,11302
6504,9841
7864,10599
3503,7539
780,3688
6155,9623
7088,10183
9620,11397
2239,6130
7124,10203
6136,9610
9898,11508
9447,11327
132,1530
3373,7410
5231,8991
4033,8030
2742,6739
7679,10503
1756,5464
4766,8640
2371,6298
3564,7598
7236,10265
4983,8807
7649,10488
9752,11450
9495,11346
3834,7851
7371,10339
8476,10898
4492,8420
5972,9504
3308,7345
2295,6202
4776,8647
4840,8697
5137,8922
7005,10136
684,3458
4956,8786
4605,8512
4890,8736
7912,10623
1404,4908
7657,10492
3012,7037
8317,10822
7870,10602
2939,6958
6273,9697
9794,11467
7199,10245
6631,9917
574,3172
4250,8218
1685,5357
8833,11062
9672,11418
596,3231
6083,9576
3939,7946
3121,7153
8243,10787
5749,9355
1700,5380
353,2495
3542,7576
9654,11411
406,2673
6987,10126
9902,11510
2721,6715
3415,7452
6230,9670
4205,8180
8464,10892
5093,8889
3039,7066
566,3150
4175,8154
9563,11374
9718,11437
6397,9775
7321,10312
9604,11391
8311,10820
5774,9372
6578,9885
9471,11337
6705,9961
3502,7538
25,667
4414,8356
7430,10371
7795,10563
3535,7570
9789,11465
2710,6702
2510,6468
4045,8040
4452,8387
9368,11294
5249,9004
5883,9445
1607,5237
9014,11142
985,4133
2205,6086
2887,6901
920,3998
321,2380
7431,10372
6977,10120
2107,5957
9047,11157
2397,6330
9469,11336
9885,11503
9069,11166
723,3553
426,2738
6667,9939
9909,11512
8292,10810
8370,10848
1261,4660
8567,10940
5782,9378
6788,10010
9770,11458
7467,10391
8038,10686
2749,6747
9316,11272
4113,8100
7959,10647
6941,10099
4966,8794
9066,11165
1712,5398
8591,10952
8650,10979
2391,6322
3096,7127
2653,6636
3003,7027
6319,9726
7999,10667
6487,9830
8765,11031
2409,6345
3697,7724
5229,8990
5210,8976
4018,8016
6146,9617
8682,10993
5866,9434
3600,7632
8645,10977
4117,8103
5261,9013
3573,7606
8771,11034
867,3884
220,1973
8592,10952
3280,7317
8344,10835
6518,9849
5613,9262
5310,9049
6266,9693
5138,8923
3646,7676
1592,5214
5168,8945
2273,6174
7320,10312
6106,9591
7409,10360
4585,8496
4210,8184
9146,11200
7889,10611
4583,8494
1363,4838
4148,8130
4177,8155
8578,10946
7073,10174
4573,8486
2779,6781
5138,8923
492,2940
8723,11012
5618,9266
6897,10074
8939,11109
3736,7760
9822,11478
8380,10853
1062,4288
9267,11251
3979,7982
7238,10267
6472,9821
4321,8278
9793,11467
2503,6459
2379,6307
9224,11233
1648,5301
5529,9204
1444,4975
4927,8764
5913,9465
1418,4932
2880,6894
4348,8301
1316,4757
9796,11468
9978,11539
8801,11048
9479,11340
3011,7036
4233,8204
3751,7774
4050,8045
9603,11391
1245,4631
1406,4911
3354,7392
858,3864
3954,7959
3504,7539
8931,11106
9784,11463
6429,9795
2137,5997
8124,10729
2582,6553
9715,11436
8251,10791
2420,6358
1582,5198
5889,9449
2909,6925
3416,7453
8213,10772
7502,10410
1973,5775
8845,11067
2504,6460
3499,7535
994,4152
5572,9234
8396,10860
9203,11224
6892,10071
6134,9609
6949,10104
1414,4925
2256,6152
4982,8806
3547,7581
8423,10873
2324,6239
8926,11103
348,2477
22,626
1020,4204
6996,10131
9974,11537
5388,9105
1032,4228
1591,5212
6768,9999
5330,9063
4584,8495
8253,10792
5200,8969
214,1946
6253,9685
4972,8798
7690,10509
6335,9736
7177,10233
4486,8415
5063,8867
493,2943
7158,10222
2595,6569
6900,10076
1025,4214
6542,9864
4618,8522
8445,10883
9391,11303
8743,11021
4591,8501
3892,7904
777,3681
3025,7051
4094,8083
7639,10482
4442,8379
8142,10738
1621,5259
1998,5810
4907,8749
6046,9552
1712,5398
3928,7936
4540,8459
8253,10792
4998,8818
4516,8440
8213,10772
663,3405
942,4044
2332,6249
1774,5490
426,2738
664,3408
1304,4736
9044,11155
5492,9178
7313,10308
2442,6385
4623,8526
5482,9171
9203,11224
7321,10312
4421,8362
1378,4864
165,1710
6327,9731
7720,10525
6076,9572
8863,11075
5383,9101
8232,10781
4765,8639
3823,7841
53,971
6483,9828
7221,10257
2053,5885
6850,10047
292,2271
4096,8085
4009,8008
3436,7473
7535,10427
5534,9208
6636,9920
6746,9986
553,3114
555,3120
1132,4423
4388,8334
9357,11289
3043,7070
6292,9709
485,2919
198,1872
4353,8305
4454,8389
5481,9170
710,3522
7157,10222
8302,10815
7952,10643
9675,11420
3703,7729
1280,4694
51,952
7304,10303
1775,5492
3976,7979
1264,4665
1795,5521
8854,11071
34,778
2908,6924
9702,11431
949,4059
9082,11172
510,2992
2676,6663
5692,9317
502,2969
9823,11479
644,3357
331,2416
7354,10330
7321,10312
463,2853
3611,7643
1711,5396
6529,9856
7547,10434
7629,10477
2270,6170
4450,8386
1258,4655
1586,5204
3295,7332
1064,4291
9764,11455
9107,11183
3788,7809
1789,5512
9346,11285
5806,9394
9812,11474
6905,10078
3304,7341
245,2081
648,3367
3436,7473
56,998
2532,6494
1520,5099
1324,4771
1917,5697
9040,11154
785,3699
480,2904
8000,10667
1882,5647
3059,7087
7662,10494
7857,10595
6049,9554
5592,9248
3455,7492
6576,9884
2813,6819
4780,8651
471,2877
3208,7243
4010,8009
3263,7300
9817,11476
213,1941
8302,10815
9012,11141
9778,11461
8822,11057
6399,9776
7038,10155
3496,7532
7456,10385
398,2647
2263,6161
3605,7637
3297,7334
4663,8558
1719,5409
3158,7191
9161,11206
1008,4180
9029,11149
8057,10696
3279,7316
572,3166
7315,10309
3016,7041
2742,6739
4993,8814
5835,9413
703,3505
8479,10899
8029,10682
6766,9997
9433,11321
843,3831
9798,11469
3208,7243
8901,11092
3328,7365
740,3594
2011,5827
338,2441
5483,9172
9774,11459
7830,10581
4829,8689
2424,6363
6998,10132
6904,10078
6170,9632
6471,9820
449,2810
2540,6503
3619,7650
8684,10994
9148,11200
3802,7821
6260,9689
3568,7601
7408,10359
4260,8227
512,2998
6060,9561
6419,9788
3034,7061
7524,10422
196,1863
1083,4329
8922,11102
228,2008
10,422
7344,10325
6306,9718
3311,7348
9193,11220
185,1810
8732,11016
526,3038
4809,8673
351,2488
3642,7672
8730,11015
4486,8415
1011,4186
2824,6831
5151,8933
8771,11034
6000,9522
9677,11420
5600,9253
53,971
3586,7619
1485,5042
7539,10430
6347,9744
4647,8545
4808,8672
922,4002
8433,10878
1120,4400
6233,9672
6446,9805
8076,10705
5775,9373
790,3711
1569,5177
6142,9614
9860,11493
3494,7530
9737,11444
311,2343
8607,10959
5415,9124
4949,8781
9640,11406
5319,9055
623,3302
5316,9053
2963,6984
5017,8833
3740,7764
2372,6299
5245,9001
435,2766
7306,10304
2075,5914
8406,10865
7417,10364
3926,7934
9269,11252
3302,7339
5838,9415
379,2584
3510,7545
1554,5153
7623,10474
7787,10559
2764,6764
5147,8930
701,3500
5683,9311
8818,11055
5893,9452
4507,8432
4226,8198
1580,5195
8284,10807
5686,9313
335,2431
6626,9914
1957,5753
6245,9680
6733,9978
953,4067
1620,5257
1298,4726
2862,6874
5824,9406
5643,9283
2972,6994
2883,6897
3160,7194
6708,9963
7276,10287
5593,9249
20,597
7106,10193
3875,7888
9515,11355
4835,8693
3973,7976
1707,5390
900,3955
73,1139
5852,9425
6615,9908
6945,10101
3636,7666
883,3919
3033,7060
1775,5492
5764,9366
4554,8471
6257,9687
9097,11178
223,1986
1729,5424
4553,8470
6658,9933
6978,10120
4574,8487
3079,7109
7870,10602
7135,10209
2808,6813
3505,7540
6648,9927
5581,9240
6672,9942
5847,9421
513,3001
8985,11129
2907,6923
59223
74891
107675
103501
97143
171564
9375
156167
53365
31831
187184
139638
156464
141474
83140
148724
158162
160068
173073
133636
139370
44995
78745
87080
24459
90672
131525
131779
142993
109650
148900
144324
80502
24723
45888
7499
127107
57378
21020
13440
133280
79558
417
148314
149150
134303
47661
63811
91612
82825
79635
75252
140907
50383
107708
46188
98727
56206
137864
89096
131571
29478
4601
70672
69109
93263
25628
9498
137075
38858
107179
129848
79396
54445
118035
78234
61451
108147
39971
43934
54476
124900
96219
49760
67041
23756
100949
56754
75775
100043
52873
89709
87039
31064
71233
34
12091
7934
111655
56829
59356
20894
94383
68291
48664
22092
84256
86733
77259
101868
68224
28391
29532
75835
83105
96692
66054
64700
53756
670
24906
73293
6097
87813
40962
48666
58502
81251
58239
74203
2715
81092
4615
24288
45150
67718
32062
88292
82376
79770
8696
77203
86982
47939
39484
36791
2091
958
28726
30160
39590
76900
24525
58981
55119
3605
20385
25458
41714
10019
77168
45129
32527
59008
81847
6692
57552
31572
24192
1378
50487
35365
8525
23271
24217
32393
42995
58806
43901
15289
52608
67562
74259
30282
59817
55585
9699
6658
18630
16462
43624
44886
46216
47168
35217
2124
70954
11128
61583
53616
