100098,654
100011,231
100013,440
100031,323
100037,968
100027,942
100012,179
100045,652
100044,808
100087,1
100087,729
100026,687
100094,290
100089,262
100013,50
100034,139
100051,8
100054,695
100047,453
100052,252
100010,138
100016,611
100003,149
100088,228
100013,720
100054,26
100087,212
100057,599
100033,173
100062,870
100022,124
100038,746
100026,756
100075,867
100019,839
100070,319
100017,702
100043,91
100046,250
100063,646
100078,182
100050,519
100068,125
100028,289
100098,381
100002,115
100076,974
100024,804
100090,825
100012,258
100003,404
100041,652
100061,592
100065,684
100056,138
100016,925
100099,869
100017,739
100085,621
100083,822
100065,5
100058,468
100097,917
100001,318
100005,737
100068,733
100075,348
100031,50
100044,79
100018,567
100005,5
100029,3
100016,429
100088,777
100002,448
100046,80
100071,837
100062,758
100043,655
100011,769
100033,661
100020,417
100001,234
100086,775
100046,174
100084,412
100095,827
100098,48
100099,984
100063,248
100023,647
100014,672
100082,670
100005,354
100012,543
100026,936
100070,594
100036,215
100078,762
100019,307
100014,34
100054,747
100005,311
100065,548
100065,154
100021,556
100053,695
100032,29
100085,64
100016,139
100056,844
100005,959
100011,335
100009,770
100095,257
100072,556
100041,827
100030,955
100054,258
100021,479
100022,12
100086,576
100045,328
100030,232
100068,510
100095,305
100007,864
100057,926
100071,780
100041,412
100095,124
100093,807
100020,698
100023,98
100067,274
100058,606
100020,292
100020,651
100048,788
100040,150
100082,408
100022,637
100086,815
100009,570
100085,820
100042,415
100082,824
100046,324
100092,594
100076,764
100080,240
100039,176
100002,510
100023,522
100062,661
100016,669
100029,957
100087,583
100050,726
100075,23
100066,507
100056,271
100060,333
100014,635
100089,465
100021,715
100064,779
100055,577
100087,815
100050,897
100028,665
100042,759
100015,119
100005,597
100040,788
100006,765
100034,419
100082,762
100042,293
100073,824
100011,666
100029,2
100087,950
100006,236
100062,500
100061,177
100010,16
100055,381
100069,120
100044,706
100019,98
100029,400
100057,791
100083,414
100002,730
100050,231
100026,54
100099,734
100088,696
100007,753
100008,683
100033,492
100003,921
100033,828
100054,326
100035,898
100021,860
100028,762
100079,681
100012,735
100042,832
100060,19
100077,550
100070,600
100068,403
100035,252
100053,837
100056,328
100092,491
100015,64
100047,668
100027,729
100090,247
100002,908
100091,968
100072,90
100065,377
100026,839
100043,49
100055,594
100023,116
100042,469
100072,492
100089,244
100093,255
100074,257
100036,204
100081,118
100031,418
100075,972
100016,272
100062,383
100031,31
100070,507
100020,904
100076,771
100055,591
100070,943
100066,159
100011,329
100047,975
100007,640
100039,71
100079,948
100000,175
100005,881
100056,222
100047,959
100027,223
100037,269
100034,366
100041,237
100071,527
100070,893
100090,131
100090,97
100022,70
100086,70
100006,881
100064,579
100054,303
100072,108
100096,87
100037,864
100082,264
100056,565
100001,691
100096,119
100014,258
100013,886
100081,241
100054,966
100057,251
100064,14
100006,499
100099,591
100080,8
100089,347
100033,454
100072,947
100037,306
100074,120
100062,470
100002,825
100072,198
100023,548
100045,609
100054,927
100070,649
100012,210
100015,843
100064,338
100072,311
100065,26
100071,795
100003,242
100019,648
100066,731
100090,142
100027,154
100002,979
100092,511
100082,308
100093,533
100011,827
100000,939
100006,976
100009,725
100041,146
100022,679
100024,238
100031,422
100072,21
100004,918
100075,811
100061,39
100057,380
100044,300
100015,126
100046,86
100096,613
100007,600
100040,789
100029,841
100001,303
100021,644
100045,697
100015,739
100025,35
100005,45
100091,102
100049,789
100000,301
100006,590
100085,568
100016,739
100090,687
100001,557
100087,209
100008,621
100068,776
100004,777
100015,148
100047,515
100014,202
100067,483
100076,626
100055,115
100098,525
100080,47
100041,975
100047,960
100034,707
100066,195
100034,908
100064,503
100028,834
100020,342
100012,82
100077,305
100088,969
100015,438
100082,96
100050,195
100021,712
100073,340
100029,736
100094,479
100027,856
100093,444
100073,132
100018,841
100029,178
100071,364
100057,913
100062,218
100004,786
100075,147
100004,605
100051,609
100006,232
100052,117
100075,828
100001,535
100045,166
100096,647
100046,829
100044,921
100036,267
100075,746
100070,586
100056,541
100033,623
100095,726
100014,806
100045,757
100029,1
100095,706
100029,170
100073,123
100048,595
100092,916
100095,759
100033,851
100090,811
100072,234
100076,626
100045,306
100051,142
100058,462
100085,121
100099,269
100022,87
100093,206
100012,240
100084,815
100023,445
100018,550
100027,113
100036,441
100067,716
100007,106
100027,754
100016,387
100082,243
100037,195
100026,753
100070,960
100029,370
100082,38
100052,296
100070,95
100060,602
100041,385
100038,573
100056,103
100014,191
100085,515
100093,447
100050,169
100013,37
100028,179
100045,963
100049,492
100083,213
100007,204
100066,309
100040,38
100025,350
100003,348
100009,189
100081,572
100062,613
100063,741
100079,357
100093,268
100058,188
100043,447
100074,102
100063,47
100004,195
100018,773
100073,503
100099,63
100033,46
100079,593
100029,40
100099,194
100064,304
100068,611
100092,245
100057,223
100050,122
100079,615
100030,299
100077,127
100075,759
100028,737
100022,320
100092,931
100087,504
100054,921
100076,808
100022,843
100064,311
100004,461
100011,784
100020,258
100070,568
100024,453
100071,60
100002,871
100095,787
100021,429
100086,799
100045,923
100022,159
100072,330
100034,13
100028,222
100002,585
100027,662
100078,542
100091,357
100056,604
100038,465
100070,53
100091,589
100070,559
100091,402
100034,476
100044,918
100020,538
100088,981
100085,185
100044,85
100017,386
100084,288
100044,460
100046,821
100034,733
100093,979
100054,951
100028,960
100050,468
100095,221
100096,318
100023,877
100078,961
100006,102
100021,984
100007,339
100069,599
100011,905
100001,298
100030,634
100069,556
100011,558
100074,781
100072,266
100043,536
100006,99
100039,364
100025,669
100086,569
100006,9
100024,773
100087,213
100000,690
100057,433
100043,696
100025,124
100023,758
100001,660
100017,62
100011,173
100068,427
100018,956
100019,747
100055,745
100027,475
100029,278
100073,488
100042,629
100051,883
100048,58
100049,467
100082,966
100055,785
100015,579
100048,764
100006,942
100082,310
100076,284
100068,302
100052,894
100035,967
100058,200
100052,365
100087,856
100003,627
100038,814
100015,648
100025,483
100062,47
100093,920
100029,744
100026,454
100008,973
100053,112
100035,814
100025,905
100047,644
100073,422
100096,767
100020,6
100075,849
100015,548
100059,225
100061,651
100008,830
100052,240
100015,225
100019,193
100027,19
100062,77
100067,147
100041,540
100079,449
100032,344
100066,871
100016,261
100069,380
100084,692
100034,909
100088,111
100073,236
100087,819
100026,333
100021,906
100086,538
100023,763
100054,374
100053,452
100014,738
100020,778
100085,609
100058,937
100085,80
100021,534
100016,294
100098,62
100058,903
100075,486
100071,898
100001,580
100009,718
100008,855
100088,939
100024,50
100059,151
100099,710
100050,658
100046,461
100031,171
100093,945
100042,733
100025,410
100092,571
100000,225
100036,886
100018,638
100051,465
100062,637
100004,511
100009,628
100066,549
100068,286
100045,930
100054,372
100049,908
100078,381
100093,899
100026,859
100078,819
100078,652
100091,857
100033,46
100093,596
100052,530
100069,464
100061,384
100087,982
100066,166
100048,203
100043,114
100059,521
100068,795
100076,406
100099,236
100031,470
100017,314
100025,734
100045,564
100051,385
100032,553
100073,617
100083,525
100006,652
100033,91
100048,792
100026,847
100057,149
100031,535
100029,20
100038,148
100032,988
100022,853
100007,143
100063,660
100047,832
100092,176
100048,205
100032,157
100019,369
100011,515
100064,624
100091,93
100090,296
100009,299
100009,767
100049,356
100037,664
100087,890
100076,851
100049,839
100084,423
100037,356
100065,689
100009,250
100050,599
100095,537
100080,311
100024,705
100035,613
100033,208
100046,90
100035,54
100032,92
100061,743
100002,669
100074,769
100072,274
100007,256
100034,734
100084,775
100030,945
100048,635
100086,950
100023,598
100066,161
100086,146
100028,79
100013,573
100080,920
100047,314
100026,769
100082,427
100051,313
100027,66
100001,173
100099,262
100058,79
100078,736
100046,846
100003,767
100063,345
100024,855
100096,139
100016,445
100028,839
100031,670
100026,466
100046,240
100013,492
100077,610
100063,440
100049,663
100042,470
100052,366
100065,849
100026,99
100087,26
100052,902
100032,279
100004,33
100098,274
100023,104
100098,604
100027,964
100038,97
100093,769
100035,312
100092,958
100028,140
100076,622
100090,659
100071,512
100022,971
100088,707
100007,90
100098,549
100017,185
100097,613
100065,967
100076,373
100091,819
100099,554
100054,313
100057,568
100085,84
100019,600
100059,629
100096,390
100030,962
100048,397
100035,551
100084,525
100098,83
100086,994
100032,139
100082,585
100021,593
100040,819
100029,972
100060,9
100054,305
100085,250
100045,665
100021,675
100007,304
100000,610
100036,897
100015,581
100097,732
100012,101
100000,350
100033,739
100030,894
100044,847
100050,809
100029,803
100097,966
100058,287
100090,8
100099,420
100080,40
100011,723
100074,499
100080,461
100002,383
100065,242
100035,26
100075,58
100009,226
100096,374
100091,584
100058,326
100066,536
100042,400
100013,108
100055,795
100089,629
100099,979
100011,971
100064,939
100013,79
100090,951
100044,818
100026,870
100084,218
100069,752
100003,155
100094,95
100028,898
100080,353
100041,945
100095,710
100003,572
100088,448
100008,724
100034,397
100038,858
100096,11
100030,942
100094,125
100065,180
100079,10
100002,655
100077,173
100035,345
100099,742
100073,299
100099,299
100024,470
100022,960
100042,975
100005,727
100067,86
100047,838
100011,741
100013,394
100073,399
100061,67
100036,841
100015,713
100087,756
100073,913
100089,40
100089,14
100037,71
100095,141
100027,781
100087,785
100084,602
100011,668
100014,436
100076,422
100026,698
100081,966
100038,597
100067,650
100082,951
100077,793
100073,471
100098,494
100023,378
100066,320
100074,444
100003,54
100006,774
100029,662
100067,37
100042,672
100044,997
100028,667
100084,447
100041,77
100014,522
100055,963
100092,964
100053,694
100017,309
100038,183
100070,439
100060,499
100080,939
100019,20
100049,903
100047,38
100047,962
100034,926
100077,72
100045,303
100029,586
100055,841
100068,610
100051,876
100093,446
100011,192
100037,700
100080,881
100012,513
100089,777
100000,797
100016,866
100013,819
100018,374
100026,871
100052,685
100070,624
100031,956
100058,933
100085,267
100047,563
100013,109
100004,476
100017,181
100063,945
100080,6
100019,454
100096,970
100027,636
100053,816
100094,969
100040,48
100017,713
100020,616
100030,638
100041,54
100003,248
100012,125
100054,962
100070,611
100098,640
100011,5
100039,484
100062,227
100006,774
100079,554
100082,721
100065,259
100053,133
100051,905
100026,300
100043,360
100040,460
100043,549
100033,680
100091,922
100089,886
100057,173
100004,195
100068,366
100025,398
100049,996
100033,749
100099,701
100039,980
100061,301
100035,15
100040,366
100012,888
100047,74
100021,492
100036,727
100041,408
100087,877
100003,748
100075,6
100083,324
100041,899
100047,614
100032,20
100047,344
100076,469
100074,383
100070,626
100031,257
100002,759
100015,309
100081,630
100000,366
100053,873
100046,603
100048,847
100032,414
100000,603
100070,592
100046,782
100060,428
100089,242
100092,74
100070,864
100018,90
100057,62
100041,802
100083,833
100048,545
100011,644
100006,774
100066,775
100026,365
100077,509
100055,63
100091,319
100095,496
100015,404
100062,298
100098,522
100011,767
100099,12
100094,877
100076,182
100074,909
100088,562
100036,317
100043,756
100066,742
100011,390
100083,923
100089,200
100058,687
100071,531
100066,747
100030,93
100035,156
100092,637
100034,935
100090,491
100034,878
100031,240
100069,873
100051,539
100026,101
100036,241
100069,373
100069,16
100001,509
100084,1
100085,304
100000,971
100081,222
100096,798
100028,327
100078,161
100026,850
100006,801
100006,551
100008,318
100005,704
100074,893
100027,288
100076,404
100062,211
100093,720
100068,941
100011,841
100014,431
100068,360
100092,445
100006,308
100097,610
100057,485
100005,673
100050,249
100090,939
100084,730
100047,822
100016,32
100013,965
100091,68
100041,391
100073,59
100047,572
100004,632
100093,472
100064,474
100075,661
100086,649
100020,216
100099,699
100041,826
100046,606
100004,387
100059,129
100070,891
100098,27
100007,415
100089,584
100006,997
100094,222
100019,929
100047,32
100038,412
100088,388
100050,961
100008,383
100034,253
100075,298
100077,933
100041,654
100016,228
100087,337
100091,377
100076,107
100078,15
100000,596
100031,618
100037,670
100059,23
100076,939
100024,350
100032,15
100054,15
100013,998
100062,710
100037,581
100061,894
100035,169
100072,600
100093,617
100033,56
100055,486
100098,296
100003,836
100016,692
100034,356
100094,949
100095,379
100038,745
100072,10
100090,737
100000,148
100090,129
100033,380
100068,907
100093,390
100092,371
100098,875
100099,584
100089,452
100065,849
100093,427
100052,246
100034,263
100076,911
100080,241
100098,569
100068,699
100023,614
100073,786
100033,620
100065,732
100000,945
100035,192
100078,152
100030,34
100001,397
100053,333
100073,349
100034,558
100037,882
100024,351
100044,463
100022,23
100078,631
100094,383
100068,29
100092,75
100016,199
100015,331
100023,363
100099,853
100028,417
100092,528
100094,439
100081,797
100087,11
100048,45
100038,5
100089,144
100012,551
100007,897
100024,549
100049,196
100093,159
100066,685
100025,233
100082,234
100067,271
100078,200
100053,562
100025,670
100070,469
100016,88
100052,686
100075,607
100088,361
100093,797
100083,792
100079,416
100030,622
100030,776
100096,917
100069,988
100084,883
100010,463
100074,692
100034,737
100092,626
100010,943
100062,696
100085,151
100081,447
100075,701
100010,414
100095,126
100084,966
100074,490
100022,463
100074,825
100020,944
100098,37
100023,671
100049,68
100085,693
100069,744
100012,97
100086,372
100075,70
100069,104
100079,185
100049,806
100083,769
100035,42
100034,634
100074,333
100038,551
100057,662
100060,94
100018,725
100039,255
100007,337
100053,87
100087,863
100045,986
100081,757
100043,672
100036,711
100073,315
100052,218
100048,653
100041,923
100065,437
100025,651
100004,862
100088,855
100005,885
100062,671
100003,645
100063,193
100040,732
100070,229
100092,937
100024,58
100010,679
100092,595
100065,447
100039,530
100047,133
100023,601
100011,519
100041,234
100006,789
100089,692
100076,146
100020,835
100021,746
100076,202
100014,310
100077,137
100032,965
100033,709
100063,187
100009,116
100017,594
100028,125
100045,566
100091,54
100026,871
100094,477
100001,167
100040,595
100059,757
100072,411
100027,440
100038,470
100074,72
100026,169
100087,841
100001,594
100054,144
100019,672
100012,329
100022,892
100030,360
100012,350
100037,829
100086,995
100012,737
100010,399
100074,558
100039,431
100065,540
100087,414
100034,856
100092,39
100089,312
100020,681
100042,409
100031,151
100024,264
100097,948
100017,870
100095,192
100093,86
100019,100
100023,346
100055,760
100064,387
100019,2
100032,973
100086,760
100040,302
100006,334
100073,825
100050,958
100031,348
100000,74
100054,89
100091,444
100070,398
100033,897
100063,612
100000,814
100092,841
100043,128
100007,641
100068,746
100007,772
100055,261
100037,326
100035,288
100097,100
100075,794
100065,563
100075,269
100010,57
100043,251
100039,761
100035,36
100096,253
100052,619
100071,840
100051,544
100021,890
100064,220
100084,967
100059,99
100059,135
100040,631
100045,669
100077,180
100028,621
100085,901
100087,698
100076,289
100042,984
100074,739
100033,338
100063,305
100012,192
100014,901
100067,436
100095,401
100009,219
100096,77
100061,880
100098,240
100076,361
100018,684
100048,695
100093,90
100008,855
100059,266
100007,446
100005,799
100050,758
100079,39
100084,879
100090,345
100070,530
100028,633
100030,39
100032,447
100031,364
100078,710
100000,392
100061,985
100063,736
100044,579
100009,761
100030,703
100030,809
100066,325
100071,501
100029,435
100018,685
100037,22
100009,391
100095,167
100006,502
100076,745
100016,702
100091,324
100071,445
100011,594
100066,492
100014,12
100052,338
100014,541
100032,325
100032,695
100055,465
100007,381
100038,846
100051,194
100070,574
100077,655
100057,669
100078,767
100020,763
100066,348
100035,621
100025,525
100095,403
100022,685
100083,955
100017,320
100065,836
100079,594
100056,233
100084,280
100016,595
100083,871
100074,981
100001,132
100032,540
100047,877
100072,754
100041,951
100014,713
100024,488
100092,834
100097,882
100030,949
100098,60
100005,46
100068,337
100073,595
100028,31
100083,475
100015,967
100098,656
100029,705
100024,13
100093,160
100056,106
100024,358
100028,462
100070,350
100078,286
100022,390
100062,393
100037,977
100049,252
100090,733
100046,936
100044,77
100096,155
100008,910
100094,2
100060,647
100019,984
100061,726
100087,957
100051,35
100064,576
100052,922
100004,374
100006,735
100089,870
100011,88
100087,44
100025,846
100046,597
100041,930
100065,287
100032,210
100042,40
100073,921
100009,30
100073,186
100035,680
100078,109
100098,685
100057,95
100021,861
100081,374
100007,174
100094,353
100086,910
100071,440
100081,328
100087,293
100014,431
100087,382
100037,887
100014,386
100006,823
100092,453
100094,296
100068,141
100064,351
100052,865
100065,924
100017,388
100057,127
100067,955
100021,510
100050,114
100083,990
100013,290
100021,18
100023,943
100078,816
100041,422
100021,905
100061,56
100042,504
100005,83
100072,698
100071,955
100035,151
100096,360
100054,771
100028,954
100041,514
100097,844
100046,127
100011,636
100008,598
100074,312
100096,488
100099,538
100039,717
100066,203
100007,395
100036,805
100065,473
100045,20
100000,90
100034,545
100022,166
100029,90
100084,930
100087,870
100053,970
100026,443
100095,538
100019,795
100097,601
100076,694
100089,954
100026,497
100046,731
100045,768
100070,621
100076,340
100098,859
100038,206
100092,488
100057,5
100086,363
100068,958
100005,471
100043,803
100043,945
100092,545
100088,100
100014,269
100040,307
100007,609
100095,198
100030,282
100058,386
100087,999
100014,602
100037,339
100064,303
100022,510
100043,275
100054,729
100067,401
100021,471
100073,16
100088,130
100030,565
100087,527
100054,756
100065,557
100034,567
100064,603
100051,833
100006,179
100038,153
100066,549
100072,896
100040,155
100082,60
100086,920
100037,904
100078,976
100021,331
100016,82
100052,482
100009,371
100064,224
100082,795
100088,63
100069,620
100061,741
100042,779
100054,918
100040,591
100082,385
100038,570
100037,975
100042,830
100062,59
100096,916
100034,12
100034,209
100036,719
100072,583
100096,765
100067,110
100094,946
100038,924
100022,843
100026,460
100085,5
100045,95
100033,586
100061,980
100037,992
100043,226
100094,204
100082,518
100014,143
100099,637
100040,375
100078,433
100093,333
100092,873
100066,652
100096,669
100005,336
100039,516
100025,112
100088,570
100049,846
100024,320
100019,663
100063,587
100060,481
100065,257
100057,87
100090,187
100075,390
100031,664
100046,893
100014,848
100081,786
100065,937
100030,492
100051,567
100048,753
100067,718
100069,635
100036,8
100039,863
100044,476
100012,518
100067,131
100080,70
100021,25
100083,367
100036,852
100085,795
100012,871
100029,956
100070,869
100095,380
100083,203
100060,747
100088,751
100049,395
100076,593
100036,477
100098,680
100051,405
100047,965
100095,268
100037,77
100059,355
100098,880
100021,59
100089,582
100013,798
100025,227
100058,765
100023,74
100097,541
100058,204
100028,184
100010,239
100022,472
100030,461
100026,891
100003,799
100015,723
100032,566
100051,515
100072,67
100026,1
100027,658
100098,253
100067,572
100010,63
100034,586
100011,893
100035,953
100085,108
100055,402
100012,521
100076,802
100094,824
100028,235
100043,2
100062,901
100079,515
100075,640
100079,123
100090,501
100053,871
100035,969
100094,412
100041,80
100056,876
100051,479
100044,610
100060,963
100033,160
100076,721
100003,813
100008,879
100008,591
100075,544
100006,398
100029,29
100017,253
100056,991
100085,99
100000,105
100059,349
100017,659
100086,972
100000,448
100085,256
100012,370
100010,223
100076,66
100060,393
100019,168
100036,237
100053,136
100040,42
100059,213
100095,12
100031,148
100027,416
100068,747
100011,460
100039,464
100061,156
100033,303
100052,935
100020,182
100019,153
100087,25
100031,719
100012,192
100070,537
100083,923
100027,859
100071,660
100022,574
100046,709
100097,968
100034,680
100012,859
100087,159
100091,80
100003,466
100065,601
100003,204
100099,384
100073,633
100083,432
100058,271
100043,739
100022,436
100001,528
100043,663
100079,13
100034,875
100075,876
100029,697
100089,487
100074,293
100016,64
100061,93
100083,149
100008,972
100054,91
100092,117
100000,753
100052,157
100074,117
100048,932
100088,547
100054,87
100062,608
100078,642
100008,844
100027,858
100019,524
100021,864
100057,910
100030,110
100015,994
100059,649
100011,622
100032,740
100065,567
100016,635
100066,572
100030,226
100019,145
100068,683
100086,690
100015,887
100022,230
100024,953
100079,268
100098,717
100099,749
100077,373
100048,9
100030,82
100019,714
100077,862
100066,306
100069,789
100025,455
100079,239
100018,238
100044,777
100005,512
100004,659
100062,825
100093,910
100079,589
100000,313
100055,339
100084,406
100019,173
100038,75
100004,90
100017,994
100047,711
100064,913
100012,778
100057,178
100023,200
100009,292
100081,204
100000,19
100079,952
100037,332
100075,356
100000,796
100083,999
100062,418
100030,519
100053,695
100017,919
100009,96
100035,362
100048,652
100038,816
100042,133
100018,741
100002,434
100057,394
100062,33
100000,606
100061,182
100063,86
100033,75
100075,839
100040,661
100088,247
100083,521
100081,488
100000,478
100014,571
100079,530
100092,171
100051,695
100024,748
100062,862
100076,122
100076,416
100076,137
100086,719
100068,609
100053,189
100067,802
100020,945
100061,107
100064,42
100007,60
100018,860
100094,437
100094,63
100017,8
100065,556
100020,331
100097,330
100090,239
100087,270
100022,589
100084,972
100091,679
100099,748
100080,467
100059,235
100022,833
100006,500
100060,292
100084,526
100033,648
100081,280
100040,859
100011,148
100027,733
100064,87
100046,943
100017,932
100044,454
100004,510
100037,633
100022,827
100006,678
100063,999
100046,755
100047,769
100093,381
100031,714
100073,390
100089,606
100069,496
100059,724
100056,467
100033,257
100095,787
100055,176
100036,942
100056,623
100021,481
100022,306
100028,440
100012,37
100033,264
100015,263
100066,776
100075,482
100026,536
100047,269
100068,525
100026,502
100078,279
100027,730
100067,412
100090,710
100029,305
100044,366
100053,873
100068,91
100086,818
100087,389
100047,648
100086,293
100070,874
100037,472
100043,248
100024,421
100053,703
100039,376
100008,971
100033,456
100050,660
100036,641
100005,312
100018,784
100044,932
100075,443
100097,582
100082,851
100081,512
100013,378
100046,786
100028,185
100007,829
100069,546
100036,849
100003,411
100055,550
100092,233
100041,337
100062,977
100091,953
100096,151
100072,781
100080,195
100093,267
100043,354
100062,452
100037,400
100005,173
100039,162
100021,887
100008,276
100004,249
100070,682
100056,630
100036,978
100099,182
100061,155
100083,623
100087,351
100027,587
100066,343
100045,487
100007,516
100099,660
100013,939
100076,552
100094,269
100025,88
100081,161
100041,741
100021,444
100056,756
100028,576
100033,942
100042,806
100018,886
100030,800
100056,865
100067,356
100049,290
100056,679
100077,764
100027,173
100005,706
100089,171
100061,694
100023,7
100009,368
100019,16
100076,914
100087,995
100003,63
100046,73
100042,243
100038,356
100078,687
100065,632
100041,13
100097,387
100006,608
100020,817
100079,326
100071,683
100048,2
100093,153
100067,244
100065,575
100034,113
100079,161
100096,791
100093,20
100012,142
100053,733
100093,606
100075,847
100053,234
100063,899
100006,663
100004,755
100032,500
100035,475
100039,738
100077,580
100023,419
100047,455
100029,47
100007,656
100015,536
100029,738
100015,825
100031,797
100048,419
100091,789
100095,237
100088,682
100086,754
100098,228
100063,229
100020,1
100015,420
100012,463
100011,131
100090,33
100026,99
100055,57
100023,149
100054,187
100096,665
100007,652
100075,868
100083,492
100062,901
100026,914
100006,503
100099,537
100038,35
100019,552
100058,580
100094,672
100031,716
100075,950
100061,525
100055,448
100000,578
100037,930
100048,57
100063,686
100065,991
100081,733
100028,951
100079,179
100084,959
100037,290
100078,157
100020,702
100054,950
100027,484
100062,381
100057,436
100016,355
100071,397
100047,952
100020,643
100033,726
100010,506
100011,40
100015,210
100093,888
100071,555
100087,841
100056,787
100043,106
100048,5
100090,51
100056,392
100024,277
100066,445
100003,470
100024,204
100009,732
100043,512
100011,983
100010,900
100067,108
100076,936
100054,963
100099,505
100061,883
100054,519
100032,273
100097,38
100022,986
100047,135
100008,82
100034,338
100080,614
100097,580
100044,336
100063,333
100089,383
100053,190
100004,617
100015,358
100007,414
100000,448
100021,467
100015,530
100083,866
100015,248
100042,511
100006,161
100094,351
100040,472
100007,927
100094,963
100093,950
100060,421
100072,553
100008,149
100001,14
100000,994
100053,778
100094,731
100016,611
100037,545
100096,582
100002,273
100096,507
100068,181
100086,421
100027,986
100063,172
100051,466
100035,670
100044,456
100050,653
100045,634
100008,355
100071,245
100054,624
100055,447
100068,568
100063,772
100066,864
100037,470
100024,388
100065,695
100053,202
100068,93
100063,673
100094,242
100077,200
100091,61
100070,526
100073,726
100068,701
100048,271
100089,486
100025,247
100063,282
100005,627
100094,266
100030,193
100008,723
100016,934
100070,140
100037,971
100071,66
100007,213
100017,906
100023,642
100084,464
100057,284
100008,511
100007,65
100005,986
100098,536
100067,392
100061,862
100004,336
100015,222
100061,204
100080,454
100092,273
100042,250
100041,151
100046,112
100030,761
100075,22
100017,315
100034,748
100042,916
100038,626
100088,26
100065,740
100090,622
100048,292
100010,82
100012,65
100098,896
100080,294
100043,858
100056,498
100025,286
100091,599
100058,654
100093,598
100041,323
100059,911
100001,669
100021,888
100065,929
100025,780
100037,267
100065,685
100051,706
100031,278
100089,437
100008,863
100092,363
100001,895
100014,208
100062,631
100042,308
100038,842
100038,971
100067,73
100026,996
100071,110
100094,523
100060,276
100062,814
100070,75
100024,230
100036,800
100080,982
100004,696
100086,69
100099,326
100035,908
100074,259
100076,509
100038,184
100073,54
100062,453
100043,378
100082,511
100015,292
100011,380
100031,472
100054,154
100029,923
100086,446
100039,502
100056,393
100064,278
100079,710
100073,908
100007,115
100001,72
100056,526
100021,920
100074,609
100092,123
100057,913
100074,896
100052,96
100032,211
100069,729
100013,932
100072,88
100052,765
100078,8
100078,993
100090,342
100095,431
100051,317
100059,220
100012,973
100060,974
100081,470
100034,358
100010,990
100024,8
100013,748
100000,304
100005,77
100012,950
100022,71
100096,591
100082,895
100083,784
100042,824
100042,92
100070,965
100068,389
100085,326
100004,21
100020,120
100001,102
100066,216
100049,937
100029,253
100085,57
100068,712
100073,953
100071,997
100086,880
100067,659
100062,26
100011,249
100042,615
100002,729
100087,796
100080,271
100070,52
100030,983
100033,389
100059,870
100016,797
100025,643
100020,151
100040,926
100089,439
100014,958
100050,125
100082,665
100023,419
100089,292
100054,77
100006,927
100024,486
100000,927
100093,2
100062,789
100038,418
100027,819
100012,907
100048,955
100085,602
100084,899
100012,842
100048,992
100017,773
100084,400
100011,493
100033,702
100045,87
100035,737
100009,453
100063,308
100067,672
100053,270
100099,11
100042,238
100003,581
100070,316
100032,119
100009,93
100014,370
100029,860
100096,577
100051,612
100039,669
100076,238
100017,385
100014,907
100050,153
100070,433
100077,479
100086,497
100062,342
100038,556
100088,882
100029,286
100081,353
100095,939
100077,311
100072,369
100033,996
100002,192
100010,677
100037,215
100048,970
100049,305
100098,91
100035,902
100013,276
100038,509
100048,36
100031,81
100083,757
100097,246
100067,249
100028,363
100078,74
100046,390
100057,429
100040,406
100015,323
100062,191
100089,49
100004,850
100023,192
100072,72
100018,235
100022,87
100098,151
100075,610
100052,378
100051,354
100013,619
100090,658
100043,347
100073,465
100086,445
100078,687
100001,911
100098,736
100017,350
100067,165
100082,371
100073,840
100016,910
100030,49
100043,29
100065,172
100059,813
100073,179
100089,353
100094,969
100020,804
100093,516
100041,607
100093,917
100029,929
100009,830
100018,671
100075,768
100054,439
100074,919
100050,642
100048,337
100033,417
100090,665
100053,622
100009,191
100070,574
100057,42
100093,770
100009,438
100026,506
100038,294
100027,627
100086,459
100009,910
100026,799
100043,971
100092,267
100091,388
100004,880
100050,770
100043,478
100023,660
100025,139
100026,966
100071,615
100070,232
100067,113
100084,287
100025,290
100043,44
100038,386
100005,643
100016,414
100008,872
100096,547
100073,514
100033,262
100022,294
100011,719
100009,161
100039,540
100022,34
100007,752
100053,833
100098,356
100027,835
100086,22
100083,328
100080,816
100025,148
100073,536
100032,737
100041,868
100011,359
100049,361
100001,52
100028,873
100037,691
100017,38
100041,155
100040,232
100071,822
100043,517
100031,46
100058,465
100012,656
100080,841
100002,881
100095,13
100067,697
100034,936
100093,929
100023,241
100005,834
100003,448
100001,297
100051,333
100075,959
100043,602
100042,758
100012,261
100085,40
100027,852
100014,70
100082,184
100032,467
100098,816
100029,888
100013,969
100052,160
100011,229
100062,807
100000,925
100079,157
100009,606
100059,297
100010,249
100053,980
100048,657
100019,661
100098,267
100001,228
100089,3
100060,12
100042,641
100077,855
100075,569
100097,292
100076,640
100068,616
100069,189
100094,313
100053,809
100082,490
100039,28
100030,299
100078,357
100036,678
100051,318
100076,870
100056,377
100097,636
100019,179
100054,64
100049,365
100024,659
100035,234
100037,340
100016,138
100041,633
100071,447
100065,999
100099,655
100054,13
100006,676
100025,854
100076,225
100078,756
100043,735
100095,588
100023,694
100013,46
100063,569
100004,48
100076,232
100060,492
100039,282
100028,730
100022,594
100012,142
100020,882
100035,707
100053,435
100009,489
100084,490
100087,667
100019,478
100013,399
100079,279
100059,108
100021,696
100090,711
100016,455
100049,400
100053,601
100093,551
100097,19
100093,931
100087,48
100015,337
100082,934
100012,296
100045,664
100042,422
100081,825
100055,419
100033,356
100086,600
100075,766
100050,264
100060,554
100098,800
100068,118
100009,9
100059,90
100071,661
100017,474
100000,696
100080,433
100001,420
100013,208
100011,536
100028,159
100092,228
100064,121
100034,49
100007,135
100088,52
100073,963
100009,686
100080,227
100060,57
100008,557
100002,537
100006,795
100040,320
100065,137
100054,165
100026,666
100043,595
100085,770
100097,850
100011,476
100026,796
100043,914
100063,75
100004,495
100061,356
100000,661
100091,64
100032,685
100095,616
100074,978
100036,62
100070,467
100057,470
100020,683
100007,798
100016,425
100079,978
100072,229
100078,578
100056,255
100041,807
100075,144
100053,433
100066,709
100046,345
100041,874
100088,176
100057,23
100015,625
100045,713
100006,336
100070,820
100052,997
100025,190
100057,969
100080,764
100086,957
100049,923
100098,392
100060,478
100008,634
100060,323
100026,340
100085,962
100067,605
100085,664
100055,513
100023,624
100028,232
100031,123
100058,361
100087,618
100065,248
100076,443
100054,489
100074,417
100032,746
100036,359
100099,874
100020,349
100057,883
100083,998
100019,984
100025,640
100070,49
100092,878
100073,158
100013,140
100023,311
100076,274
100003,50
100091,512
100068,73
100064,548
100066,151
100076,93
100049,819
100025,338
100045,55
100092,209
100000,155
100085,172
100014,324
100035,96
100078,4
100042,770
100062,163
100099,164
100046,474
100094,260
100061,975
100007,418
100048,58
100063,195
100040,809
100017,312
100060,681
100009,296
100003,445
100024,903
100052,454
100098,392
100020,491
100054,493
100027,731
100048,85
100004,486
100037,600
100008,403
100095,268
100005,750
100011,786
100097,52
100037,645
100041,706
100027,68
100094,218
100012,123
100093,168
100042,236
100076,717
100096,805
100044,411
100063,856
100038,671
100093,683
100069,28
100058,853
100080,531
100008,328
100018,503
100017,108
100082,73
100090,949
100006,246
100073,186
100029,644
100075,650
100040,172
100013,433
100099,445
100048,705
100031,276
100029,608
100048,986
100078,651
100012,148
100074,454
100045,318
100068,872
100061,501
100092,954
100085,245
100015,880
100072,499
100061,14
100031,968
100089,467
100071,739
100072,993
100024,602
100098,214
100018,512
100074,116
100087,570
100076,943
100066,47
100027,863
100008,295
100061,99
100027,952
100061,636
100035,693
100078,153
100003,166
100088,204
100035,870
100022,859
100056,607
100065,30
100089,789
100036,658
100047,30
100001,408
100003,803
100025,988
100002,130
100031,461
100024,654
100025,282
100012,679
100098,800
100075,652
100086,898
100052,616
100053,335
100069,634
100008,169
100065,377
100010,247
100060,684
100055,610
100071,701
100032,881
100049,96
100087,759
100012,853
100091,408
100087,562
100050,584
100067,771
100066,278
100086,25
100082,203
100041,243
100072,448
100069,439
100027,327
100018,307
100083,872
100001,441
100027,741
100077,322
100055,421
100096,923
100073,821
100093,82
100041,472
100009,636
100007,605
100053,590
100091,89
100019,1
100044,300
100084,794
100002,21
100050,552
100066,211
100039,534
100040,850
100057,445
100000,428
100090,675
100078,46
100037,409
100027,950
100092,980
100008,759
100016,518
100010,875
100091,698
100007,868
100038,556
100028,110
100068,384
100075,122
100067,372
100043,933
100007,402
100033,550
100016,786
100072,896
100021,272
100015,114
100006,550
100002,273
100065,448
100059,14
100004,435
100096,925
100056,26
100062,79
100091,508
100071,427
100054,933
100066,584
100069,186
100010,271
100098,520
100001,656
100096,413
100002,133
100087,447
100018,15
100048,495
100038,703
100023,218
100078,398
100038,327
100083,357
100036,712
100032,829
100068,185
100068,51
100081,618
100013,949
100037,942
100027,430
100014,872
100034,181
100056,584
100036,411
100016,333
100076,111
100026,10
100039,650
100007,381
100090,72
100025,597
100026,500
100041,873
100028,286
100053,990
100056,282
100021,430
100048,667
100018,675
100010,886
100028,904
100010,237
100056,89
100028,79
100041,932
100045,917
100084,574
100055,882
100049,770
100036,95
100075,530
100093,780
100034,468
100069,589
100081,688
100023,137
100019,234
100025,673
100063,613
100012,954
100021,843
100046,770
100021,347
100054,837
100021,389
100045,677
100065,833
100041,675
100099,807
100010,415
100021,193
100046,604
100026,588
100011,825
100056,436
100064,389
100069,140
100027,947
100043,870
100044,851
100000,293
100064,342
100036,238
100014,641
100049,42
100031,481
100059,587
100082,313
100079,991
100026,362
100024,528
100088,886
100016,846
100077,696
100017,489
100065,107
100032,693
100086,26
100066,262
100063,679
100035,825
100027,606
100033,912
100021,173
100068,291
100015,230
100037,818
100050,653
100054,496
100017,465
100022,39
100097,237
100041,129
100011,527
100056,694
100073,114
100088,442
100055,641
100036,633
100060,319
100028,902
100083,649
100052,457
100041,671
100027,322
100015,158
100032,321
100017,668
100031,654
100092,264
100048,305
100061,852
100087,653
100002,458
100012,73
100088,882
100045,294
100018,522
100058,744
100007,807
100077,339
100038,416
100030,741
100014,284
100018,696
100023,252
100013,162
100089,252
100055,823
100093,980
100083,674
100076,316
100079,240
100058,780
100017,352
100017,756
100051,801
100097,316
100073,214
100064,662
100069,719
100020,553
100019,634
100031,170
100021,501
100061,528
100009,603
100019,752
100006,867
100031,613
100034,515
100089,317
100076,574
100090,670
100002,164
100076,29
100095,206
100055,420
100008,601
100033,744
100093,48
100030,15
100047,636
100078,542
100079,160
100065,233
100030,864
100056,49
100039,209
100024,932
100092,470
100014,75
100024,611
100033,695
100059,282
100004,976
100035,528
100070,706
100085,367
100068,729
100070,165
100016,994
100010,930
100088,814
100072,953
100042,293
100017,436
100023,879
100045,874
100071,85
100043,672
100096,981
100059,15
100099,961
100066,462
100077,706
100039,705
100079,820
100066,353
100082,371
100019,928
100062,353
100036,527
100025,363
100076,372
100025,923
100058,94
100055,508
100048,144
100098,283
100091,388
100085,836
100005,824
100062,954
100079,750
100064,568
100093,824
100044,934
100049,861
100094,585
100067,143
100053,494
100048,303
100029,638
100012,98
100008,242
100088,42
100093,252
100058,527
100073,162
100025,900
100033,465
100046,547
100053,993
100026,838
100043,919
100028,927
100071,98
100051,483
100081,908
100089,832
100031,902
100055,640
100034,667
100064,938
100031,590
100089,579
100079,539
100038,552
100089,61
100071,598
100051,390
100044,687
100040,210
100076,476
100036,530
100059,679
100084,12
100027,624
100026,577
100083,78
100054,677
100079,569
100030,306
100063,663
100083,482
100096,543
100020,3
100005,209
100040,465
100007,556
100010,453
100054,230
100087,687
100079,809
100093,185
100014,176
100065,942
100007,237
100039,756
100031,521
100057,627
100058,155
100026,422
100020,205
100053,666
100044,904
100078,548
100009,174
100067,285
100058,142
100045,187
100044,460
100006,583
100059,408
100053,973
100006,22
100077,16
100020,131
100017,763
100007,313
100088,796
100003,873
100079,840
100061,909
100031,731
100033,500
100084,425
100023,426
100053,913
100091,896
100050,603
100075,792
100057,192
100069,537
100073,435
100097,292
100045,131
100046,834
100099,51
100081,794
100092,773
100013,395
100057,27
100012,807
100065,102
100096,99
100090,429
100029,341
100025,307
100052,119
100099,866
100040,637
100047,675
100061,957
100049,209
100028,332
100075,492
100016,181
100085,980
100035,606
100005,203
100023,357
100092,155
100065,771
100072,285
100031,528
100046,836
100001,730
100027,581
100025,191
100098,771
100087,622
100040,706
100037,38
100005,551
100032,720
100045,855
100037,948
100055,269
100079,323
100091,207
100099,508
100036,447
100079,734
100042,153
100092,170
100006,648
100083,345
100080,988
100010,630
100024,266
100098,577
100086,847
100019,966
100017,933
100028,119
100059,111
100097,973
100073,511
100040,686
100032,864
100072,140
100071,30
100022,733
100099,562
100006,51
100065,746
100018,489
100018,967
100041,448
100097,537
100030,300
100023,516
100010,455
100007,560
100002,652
100018,850
100053,692
100065,442
100065,192
100023,980
100094,466
100020,994
100090,609
100022,867
100084,894
100029,61
100028,711
100073,719
100057,296
100038,994
100085,925
100026,763
100007,810
100019,692
100028,76
100014,790
100051,168
100040,333
100081,297
100007,950
100067,803
100081,923
100095,996
100011,259
100004,220
100028,175
100017,418
100028,437
100033,597
100072,163
100073,744
100050,815
100013,223
100005,921
100051,349
100089,28
100001,881
100008,664
100008,901
100043,641
100081,770
100024,257
100025,364
100063,196
100065,521
100082,472
100085,609
100016,835
100074,324
100021,81
100083,521
100028,161
100006,66
100088,80
100058,566
100066,324
100004,515
100003,147
100077,80
100056,311
100003,861
100025,329
100040,297
100033,257
100009,294
100052,404
100002,678
100089,933
100029,812
100028,864
100030,859
100097,677
100054,392
100005,566
100096,850
100093,731
100066,685
100062,674
100064,550
100081,815
100022,567
100006,665
100068,255
100036,768
100068,199
100076,427
100033,931
100006,444
100027,697
100045,537
100005,888
100099,316
100095,793
100084,647
100051,815
100092,646
100025,264
100046,141
100044,76
100014,301
100032,253
100059,517
100089,320
100030,144
100083,774
100009,560
100017,150
100044,54
100027,482
100003,675
100051,920
100046,38
100010,77
100098,146
100042,898
100028,989
100018,698
100035,146
100021,469
100079,789
100090,808
100060,624
100065,138
100097,24
100094,609
100052,808
100033,394
100098,487
100009,267
100004,857
100070,692
100005,492
100044,325
100022,597
100048,381
100036,19
100068,73
100076,491
100073,616
100095,945
100040,117
100027,131
100023,273
100040,534
100070,540
100006,836
100048,63
100056,585
100019,418
100025,54
100098,826
100026,283
100062,442
100080,336
100029,488
100079,485
100084,749
100002,936
100092,532
100029,999
100013,313
100008,811
100009,139
100012,772
100032,279
100051,750
100050,169
100014,488
100068,697
100099,472
100044,76
100086,141
100077,211
100055,270
100092,894
100012,693
100073,523
100023,569
100089,379
100006,478
100016,327
100011,608
100011,628
100071,751
100039,107
100059,280
100088,264
100062,369
100068,729
100017,633
100075,651
100062,349
100091,241
100041,388
100027,554
100065,973
100018,379
100003,18
100062,74
100011,711
100040,68
100043,538
100026,292
100061,481
100089,271
100094,364
100015,525
100087,220
100048,561
100015,101
100015,32
100032,163
100066,854
100045,410
100005,282
100036,500
100021,955
100012,297
100015,889
100040,148
100009,880
100027,406
100043,63
100096,882
100089,183
100016,138
100010,972
100035,978
100064,279
100023,280
100071,372
100062,819
100084,732
100057,127
100004,390
100065,623
100073,358
100043,816
100067,812
100042,458
100079,897
100084,27
100059,120
100064,474
100068,709
100056,544
100013,428
100049,188
100099,161
100042,472
100082,555
100083,148
100037,40
100052,802
100019,812
100037,514
100049,327
100026,528
100016,576
100086,351
100084,118
100073,301
100002,399
100096,372
100049,886
100050,969
100040,675
100085,650
100037,12
100074,382
100045,736
100034,921
100063,689
100013,17
100059,648
100062,52
100017,157
100016,995
100037,858
100013,723
100049,826
100009,760
100057,334
100017,87
100021,38
100053,715
100023,122
100040,547
100030,597
100028,675
100044,375
100002,253
100067,276
100098,78
100020,184
100039,214
100020,182
100003,940
100010,576
100034,905
100064,127
100035,370
100007,567
100029,61
100009,658
100035,850
100050,426
100084,891
100049,250
100006,828
100036,437
100067,316
100072,365
100052,512
100049,309
100058,272
100092,958
100037,123
100048,409
100064,375
100074,463
100024,899
100033,730
100000,317
100025,496
100092,220
100050,280
100027,313
100050,328
100066,741
100021,38
100059,846
100069,815
100018,350
100083,790
100031,439
100054,271
100075,779
100029,528
100048,778
100013,155
100091,14
100099,435
100065,974
100081,776
100044,679
100071,689
100027,30
100010,131
100091,831
100026,504
100041,256
100091,79
100027,23
100086,299
100098,187
100023,472
100095,592
100081,124
100024,80
100010,980
100039,675
100077,290
100096,693
100077,256
100022,418
100077,782
100053,503
100028,144
100007,313
100044,85
100071,10
100098,700
100023,317
100093,551
100036,491
100081,18
100083,65
100066,905
100091,274
100049,181
100051,38
100008,924
100081,575
100080,541
100026,353
100070,319
100013,429
100023,622
100039,631
100057,682
100072,36
100080,182
100050,939
100047,150
100002,521
100020,338
100017,318
100010,134
100088,988
100028,927
100073,304
100045,584
100073,70
100073,640
100029,268
100004,78
100049,603
100086,79
100097,133
100050,6
100057,124
100041,104
100024,564
100034,90
100037,319
100074,37
100076,823
100003,881
100044,541
100069,869
100055,739
100067,174
100050,531
100085,407
100064,796
100026,245
100018,163
100047,455
100044,640
100077,215
100081,42
100049,878
100038,679
100038,714
100024,178
100058,341
100013,148
100038,283
100029,124
100099,777
100042,51
100008,226
100093,11
100042,993
100078,602
100096,313
100098,411
100012,390
100017,887
1483233
388463
1163924
554750
919194
607683
1626017
1847252
519594
23191
1669363
1502817
1045818
1410600
1124651
1598657
1217318
971791
97622
458373
1159157
1416959
1113981
1484411
719568
1057001
1644353
761428
1827084
1641350
1091865
1741981
330304
1431983
989966
1754120
1665019
1410667
595621
220108
687617
1046773
310729
1737760
70992
681935
496769
603497
1480854
451162
1464604
158065
414622
1574822
1623247
559629
634757
1524391
447785
389787
288752
118885
119636
1567261
566401
82227
488258
1275574
989705
234727
281785
822573
141400
1410761
843243
773598
1441830
1366132
1095968
41353
427456
456412
917307
748088
351612
1485357
1212224
998542
753027
1073877
1356522
713055
791226
1351561
303458
1561382
141862
874902
137428
1451093
600503
279024
502299
1037632
1014199
268777
603033
796482
1242173
1183069
229716
989515
14356
844399
170989
137140
520207
1108147
1055812
243290
832853
657139
358279
729671
344778
1132795
1366547
1053647
867242
1045043
1163740
897077
1003983
273660
269599
1056014
1084480
1385491
271022
1123084
664610
1275936
109731
649192
966573
504466
319221
1201713
264785
1108859
1318028
493098
693943
540044
99170
1090973
1204977
351122
317248
790951
484659
218603
157398
311337
942359
165787
149022
184136
633858
1150958
38969
32477
53867
74194
963753
1074400
345948
1216122
894321
1204756
106673
888811
840040
963279
824276
736985
730770
814043
816499
364615
53837
272981
176244
328687
832802
1189188
911268
1105679
431143
1172193
749054
906608
470308
180554
130152
879723
662290
1167235
1123684
22325
824837
625438
942911
1157674
377357
374939
1093678
467898
746890
634448
239169
333333
1050667
215953
972900
160847
28959
385266
923690
306507
393640
1077302
622903
385952
996159
875664
766920
1005304
50104
31219
556630
572489
292237
161903
724217
615328
151039
250976
1005398
560731
815255
873905
216735
290984
273972
611561
573220
622115
667472
767577
574178
763441
237888
27696
128445
498186
63762
51884
480395
368815
349925
390494
65636
24691
468969
884715
908346
106284
403178
282572
587982
846231
919960
89016
892484
253899
599247
137866
960194
777618
218082
740181
381783
91648
494114
199872
11725
913483
935250
239345
51604
917270
731941
756204
388295
342591
731378
500676
767102
745002
64083
368885
785198
811608
591305
253991
364643
47579
538974
562162
638689
80072
441991
554475
302382
809823
739877
99526
427910
120155
392254
128819
675284
43215
456490
412744
71283
313657
455537
389261
116352
501506
823610
763368
154206
832767
78416
819853
307891
743168
462354
811759
702676
740688
616979
301950
747479
51736
620200
647096
312820
543016
358524
337333
380554
250256
507438
337552
701403
339939
239542
548699
549021
453030
457697
459302
587312
346971
401218
137315
425460
319130
472041
528965
566632
347682
132022
601269
209262
509640
482034
708409
341439
33279
421796
70259
58260
507449
279001
475930
