100083,398
100077,539
100074,324
100074,261
100023,671
100014,476
100025,815
100098,870
100086,43
100058,91
100005,520
100021,637
100096,785
100053,28
100038,798
100043,126
100078,78
100000,341
100088,166
100001,310
100024,323
100028,465
100045,753
100075,96
100009,956
100090,188
100084,495
100051,153
100079,491
100067,161
100058,61
100062,654
100044,527
100007,18
100007,323
100093,570
100026,883
100043,212
100076,888
100010,407
100062,820
100062,669
100045,990
100099,506
100089,926
100058,949
100049,687
100042,142
100002,496
100032,938
100044,104
100022,386
100098,629
100038,305
100056,883
100099,881
100091,744
100029,842
100026,779
100066,331
100021,452
100093,741
100020,464
100004,18
100066,375
100048,578
100006,218
100086,195
100070,54
100048,442
100074,902
100083,908
100013,152
100021,496
100035,228
100062,652
100025,18
100077,455
100031,330
100096,629
100057,946
100027,428
100027,409
100014,696
100089,626
100050,769
100007,866
100063,573
100075,314
100052,777
100008,915
100028,510
100092,97
100019,970
100008,363
100051,54
100093,944
100054,279
100015,625
100005,466
100000,874
100009,356
100070,572
100098,572
100032,831
100062,435
100010,56
100072,248
100093,29
100010,3
100036,533
100005,238
100083,230
100072,34
100094,50
100089,363
100031,557
100036,336
100084,887
100003,458
100083,957
100050,224
100019,757
100011,683
100055,231
100077,262
100031,389
100051,498
100053,750
100025,869
100019,103
100069,451
100094,27
100065,375
100000,509
100006,431
100010,938
100036,766
100070,370
100016,540
100008,129
100041,378
100087,669
100055,731
100074,771
100075,813
100061,368
100034,397
100081,252
100082,646
100081,295
100019,563
100072,652
100099,656
100098,739
100057,754
100073,461
100094,29
100022,88
100038,493
100067,852
100019,251
100017,360
100095,178
100037,435
100014,773
100038,189
100066,641
100019,638
100094,614
100016,963
100015,963
100037,243
100071,272
100052,486
100051,976
100049,717
100061,399
100077,968
100076,642
100047,419
100044,602
100056,970
100089,453
100040,965
100088,506
100003,528
100010,849
100015,168
100018,481
100013,230
100008,404
100058,884
100018,614
100050,305
100091,933
100038,802
100041,903
100050,747
100072,613
100080,62
100096,664
100028,353
100074,803
100079,476
100076,54
100023,614
100060,905
100028,718
100068,244
100042,340
100057,770
100030,813
100043,379
100088,190
100017,283
100080,436
100051,191
100004,692
100022,141
100078,549
100031,128
100075,475
100012,513
100061,703
100088,292
100076,827
100025,359
100019,141
100011,764
100098,46
100017,542
100075,509
100088,675
100056,650
100053,228
100079,92
100094,121
100044,298
100035,893
100002,562
100040,326
100089,996
100061,66
100098,540
100041,112
100001,317
100013,453
100099,829
100056,151
100050,762
100029,887
100081,19
100070,511
100022,858
100063,601
100067,919
100013,501
100088,571
100002,426
100086,745
100080,458
100085,380
100044,656
100035,43
100047,927
100012,393
100044,684
100010,252
100076,841
100003,854
100042,96
100030,736
100000,773
100072,481
100051,571
100007,483
100050,296
100065,70
100090,842
100051,251
100023,595
100046,868
100075,130
100018,302
100020,265
100031,758
100057,645
100061,397
100025,808
100044,949
100010,161
100076,973
100074,302
100047,578
100030,748
100041,747
100018,126
100089,879
100089,215
100079,275
100008,441
100077,437
100025,939
100057,26
100049,446
100015,916
100043,213
100069,22
100062,727
100067,901
100096,332
100074,707
100061,42
100070,86
100036,85
100087,634
100067,111
100044,590
100036,96
100012,656
100003,151
100034,964
100090,286
100059,311
100044,24
100012,20
100005,826
100038,340
100067,41
100025,861
100023,355
100093,22
100002,633
100002,841
100087,891
100001,215
100055,366
100095,5
100049,191
100023,758
100067,322
100076,548
100043,260
100083,351
100000,636
100065,683
100008,450
100099,393
100000,284
100086,268
100091,462
100031,183
100015,650
100020,405
100072,110
100015,398
100002,104
100090,505
100040,117
100039,538
100032,976
100021,838
100001,850
100069,626
100082,753
100009,973
100055,849
100042,424
100053,769
100052,926
100057,230
100003,843
100067,504
100070,833
100085,370
100072,702
100062,44
100044,665
100066,638
100076,670
100037,80
100054,283
100053,893
100054,113
100028,745
100068,629
100042,315
100089,403
100042,701
100091,875
100038,269
100063,860
100026,283
100078,866
100061,729
100084,64
100098,447
100035,944
100035,781
100045,571
100071,315
100059,788
100044,848
100097,277
100018,495
100059,698
100021,678
100044,265
100060,743
100036,268
100076,289
100038,564
100076,309
100099,467
100035,879
100057,44
100013,72
100028,593
100061,669
100048,132
100084,158
100079,664
100066,381
100054,775
100055,797
100074,123
100042,123
100082,878
100033,18
100051,521
100010,819
100019,397
100059,386
100045,729
100037,222
100086,721
100034,523
100086,58
100084,335
100086,494
100016,526
100036,299
100020,743
100086,888
100051,574
100007,799
100081,688
100019,983
100017,677
100017,420
100037,620
100005,920
100082,343
100085,108
100045,994
100068,31
100077,475
100092,869
100027,508
100010,815
100039,981
100015,419
100044,279
100090,431
100024,192
100034,888
100035,792
100096,910
100038,60
100079,566
100021,766
100063,798
100027,760
100063,900
100055,885
100090,815
100054,754
100042,598
100013,833
100072,373
100003,245
100038,478
100049,847
100048,229
100099,258
100049,402
100079,50
100005,567
100010,142
100061,734
100088,182
100034,588
100009,5
100067,31
100093,17
100037,413
100062,305
100054,95
100029,248
100095,300
100048,95
100018,49
100044,942
100012,554
100059,34
100047,18
100056,983
100035,777
100031,922
100024,407
100040,797
100077,197
100087,293
100058,607
100014,270
100055,568
100058,349
100063,635
100038,77
100052,933
100077,419
100026,835
100068,832
100044,832
100027,538
100070,82
100077,666
100081,765
100041,642
100044,715
100070,322
100093,755
100063,656
100082,731
100097,42
100050,664
100011,509
100028,941
100024,952
100001,811
100041,621
100030,850
100014,664
100011,597
100045,84
100033,525
100057,38
100049,84
100034,785
100036,176
100039,39
100050,462
100072,777
100078,973
100042,21
100000,590
100009,840
100007,923
100099,380
100015,623
100053,431
100016,628
100092,946
100095,133
100041,729
100011,371
100030,932
100060,360
100079,953
100001,257
100095,560
100030,971
100012,224
100012,808
100009,264
100085,799
100064,715
100026,925
100006,477
100043,503
100079,235
100026,843
100066,785
100008,699
100016,528
100036,357
100001,905
100072,473
100066,516
100005,324
100068,364
100031,838
100040,880
100027,641
100009,994
100057,210
100003,773
100054,511
100029,557
100058,477
100008,641
100062,429
100037,193
100069,394
100033,729
100061,105
100022,958
100057,426
100069,923
100013,272
100053,322
100090,308
100043,836
100074,883
100017,262
100053,222
100015,388
100029,928
100067,471
100013,34
100078,115
100008,70
100096,969
100025,171
100002,80
100075,172
100069,146
100036,348
100049,832
100007,97
100020,988
100099,792
100064,699
100037,177
100087,633
100097,54
100015,213
100050,620
100049,165
100077,428
100046,793
100007,764
100080,853
100011,831
100037,275
100029,296
100005,903
100009,913
100012,899
100050,949
100049,569
100037,932
100016,553
100009,38
100044,781
100051,861
100053,35
100063,235
100063,541
100091,156
100014,259
100096,971
100059,364
100094,674
100018,223
100047,705
100055,753
100098,189
100032,775
100003,992
100090,840
100037,96
100032,859
100075,529
100089,17
100007,910
100060,576
100043,437
100095,355
100000,17
100064,863
100006,825
100088,853
100054,260
100056,836
100032,9
100036,39
100014,404
100049,191
100033,731
100028,431
100027,632
100002,739
100045,884
100085,899
100057,715
100092,131
100012,449
100023,789
100039,22
100055,595
100007,548
100086,777
100088,621
100032,315
100043,357
100039,409
100020,519
100062,413
100092,522
100056,799
100059,399
100049,815
100034,455
100085,906
100097,430
100076,450
100039,388
100025,151
100061,224
100012,942
100052,495
100051,954
100011,716
100034,56
100052,38
100084,75
100022,451
100090,841
100081,774
100072,859
100008,155
100043,244
100089,355
100033,385
100004,81
100050,504
100024,840
100059,345
100011,155
100017,739
100000,363
100093,103
100073,22
100088,777
100026,570
100011,893
100040,462
100055,376
100096,8
100013,471
100090,499
100007,262
100030,250
100044,55
100059,479
100070,184
100063,158
100050,682
100061,737
100011,327
100090,263
100068,204
100054,832
100097,162
100077,254
100097,255
100041,385
100041,292
100012,642
100091,959
100082,782
100090,473
100071,855
100018,189
100045,143
100090,687
100070,725
100035,80
100075,209
100074,626
100088,994
100065,362
100073,617
100008,157
100047,20
100079,644
100058,378
100017,107
100072,56
100039,243
100042,386
100091,199
100033,798
100039,380
100069,266
100065,707
100020,671
100061,918
100029,76
100000,460
100026,971
100038,656
100007,197
100060,447
100006,936
100026,929
100035,272
100090,275
100094,601
100073,315
100011,130
100012,870
100095,631
100081,466
100032,32
100035,743
100092,902
100049,334
100057,195
100013,151
100064,70
100028,556
100004,892
100015,84
100083,177
100094,590
100006,391
100064,906
100009,540
100097,603
100017,392
100097,453
100087,959
100012,665
100077,557
100094,791
100030,317
100061,162
100062,470
100064,77
100003,196
100072,763
100036,672
100064,415
100071,233
100061,444
100043,838
100099,1
100055,34
100033,198
100028,436
100054,157
100045,341
100050,869
100089,741
100090,44
100053,321
100044,870
100074,399
100068,85
100092,166
100062,723
100094,135
100083,723
100044,271
100002,351
100058,647
100061,62
100003,471
100062,912
100068,436
100042,642
100048,940
100047,842
100039,195
100046,294
100000,940
100012,667
100099,439
100063,677
100045,811
100015,959
100029,831
100062,962
100001,714
100044,511
100083,261
100039,163
100076,795
100023,908
100002,14
100013,915
100007,413
100017,894
100063,277
100028,788
100000,136
100058,880
100017,234
100066,328
100063,855
100041,839
100071,695
100089,494
100074,411
100039,474
100041,332
100003,327
100004,5
100003,617
100081,644
100051,302
100068,527
100041,713
100080,648
100092,242
100074,521
100083,669
100015,410
100087,925
100077,378
100089,714
100067,575
100037,194
100055,171
100038,511
100010,503
100059,546
100019,226
100004,909
100080,897
100026,902
100058,148
100073,501
100006,667
100096,865
100055,204
100051,940
100000,704
100050,219
100062,202
100098,249
100021,752
100057,886
100028,804
100011,691
100027,612
100099,303
100057,369
100060,819
100003,104
100093,723
100042,245
100088,196
100005,274
100009,943
100079,288
100092,64
100062,993
100094,366
100075,409
100038,950
100019,200
100076,650
100036,736
100094,475
100037,124
100013,557
100036,850
100078,438
100092,491
100079,27
100027,345
100001,493
100092,874
100068,284
100050,585
100050,542
100010,973
100078,32
100012,921
100096,553
100098,474
100046,949
100035,941
100081,637
100073,873
100024,719
100058,134
100077,734
100006,259
100079,845
100064,360
100079,377
100099,274
100078,709
100039,890
100018,376
100046,322
100011,336
100037,265
100054,169
100014,291
100027,714
100006,205
100096,511
100030,576
100026,931
100000,864
100017,675
100096,220
100052,19
100068,752
100068,593
100027,163
100095,438
100022,73
100029,806
100078,646
100052,119
100048,379
100039,340
100096,379
100003,867
100046,801
100034,911
100077,878
100076,895
100052,930
100058,99
100022,594
100017,340
100059,450
100095,567
100068,795
100017,338
100021,722
100060,204
100025,314
100007,552
100008,809
100026,468
100068,269
100087,299
100049,174
100006,985
100050,4
100072,8
100043,412
100016,695
100071,706
100074,118
100008,800
100098,657
100094,201
100072,251
100005,353
100039,38
100040,211
100053,152
100085,679
100091,463
100024,497
100091,853
100022,768
100034,61
100003,495
100036,785
100077,618
100004,518
100088,414
100044,520
100014,43
100097,585
100024,260
100021,626
100087,891
100073,502
100064,982
100043,197
100065,844
100002,841
100055,451
100084,715
100037,295
100083,530
100057,974
100047,27
100037,926
100044,707
100080,175
100091,702
100016,994
100062,355
100040,139
100024,414
100086,734
100049,3
100090,343
100006,940
100050,303
100022,118
100000,976
100012,369
100025,830
100045,204
100010,137
100064,594
100051,875
100075,988
100097,106
100027,924
100022,555
100069,443
100072,225
100086,949
100043,243
100044,858
100054,208
100032,890
100031,77
100092,28
100005,67
100057,181
100009,688
100023,789
100061,97
100067,676
100077,494
100006,734
100078,391
100054,395
100040,240
100049,728
100071,513
100028,830
100082,662
100084,324
100048,487
100003,287
100029,637
100077,408
100055,383
100065,445
100008,745
100081,8
100034,220
100098,309
100048,721
100080,573
100080,266
100035,33
100045,62
100069,147
100096,41
100022,345
100085,932
100002,634
100044,891
100040,275
100090,612
100084,732
100012,899
100082,766
100070,808
100048,904
100071,665
100012,306
100039,439
100041,425
100069,75
100072,530
100079,971
100095,423
100034,110
100077,678
100038,172
100081,229
100030,725
100040,337
100065,754
100080,727
100070,93
100085,561
100061,919
100033,254
100054,591
100022,680
100004,480
100062,599
100085,632
100071,446
100001,50
100043,961
100031,627
100017,985
100037,311
100089,811
100001,303
100012,235
100053,221
100017,279
100021,504
100083,450
100063,686
100064,572
100017,68
100007,837
100063,61
100058,235
100049,952
100094,910
100020,325
100060,723
100011,895
100069,836
100055,96
100092,708
100010,382
100054,186
100097,709
100094,314
100025,879
100002,783
100006,390
100066,723
100087,503
100001,995
100056,462
100040,382
100084,353
100073,1
100034,545
100043,235
100031,33
100010,150
100038,420
100063,85
100070,763
100080,938
100054,570
100063,653
100060,762
100016,723
100045,783
100013,350
100070,268
100084,344
100042,58
100061,765
100014,514
100017,10
100026,916
100089,204
100078,234
100018,628
100085,761
100075,542
100063,579
100013,931
100053,796
100017,826
100043,553
100003,379
100014,178
100002,415
100058,419
100024,776
100060,590
100033,209
100023,819
100092,652
100045,446
100013,503
100045,777
100008,23
100084,624
100019,61
100005,29
100085,976
100075,776
100058,20
100003,33
100019,924
100042,557
100043,95
100020,852
100036,426
100098,796
100097,728
100095,951
100070,406
100079,557
100067,241
100072,449
100013,354
100042,377
100015,891
100038,603
100011,651
100051,843
100086,809
100043,218
100004,926
100029,389
100007,891
100019,175
100053,904
100061,495
100039,169
100034,827
100057,392
100096,560
100028,451
100071,708
100005,815
100048,416
100085,905
100058,835
100015,531
100053,974
100023,198
100002,245
100092,736
100055,852
100011,202
100031,278
100080,740
100081,514
100019,884
100031,557
100073,799
100009,770
100046,357
100060,857
100019,285
100016,141
100051,839
100016,490
100029,506
100000,600
100017,815
100001,850
100097,679
100057,843
100060,582
100001,708
100035,715
100028,738
100072,865
100025,286
100097,158
100091,580
100040,451
100071,950
100037,381
100046,665
100052,287
100074,767
100065,793
100050,556
100079,553
100053,760
100070,440
100053,164
100006,191
100046,126
100054,649
100087,70
100003,822
100009,678
100073,121
100022,928
100044,408
100080,183
100011,785
100066,735
100010,930
100088,522
100034,586
100011,903
100097,953
100061,618
100085,322
100023,49
100026,583
100002,731
100062,262
100067,767
100040,936
100063,379
100039,111
100000,462
100018,284
100072,120
100050,447
100059,437
100041,919
100091,412
100087,64
100010,873
100079,99
100014,279
100004,82
100092,505
100011,983
100029,155
100024,317
100091,905
100098,452
100033,472
100064,196
100088,905
100019,614
100055,868
100091,988
100039,648
100072,678
100018,825
100087,633
100056,56
100079,297
100064,265
100070,785
100059,968
100065,531
100082,762
100014,985
100071,886
100001,294
100033,673
100043,478
100068,585
100008,476
100051,187
100081,296
100063,868
100076,390
100090,2
100085,733
100052,220
100029,334
100016,236
100008,257
100050,257
100037,182
100072,370
100043,886
100003,608
100061,912
100089,521
100005,994
100090,722
100045,499
100086,772
100020,439
100017,622
100001,406
100096,421
100004,887
100021,27
100076,338
100048,557
100049,125
100013,918
100098,426
100066,521
100080,21
100088,7
100053,362
100021,160
100032,690
100037,923
100054,439
100072,650
100011,369
100040,808
100005,685
100010,561
100033,830
100024,736
100059,629
100094,222
100077,646
100057,923
100036,172
100028,126
100055,440
100023,339
100017,754
100053,801
100013,767
100016,735
100030,441
100026,596
100052,176
100039,397
100040,916
100013,62
100057,655
100093,967
100001,665
100023,883
100019,632
100032,855
100025,619
100069,272
100024,178
100010,663
100022,589
100082,843
100086,932
100004,934
100095,792
100071,220
100012,738
100099,842
100025,150
100097,336
100025,906
100008,464
100031,826
100065,628
100009,184
100033,705
100061,823
100043,77
100054,820
100086,913
100045,469
100024,523
100054,592
100088,150
100040,728
100063,88
100015,327
100034,911
100094,518
100062,722
100082,884
100056,601
100062,931
100088,463
100056,760
100094,690
100093,277
100088,152
100040,603
100060,460
100008,791
100075,158
100045,399
100095,216
100046,993
100005,209
100086,20
100022,947
100085,815
100097,670
100030,596
100040,494
100039,562
100070,962
100093,39
100085,564
100093,565
100035,237
100035,928
100063,12
100078,482
100000,760
100086,848
100086,323
100093,144
100093,112
100088,167
100051,407
100045,247
100035,610
100005,812
100065,673
100012,903
100071,936
100016,739
100078,425
100021,268
100076,359
100079,684
100004,250
100061,755
100097,105
100017,280
100040,11
100019,577
100093,716
100009,786
100045,336
100069,99
100084,548
100080,906
100094,60
100053,971
100026,112
100040,979
100036,510
100005,619
100052,461
100023,171
100005,332
100065,1
100018,140
100019,192
100035,397
100074,458
100064,684
100008,508
100095,697
100068,239
100024,769
100055,291
100039,255
100068,75
100013,925
100024,917
100005,241
100041,733
100002,191
100069,408
100088,118
100071,681
100029,137
100020,461
100056,241
100067,793
100021,141
100045,99
100055,878
100059,818
100079,574
100086,484
100009,96
100043,143
100015,885
100001,21
100013,853
100028,106
100038,813
100056,385
100069,532
100005,911
100049,572
100080,235
100085,939
100035,790
100046,190
100096,422
100013,645
100036,889
100026,184
100072,622
100059,775
100054,314
100068,664
100025,18
100045,928
100079,120
100049,878
100064,508
100005,553
100017,418
100054,915
100016,619
100043,652
100052,556
100034,387
100015,914
100090,878
100012,244
100049,749
100008,792
100082,761
100098,192
100092,41
100058,529
100080,701
100083,743
100054,346
100042,837
100082,383
100021,348
100089,421
100095,576
100028,714
100045,437
100087,947
100043,884
100041,452
100094,665
100036,828
100030,338
100083,651
100003,396
100012,252
100080,601
100073,274
100016,478
100084,691
100056,760
100028,32
100035,980
100040,116
100005,854
100079,830
100094,800
100088,638
100035,875
100055,931
100038,202
100081,880
100070,597
100069,601
100096,309
100054,927
100076,330
100086,686
100084,556
100021,812
100095,138
100010,777
100018,302
100001,926
100099,640
100091,228
100068,42
100040,350
100057,477
100044,50
100026,529
100080,28
100081,63
100086,156
100035,576
100069,785
100064,394
100030,230
100052,630
100049,793
100009,98
100015,766
100027,966
100039,503
100039,809
100059,397
100016,295
100052,791
100006,13
100008,490
100013,438
100042,593
100009,687
100084,254
100067,774
100048,308
100075,925
100078,107
100037,748
100037,989
100030,126
100052,374
100095,503
100090,796
100034,186
100077,536
100061,784
100087,122
100002,330
100098,57
100005,46
100083,848
100058,692
100073,238
100082,122
100054,405
100071,92
100087,566
100059,261
100091,982
100061,842
100001,379
100020,821
100067,439
100057,8
100045,40
100045,396
100001,407
100048,307
100068,833
100074,911
100039,804
100081,432
100003,331
100079,85
100022,693
100006,432
100055,168
100055,272
100050,652
100078,45
100007,183
100066,778
100099,762
100025,87
100095,32
100014,202
100034,571
100026,533
100001,903
100070,940
100018,669
100081,648
100029,290
100020,701
100054,302
100054,334
100089,642
100063,484
100011,641
100031,878
100021,586
100034,136
100066,76
100088,282
100055,962
100068,283
100089,234
100079,319
100004,14
100054,194
100054,109
100046,347
100051,347
100057,959
100021,626
100052,782
100039,99
100031,772
100083,110
100049,34
100091,69
100008,511
100080,632
100013,940
100099,410
100026,887
100012,421
100000,690
100012,519
100042,15
100028,365
100082,978
100086,718
100044,234
100060,350
100080,874
100065,196
100039,89
100002,752
100075,921
100073,386
100043,913
100041,261
100037,400
100024,930
100021,149
100034,558
100054,731
100005,925
100017,827
100082,273
100074,374
100095,550
100061,216
100058,214
100023,996
100092,203
100069,507
100060,892
100032,671
100025,182
100073,273
100072,642
100082,752
100032,549
100054,823
100081,483
100006,599
100056,47
100008,722
100058,701
100094,678
100030,139
100065,680
100086,867
100074,919
100066,626
100043,696
100015,487
100087,744
100012,358
100005,259
100058,783
100077,780
100072,660
100090,866
100093,67
100051,836
100074,961
100058,51
100063,339
100001,473
100085,27
100011,935
100052,608
100057,999
100033,425
100018,836
100012,11
100061,763
100067,297
100054,118
100088,665
100061,570
100022,14
100056,653
100040,684
100055,967
100028,133
100061,37
100032,479
100026,396
100002,237
100073,178
100036,626
100062,40
100033,887
100063,380
100076,325
100036,62
100057,774
100041,344
100078,48
100084,614
100030,400
100027,772
100077,784
100045,974
100082,236
100062,443
100027,10
100000,458
100000,935
100021,985
100094,141
100058,172
100066,274
100030,847
100002,821
100051,863
100046,703
100036,150
100018,869
100003,614
100065,265
100063,671
100088,657
100082,412
100004,964
100076,426
100019,480
100024,388
100018,807
100038,514
100074,130
100025,809
100058,602
100055,625
100009,690
100086,187
100059,468
100039,569
100078,276
100099,446
100091,51
100021,755
100022,707
100000,452
100015,598
100025,414
498924
349956
202274
466787
54307
164276
298573
441671
464498
125201
210654
175545
327687
67566
341762
435250
351601
201621
87783
330382
396023
63743
453991
469146
125551
39792
156161
304658
22025
280430
310909
305953
384519
212613
76611
155051
159104
181378
170662
116032
146848
26562
462577
427028
191663
104186
285714
28376
324276
100739
211080
274410
397625
76636
438438
11978
416375
274318
38523
110156
216322
43194
359848
315925
294043
135878
406533
160027
40359
91199
113493
111366
337751
455046
349438
164885
113541
325041
445026
195912
391412
174212
254885
1972
251472
223630
306844
105741
206787
125234
286852
336263
20383
424674
295859
112216
112542
108727
241884
283055
435265
237130
206784
26255
407101
338959
202441
3771
378699
275210
406618
333362
352996
89702
68213
199203
342540
187830
177096
157548
33971
336865
35977
330388
97667
340311
103818
418597
157088
30529
358437
267420
238359
368652
231395
195721
365704
322728
392300
154259
107603
114549
182756
309486
24199
229064
26531
366421
222712
326739
341932
134733
365081
2168
172503
65204
372821
398117
349579
341215
162608
130302
310299
181083
210195
386779
236923
1618
401012
102408
400235
326168
62687
194551
252467
193761
299060
117267
107953
361431
263221
347400
383084
334158
84064
254694
279995
147914
379907
307400
25513
243430
158245
167545
104532
256205
111783
248515
110269
191586
61496
214864
225264
187711
254800
160716
183023
243536
139795
377244
70408
200429
294366
295850
293814
223043
355694
151260
137439
121042
114212
188932
57844
330506
309593
198130
283309
349240
41080
302471
280397
79071
105052
325422
116250
132235
274700
27767
9070
238883
121682
97913
40008
295148
156655
282960
77456
262866
203457
253309
28437
328370
79301
111672
59632
308001
224255
168375
173885
102010
349518
98075
208703
102266
92707
343154
204043
315978
204338
230117
300613
267493
62323
281832
263868
303509
49531
325095
262729
200391
18736
290226
162931
176735
121266
86030
30065
144792
302424
181683
329244
167917
231158
277671
68076
254824
253889
54607
148653
157690
129877
314608
112342
183694
93510
106958
90967
324520
276114
217702
106049
1795
314116
309338
155511
33289
81189
83410
321869
282368
122465
145342
173659
306466
161042
178691
67546
322646
36398
257588
103001
68272
316394
47009
171109
165808
218023
220510
99831
90244
265019
85956
25366
210619
136002
295864
252757
222805
124898
24433
95642
297143
165837
169513
104766
240460
3613
23051
92748
127575
76931
3584
165482
282717
133784
273775
268187
21564
157712
36152
264900
180935
128029
181388
249542
151083
290553
254293
198352
144705
22638
226402
239936
125636
164980
63982
17389
205096
248794
17102
216462
145620
144955
83438
31904
54491
201027
268999
227868
22385
23031
119069
170646
145260
201639
134773
89596
184260
172912
96062
54584
203549
177622
187329
205714
142835
156001
128804
251953
255195
80797
48256
88886
193614
207183
169728
41536
2557
74877
878
214357
13995
267465
145624
69106
253337
255893
264215
222917
90883
106059
3572
56506
276673
228056
21235
50021
41586
204365
87126
184118
12312
203560
167656
59538
124355
213080
56270
76810
220683
125129
269218
225575
189910
235076
158636
136972
236364
39634
109466
136097
247573
184113
212255
192984
210497
124852
30544
220175
110474
74224
234846
224327
77956
95756
176321
101019
90652
188669
219967
32403
15754
197481
223621
253842
113945
250446
144388
227776
17959
129810
108327
78211
68701
103391
72002
154722
79295
51855
59771
9968
161989
14615
45972
40702
4323
164085
139961
21834
225508
115653
195807
115981
152357
68081
204350
134167
225050
180550
167656
94586
213257
207309
117824
49808
116762
145972
132874
237353
25796
38772
163299
138820
130057
114338
187334
53874
77363
53292
190392
207065
216836
3686
221923
148926
78032
210886
62230
9140
3121
112144
233167
129377
181749
88176
200221
201597
28360
201032
177513
193594
62205
218122
71457
204277
91961
36062
51186
91070
85834
102980
55153
27758
18658
205741
22313
86008
124732
26111
150638
10258
98651
179882
36150
217225
176846
44647
58394
220064
193910
125469
129844
70952
16563
13935
210613
172171
140352
27403
188149
124685
177489
214128
34573
125379
204512
53857
89322
165517
205043
148706
185390
161358
31182
49797
75829
163612
59341
27636
63476
133479
128120
23011
186677
180057
76083
106775
99287
134228
115208
29578
29992
24953
169953
52055
69461
177838
210455
195686
50393
37308
167061
208863
22869
18386
207761
23484
205153
140716
201140
35899
210963
39809
99572
16838
161398
15615
113461
135357
5788
108825
180739
128976
40928
17722
78313
81459
66144
130718
70812
173648
43608
100775
201309
87759
156460
52522
99574
146963
103463
188229
11561
127342
168857
195199
112437
176789
1355
3674
66784
168540
130595
56140
198637
61295
67242
144884
40939
119804
190705
39272
1714
186422
168351
111353
177398
5403
94786
161897
169963
73044
189808
142961
163440
29018
7144
84047
19997
169550
141470
124426
3657
150608
193283
36490
64286
146004
41553
101021
73033
35406
67268
39644
7779
95629
72026
76651
56599
37849
76194
125645
125931
124343
62799
181807
96177
6036
140131
168982
95915
126936
110755
40555
186556
78664
98714
79868
2179
25790
79481
80529
14472
134099
20940
53326
65523
153450
85393
18554
139644
147809
133215
134308
21479
104173
169769
103248
117479
85931
116094
13759
149495
98432
118244
41105
66054
179377
4811
94256
118575
