100012,646
100085,451
100043,893
100087,794
100083,803
100001,683
100061,600
100052,422
100043,600
100078,85
100072,351
100042,376
100083,748
100085,213
100044,492
100056,631
100012,780
100092,597
100045,634
100013,930
100085,811
100003,521
100026,990
100023,807
100050,60
100033,981
100033,389
100073,389
100075,343
100058,682
100088,110
100067,307
100014,170
100089,486
100001,874
100084,12
100033,386
100097,993
100068,393
100038,575
100051,222
100075,161
100080,988
100078,87
100067,325
100064,215
100043,534
100010,557
100057,944
100010,622
100043,902
100045,211
100087,177
100010,407
100035,756
100085,159
100075,942
100000,477
100073,778
100045,755
100038,396
100054,46
100022,657
100008,192
100084,140
100044,859
100082,278
100087,826
100042,230
100063,852
100009,389
100036,865
100074,594
100031,885
100072,722
100004,456
100063,175
100055,116
100085,693
100018,404
100070,859
100073,190
100033,971
100005,319
100097,165
100043,775
100028,159
100008,682
100062,90
100098,365
100038,847
100048,990
100063,130
100027,561
100051,948
100047,827
100068,785
100048,73
100084,161
100074,212
100016,146
100033,579
100008,513
100006,323
100032,703
100086,805
100088,425
100069,780
100008,931
100041,290
100047,209
100046,203
100012,794
100043,357
100081,212
100014,648
100051,414
100040,807
100022,5
100067,726
100053,274
100049,499
100050,307
100065,302
100013,244
100084,501
100063,638
100064,7
100089,146
100046,758
100071,136
100045,150
100078,29
100011,429
100030,394
100098,362
100048,715
100021,984
100008,571
100003,475
100091,633
100024,570
100004,276
100072,14
100016,519
100072,343
100030,717
100084,523
100056,330
100059,542
100053,391
100013,774
100008,41
100008,329
100023,481
100087,473
100098,663
100023,14
100053,581
100027,980
100029,920
100076,745
100038,731
100068,107
100056,317
100009,956
100067,73
100058,427
100075,833
100062,716
100076,521
100048,554
100095,385
100051,460
100013,601
100019,21
100096,689
100036,449
100094,122
100004,609
100084,738
100078,676
100041,749
100034,4
100030,344
100019,419
100060,421
100051,975
100052,110
100006,396
100078,755
100077,100
100020,542
100086,791
100096,494
100033,385
100030,921
100048,552
100088,626
100008,214
100043,348
100064,539
100076,76
100086,255
100049,280
100064,687
100089,492
100063,933
100077,318
100027,547
100029,300
100082,277
100090,579
100079,106
100039,355
100035,347
100006,89
100053,779
100068,529
100006,572
100016,865
100043,522
100052,459
100061,632
100007,31
100062,119
100010,509
100046,694
100013,841
100010,601
100084,74
100024,349
100024,516
100005,536
100072,97
100001,78
100008,155
100002,672
100040,634
100056,646
100042,215
100041,864
100091,810
100058,993
100040,806
100070,274
100037,604
100024,750
100003,226
100012,938
100012,345
100019,496
100090,95
100047,992
100078,669
100052,379
100023,11
100044,225
100075,485
100076,731
100072,483
100002,388
100012,918
100098,616
100041,180
100039,236
100073,421
100039,562
100068,557
100033,959
100037,847
100059,180
100060,551
100031,672
100047,946
100043,631
100053,615
100009,276
100046,365
100083,436
100082,249
100010,517
100073,287
100063,677
100042,247
100020,968
100020,698
100061,366
100011,506
100002,719
100066,71
100092,587
100076,7
100084,10
100014,82
100023,797
100048,365
100001,315
100059,132
100022,496
100002,575
100048,471
100043,259
100043,804
100038,7
100098,228
100005,213
100046,835
100011,542
100064,409
100016,356
100040,183
100046,82
100070,992
100052,844
100016,984
100047,45
100037,542
100016,68
100019,17
100086,436
100069,575
100047,211
100097,964
100000,408
100078,157
100001,233
100082,57
100052,735
100030,606
100051,65
100004,65
100054,205
100079,518
100099,808
100012,420
100063,432
100065,700
100040,395
100068,93
100034,985
100034,2
100020,512
100057,18
100004,372
100014,684
100035,831
100023,466
100051,25
100075,699
100078,813
100082,785
100032,307
100031,80
100020,308
100063,939
100022,352
100068,362
100083,274
100009,148
100090,182
100034,891
100085,828
100018,375
100031,26
100009,420
100047,674
100019,416
100094,758
100052,570
100016,582
100075,761
100070,662
100099,10
100038,23
100093,436
100051,858
100048,615
100003,97
100095,683
100072,871
100069,501
100070,190
100003,850
100002,167
100023,599
100096,167
100036,500
100029,15
100080,767
100044,933
100083,667
100064,674
100010,363
100039,749
100020,337
100082,51
100019,884
100003,345
100014,748
100008,313
100092,460
100008,382
100022,486
100066,370
100068,220
100069,262
100001,143
100077,861
100014,487
100077,810
100079,599
100039,599
100031,569
100072,822
100045,794
100003,358
100085,163
100056,43
100063,456
100024,972
100030,28
100045,952
100035,36
100055,910
100073,856
100050,727
100086,141
100088,814
100005,970
100074,501
100071,565
100011,217
100085,733
100017,798
100017,965
100075,741
100094,521
100031,517
100007,907
100061,930
100057,57
100078,337
100026,933
100057,908
100010,85
100096,607
100002,949
100069,834
100092,216
100015,307
100095,740
100082,968
100060,275
100084,941
100031,878
100017,85
100054,142
100047,381
100082,253
100021,781
100097,479
100078,616
100058,307
100083,169
100045,36
100045,598
100039,631
100028,56
100093,140
100042,975
100077,711
100010,56
100018,614
100095,738
100094,85
100077,994
100026,908
100062,301
100048,561
100075,438
100098,762
100063,363
100087,272
100041,701
100027,628
100034,919
100037,582
100059,492
100020,692
100032,787
100083,481
100011,1
100093,265
100051,813
100062,760
100062,567
100047,674
100069,394
100042,103
100000,569
100059,657
100045,73
100009,763
100093,707
100046,173
100077,584
100023,757
100063,332
100058,405
100081,529
100023,265
100054,815
100032,626
100020,887
100090,892
100007,183
100016,617
100010,980
100078,154
100031,693
100078,555
100088,538
100058,474
100068,114
100009,724
100078,96
100068,578
100057,612
100068,754
100089,686
100052,242
100096,557
100066,550
100038,369
100065,30
100068,112
100024,259
100016,2
100030,621
100096,607
100045,262
100037,751
100059,665
100071,135
100049,423
100011,424
100012,376
100033,505
100041,398
100025,891
100095,423
100091,269
100044,567
100009,269
100050,249
100005,643
100011,975
100012,338
100055,321
100026,571
100062,356
100064,26
100057,91
100099,781
100073,135
100080,674
100010,916
100083,746
100001,72
100086,895
100083,439
100052,866
100021,504
100064,230
100013,357
100024,677
100074,40
100049,982
100070,696
100087,566
100073,396
100079,825
100032,212
100004,825
100085,689
100060,464
100022,705
100011,615
100001,665
100029,625
100005,67
100004,923
100056,417
100081,58
100041,760
100056,165
100070,982
100029,167
100088,127
100054,744
100071,59
100030,38
100017,165
100089,180
100081,246
100010,686
100080,27
100052,695
100034,197
100062,537
100074,744
100012,981
100052,943
100065,63
100054,872
100033,637
100001,58
100097,459
100031,798
100080,873
100005,307
100019,985
100012,319
100039,507
100021,497
100020,289
100013,789
100075,118
100065,572
100001,119
100040,970
100036,932
100002,590
100053,270
100026,660
100037,338
100067,957
100005,137
100030,428
100051,753
100029,431
100092,169
100078,197
100025,34
100019,867
100017,570
100073,829
100027,951
100038,660
100037,302
100041,693
100040,494
100026,336
100062,206
100050,547
100081,650
100056,346
100010,588
100096,206
100084,76
100002,252
100074,563
100095,577
100050,923
100067,690
100029,573
100074,253
100005,784
100078,628
100000,381
100040,620
100012,358
100054,662
100076,198
100011,485
100007,86
100083,823
100090,71
100061,867
100069,457
100035,749
100005,999
100062,129
100067,47
100070,559
100077,899
100094,900
100029,154
100066,644
100020,172
100045,918
100092,858
100099,835
100048,205
100016,799
100085,858
100034,644
100025,254
100070,757
100063,386
100096,974
100029,73
100043,955
100001,154
100078,287
100058,506
100065,506
100039,378
100053,891
100027,974
100038,579
100066,532
100065,137
100074,448
100025,250
100030,610
100029,107
100001,455
100030,711
100014,242
100077,518
100057,874
100046,76
100072,479
100049,347
100072,117
100017,384
100007,825
100024,985
100005,21
100049,518
100024,205
100059,439
100094,85
100067,511
100054,949
100010,372
100013,448
100022,337
100060,928
100059,829
100079,738
100030,736
100081,428
100020,83
100089,951
100031,760
100045,176
100015,526
100083,72
100015,341
100017,786
100051,577
100092,410
100057,382
100094,621
100074,894
100024,974
100034,429
100074,220
100073,842
100055,24
100078,98
100012,748
100073,613
100028,710
100046,284
100094,693
100014,511
100072,628
100086,559
100012,469
100078,114
100069,139
100001,903
100002,781
100005,348
100080,953
100009,591
100097,345
100049,374
100018,169
100045,690
100021,895
100081,742
100060,617
100054,276
100076,56
100052,487
100060,965
100058,332
100015,904
100058,992
100075,146
100071,246
100063,730
100035,30
100055,810
100069,90
100040,171
100074,609
100071,235
100056,76
100067,563
100056,181
100022,269
100025,986
100071,803
100053,46
100048,397
100069,524
100086,353
100085,119
100042,239
100004,661
100092,367
100049,665
100043,611
100092,807
100087,381
100063,301
100022,280
100094,400
100005,254
100011,716
100095,472
100051,572
100056,518
100023,74
100066,193
100089,421
100000,787
100062,244
100040,268
100023,541
100085,511
100075,780
100056,611
100038,125
100034,796
100092,763
100076,70
100043,459
100023,289
100082,658
100073,112
100009,167
100013,381
100048,898
100039,810
100001,987
100023,887
100092,27
100094,228
100026,358
100008,584
100038,496
100070,988
100031,908
100069,363
100050,776
100097,667
100027,144
100059,831
100030,559
100037,40
100030,260
100024,213
100030,462
100018,39
100012,913
100054,233
100050,351
100098,655
100086,683
100005,324
100019,507
100059,459
100037,489
100035,997
100018,192
100087,221
100025,177
100003,555
100080,235
100032,313
100004,648
100008,496
100094,793
100095,68
100082,624
100069,859
100026,839
100040,992
100045,685
100049,645
100019,298
100061,566
100014,238
100045,361
100088,593
100098,757
100018,533
100012,60
100090,853
100069,2
100038,825
100036,400
100021,595
100048,431
100051,4
100054,767
100047,632
100065,181
100045,598
100049,751
100046,644
100088,90
100016,493
100098,136
100081,757
100086,90
100063,608
100065,356
100014,255
100018,628
100075,960
100091,544
100022,682
100023,603
100030,677
100000,800
100076,557
100040,653
100003,536
100003,37
100049,773
100063,542
100020,984
100059,347
100028,345
100038,632
100087,776
100096,172
100049,535
100078,361
100061,855
100077,307
100096,127
100056,335
100093,691
100089,900
100021,978
100051,709
100042,528
100052,630
100083,531
100026,461
100018,950
100041,87
100011,289
100011,378
100060,908
100054,663
100096,301
100069,612
100080,979
100070,72
100006,352
100030,110
100065,481
100024,729
100047,597
100096,848
100006,607
100033,468
100072,971
100038,489
100041,130
100010,448
100024,922
100025,549
100001,601
100081,183
100021,194
100084,387
100074,227
100061,481
100088,752
100088,177
100095,185
100041,567
100052,543
100032,992
100093,105
100090,566
100044,83
100060,689
100001,150
100086,327
100024,287
100026,375
100054,971
100068,122
100078,256
100038,255
100024,948
100031,465
100069,913
100057,368
100098,852
100049,9
100028,636
100089,869
100036,33
100046,296
100012,474
100000,365
100073,380
100042,462
100017,508
100019,690
100056,571
100008,872
100097,925
100089,681
100064,232
100011,794
100095,903
100024,617
100043,19
100021,571
100088,499
100075,817
100031,77
100048,835
100028,652
100054,948
100020,617
100044,226
100006,328
100045,709
100034,417
100064,877
100062,197
100010,549
100044,560
100067,69
100002,949
100061,75
100090,350
100097,639
100002,558
100034,886
100001,186
100008,618
100039,36
100023,119
100010,621
100028,734
100077,48
100075,55
100002,407
100095,924
100057,716
100081,541
100028,505
100071,677
100025,927
100000,11
100023,356
100091,708
100095,106
100024,217
100057,767
100077,609
100096,172
100044,602
100098,181
100000,826
100025,840
100032,186
100083,941
100050,937
100039,825
100023,256
100016,772
100062,46
100089,769
100015,977
100019,417
100003,143
100078,410
100026,449
100035,303
100030,830
100055,451
100067,92
100002,603
100066,988
100065,554
100039,959
100071,633
100089,379
100057,279
100068,212
100094,62
100050,204
100091,559
100039,23
100087,714
100012,451
100073,143
100072,74
100015,809
100069,754
100024,900
100038,782
100003,381
100084,144
100057,486
100002,790
100023,249
100058,417
100027,141
100029,416
100015,441
100020,656
100083,846
100038,750
100080,376
100030,786
100098,567
100019,201
100092,316
100018,52
100069,524
100037,27
100027,549
100079,300
100058,968
100006,354
100026,780
100045,197
100079,246
100002,422
100030,711
100014,419
100006,295
100038,840
100059,191
100070,414
100079,413
100083,900
100024,663
100080,513
100091,815
100079,286
100037,441
100082,698
100024,238
100013,229
100094,299
100043,278
100032,610
100080,112
100054,768
100075,692
100015,361
100091,150
100011,540
100041,219
100048,632
100087,397
100070,526
100080,223
100072,418
100052,626
100071,261
100084,342
100023,725
100046,147
100086,299
100093,336
100097,351
100047,949
100020,986
100062,64
100011,348
100049,437
100023,315
100040,473
100014,755
100092,439
100014,624
100058,234
100000,207
100022,271
100096,130
100032,816
100072,723
100026,208
100041,681
100077,594
100032,631
100073,542
100090,685
100015,701
100019,533
100064,195
100079,277
100031,606
100032,417
100052,367
100046,851
100078,255
100074,123
100089,186
100014,243
100012,208
100093,555
100092,774
100084,790
100036,257
100000,562
100077,730
100093,290
100006,664
100080,589
100015,500
100086,350
100074,692
100077,359
100081,368
100034,424
100052,659
100078,279
100051,609
100048,443
100068,67
100025,278
100027,917
100033,599
100019,2
100094,663
100027,282
100002,13
100083,362
100084,446
100047,681
100007,9
100038,140
100054,411
100034,666
100018,541
100081,433
100022,252
100054,826
100060,215
100079,44
100002,443
100087,578
100010,64
100067,475
100078,307
100091,412
100072,212
100060,830
100011,994
100023,765
100042,891
100073,133
100092,105
100083,513
100035,679
100006,341
100073,781
100035,255
100079,581
100052,641
100096,346
100085,257
100003,90
100028,690
100008,831
100089,446
100033,379
100051,262
100000,93
100058,223
100075,823
100094,150
100056,134
100053,582
100006,714
100092,820
100058,755
100034,977
100048,74
100003,511
100064,988
100011,756
100068,200
100000,762
100059,661
100086,55
100056,441
100079,196
100090,269
100011,403
100086,85
100060,526
100007,871
100072,581
100061,172
100055,674
100035,303
100070,850
100003,497
100033,128
100034,337
100002,78
100096,756
100078,722
100060,1
100050,614
100061,144
100000,415
100060,517
100029,683
100065,565
100002,406
100007,968
100027,573
100026,251
100030,120
100092,260
100032,803
100040,222
100035,384
100095,667
100042,672
100044,27
100012,566
100090,582
100060,166
100014,234
100093,115
100052,256
100027,207
100081,754
100031,234
100087,760
100092,961
100021,995
100002,970
100030,736
100083,64
100025,746
100064,621
100021,127
100073,486
100089,252
100082,461
100010,346
100002,814
100056,590
100044,670
100030,936
100033,473
100092,631
100032,255
100000,533
100095,583
100043,445
100048,654
100066,273
100023,359
100026,87
100045,306
100081,751
100070,444
100068,75
100089,843
100096,475
100095,174
100045,847
100070,515
100032,613
100085,698
100098,496
100067,361
100040,436
100067,335
100068,620
100085,715
100084,164
100094,394
100085,658
100007,606
100023,379
100082,286
100026,16
100024,450
100081,635
100058,599
100025,487
100060,787
100006,707
100091,539
100039,987
100085,625
100049,201
100032,89
100096,90
100098,479
100090,256
100030,186
100076,191
100093,164
100057,940
100066,491
100037,847
100028,657
100060,849
100091,431
100071,735
100015,363
100083,298
100065,287
100079,628
100035,11
100034,694
100045,794
100008,394
100050,223
100001,636
100047,846
100039,918
100089,665
100017,690
100048,89
100089,42
100076,282
100005,780
100016,704
100075,810
100077,375
100048,837
100081,50
100072,619
100056,373
100015,164
100016,69
100037,312
100079,507
100061,813
100003,505
100021,34
100049,374
100096,26
100081,523
100074,882
100084,275
100008,469
100028,462
100042,983
100091,708
100050,427
100029,21
100071,576
100021,548
100051,853
100058,55
100065,293
100072,251
100056,655
100058,598
100020,446
100033,207
100078,450
100049,72
100094,71
100080,258
100067,614
100094,5
100077,640
100055,617
100070,92
100027,885
100026,596
100090,193
100001,637
100070,695
100007,641
100000,258
100063,115
100085,861
100071,269
100082,37
100004,908
100080,103
100026,395
100049,933
100001,409
100060,398
100040,176
100018,808
100054,709
100050,551
100063,100
100027,151
100081,999
100065,974
100083,571
100062,132
100013,213
100087,589
100082,130
100005,17
100003,223
100047,853
100020,33
100059,965
100010,599
100070,134
100016,65
100028,546
100048,217
100022,251
100015,735
100086,193
100006,210
100035,21
100002,166
100045,125
100053,699
100095,885
100001,857
100086,466
100086,29
100045,888
100024,785
100028,859
100055,951
100001,231
100032,421
100017,869
100028,808
100043,40
100010,574
100057,737
100033,7
100054,67
100044,900
100041,880
100036,546
100030,524
100090,545
100025,82
100069,99
100051,637
100010,788
100026,625
100079,610
100037,634
100030,270
100009,316
100075,330
100099,882
100050,111
100009,385
100074,975
100036,807
100019,898
100016,374
100022,358
100003,631
100070,600
100062,794
100049,699
100066,22
100050,149
100054,170
100062,944
100009,283
100001,171
100066,652
100045,531
100013,22
100027,850
100017,238
100028,777
100027,366
100018,604
100097,254
100001,529
100018,475
100070,783
100029,521
100085,882
100084,517
100011,565
100052,921
100031,752
100025,779
100022,436
100054,79
100043,934
100034,967
100076,724
100004,353
100072,341
100099,847
100019,628
100027,104
100018,208
100093,405
100057,133
100064,272
100082,871
100087,582
100098,537
100084,338
100079,20
100011,477
100027,115
100068,349
100050,75
100090,900
100095,565
100006,55
100086,967
100073,674
100017,529
100053,342
100008,928
100001,343
100069,363
100014,439
100017,371
100066,148
100015,109
100028,627
100003,903
100071,671
100025,617
100080,613
100084,866
100086,798
100046,790
100004,932
100024,688
100083,201
100086,934
100079,252
100003,601
100017,352
100073,735
100024,820
100044,230
100022,66
100067,335
100063,764
100096,42
100010,955
100087,88
100014,433
100077,387
100074,7
100015,174
100043,759
100049,303
100018,57
100076,247
100061,418
100086,736
100012,646
100051,349
100061,164
100039,998
100024,748
100039,66
100076,881
100070,273
100005,664
100042,941
100040,373
100052,713
100025,995
100000,577
100097,733
100030,241
100095,483
100069,338
100090,919
100094,575
100092,638
100019,159
100060,950
100047,135
100045,475
100070,962
100020,748
100010,435
100072,840
100013,926
100050,608
100017,891
100076,517
100025,444
100048,900
100047,805
100078,497
100021,89
100095,999
100018,304
100020,722
100091,755
100009,954
100094,859
100086,598
100061,421
100057,620
100064,537
100050,154
100021,407
100049,477
100087,638
100006,945
100065,287
100090,911
100043,776
100024,350
100018,608
100047,807
100092,535
100011,519
100059,833
100053,11
100045,605
100018,693
100037,191
100095,62
100082,334
100056,230
100001,392
100087,90
100063,861
100058,959
100034,683
100025,463
100055,90
100058,324
100091,553
100063,432
100090,422
100072,224
100023,132
100028,27
100059,192
100005,630
100099,348
100078,855
100047,198
100043,26
100027,118
100084,427
100038,958
100019,498
100015,987
100011,847
100080,803
100014,822
100061,733
100007,433
100078,758
100030,993
100038,497
100060,14
100048,976
100066,300
100072,264
100064,88
100060,378
100030,746
100084,502
100046,681
100018,790
100008,643
100001,871
100095,667
100031,924
100060,568
100057,345
100089,40
100070,312
100057,41
100013,817
100063,499
100018,955
100013,813
100012,707
100081,302
100032,593
100012,405
100032,454
100068,947
100084,925
100064,764
100010,898
100050,717
100064,511
100072,317
100000,916
100092,345
100081,601
100082,665
100038,728
100011,168
100037,894
100019,547
100062,163
100068,103
100043,310
100090,34
100061,968
100080,205
100003,318
100097,889
100063,492
100077,547
100087,122
100050,496
100051,260
100065,965
100015,171
100006,903
100035,362
100027,279
100041,879
100027,761
100009,10
100035,727
100027,981
100044,772
100011,286
100017,471
100061,144
100041,753
100054,46
100086,233
100091,915
100070,609
100094,283
100035,991
100087,518
100035,44
100004,241
100095,908
100021,637
100000,773
100069,868
100011,854
100098,481
100075,291
100001,318
100052,928
100051,863
100095,604
100048,644
100070,830
100090,321
100053,121
100065,136
100076,724
100035,396
100020,773
100030,187
100049,309
100024,972
100027,510
100073,110
100007,506
100008,886
100036,767
100006,828
100074,443
100066,192
100040,834
100018,53
100083,429
100089,763
100054,824
100065,623
100062,82
100022,625
100014,853
100002,132
100035,715
100068,419
100023,554
100036,922
100023,588
100010,970
100043,683
100067,590
100020,372
100018,670
100087,888
100097,694
100076,558
100009,637
100042,639
100080,85
100054,879
100004,60
100012,902
100077,526
100053,621
100014,95
100049,619
100034,613
100048,328
100063,12
100068,631
100076,47
100083,224
100028,950
100005,566
100004,266
100072,558
100082,147
100099,201
100089,200
100033,87
100070,114
100085,49
100006,56
100010,846
100051,540
100065,560
100011,355
100058,737
100083,818
100066,38
100087,231
100012,968
100016,509
100084,302
100004,130
100096,669
100040,764
100089,899
100036,161
100021,303
100035,232
100084,924
100053,594
100093,454
100043,935
100072,853
100069,750
100050,681
100006,995
100097,973
100097,671
100050,274
100064,838
100032,766
100058,8
100055,609
100080,621
100027,204
100099,194
100096,867
100064,338
100045,274
100059,528
100091,547
100071,686
100056,831
100077,180
100052,436
100035,881
100029,353
100045,83
100041,734
100026,60
100077,178
100083,152
100007,425
100024,859
100053,558
100099,633
100081,232
100068,567
100075,800
100002,323
100067,443
100008,727
100011,252
100016,395
100003,420
100096,245
100056,141
100095,214
100065,56
100084,470
100070,751
100041,628
100011,237
100064,997
100099,145
100018,996
100079,83
100034,754
100080,739
100033,493
100080,618
100072,16
100044,995
100061,175
100037,715
100084,257
100054,283
100055,548
100086,954
100023,422
100058,32
100008,21
100024,892
100079,449
100036,97
100009,357
100030,590
100051,638
100068,932
100071,322
100021,853
100005,423
100067,106
100093,851
100074,903
100074,916
100022,718
100052,797
100040,580
100095,110
100089,453
100064,442
100057,702
100074,836
100074,919
100034,649
100032,746
100038,989
100070,525
100005,823
100032,646
100032,930
100082,423
100041,942
100088,798
100009,930
100029,630
100018,608
100043,506
100071,432
100077,150
100032,883
100087,396
100017,613
100013,6
100043,735
100073,536
100031,897
100058,292
100076,835
100065,624
100014,743
100035,670
100071,232
100023,527
100069,839
100081,736
100057,476
100044,312
100015,588
100000,986
100012,941
100020,207
100006,986
100087,93
100099,470
100045,913
100054,909
100008,609
100033,415
100069,964
100092,796
100007,527
100037,535
100056,572
100059,493
100031,738
100059,706
100036,471
100053,840
100043,17
100038,902
100028,726
100043,281
100022,606
100002,502
100037,273
100011,188
100067,373
100075,341
100072,50
100013,161
100096,368
100087,453
100023,739
100019,87
100037,92
100066,945
100033,970
100091,990
100011,262
100048,882
100013,307
100080,961
100032,106
100071,713
100003,642
100026,411
100003,211
100053,238
100033,865
100035,937
100050,416
100038,373
100047,557
100039,304
100088,15
100019,877
100004,538
100008,114
100016,654
100052,240
100086,377
100097,867
100018,825
100043,712
100096,635
100092,873
100060,61
100082,735
100011,463
100023,945
100035,8
100009,275
100072,995
100046,746
100085,53
100077,157
100086,395
100088,713
100098,461
100071,772
100067,285
100012,57
100098,106
100073,524
100009,585
100059,977
100087,120
100075,452
100000,23
100099,827
100028,675
100029,363
100062,332
100096,13
100096,135
100060,935
100010,401
100052,343
100024,285
100035,876
100094,833
100077,520
100033,350
100050,816
100058,445
100099,630
100040,747
100038,569
100013,33
100080,412
100008,971
100007,234
100019,943
100090,867
100043,699
100036,675
100099,373
100094,958
100073,675
100020,383
100066,221
100049,670
100006,58
100047,104
100021,873
100001,939
100073,530
100051,385
100033,317
100013,208
100019,456
100010,371
100055,230
100013,548
100010,828
100074,613
100015,114
100098,623
100054,773
100075,443
100076,386
100073,498
100047,624
100008,611
100099,343
100086,642
100069,798
100084,381
100063,355
100066,297
100061,151
100014,960
100081,257
100021,856
100025,950
100007,989
100006,178
100032,22
100060,975
100095,416
100016,584
100092,677
100094,656
100041,996
100002,893
100054,873
100050,721
100016,460
100044,825
100004,162
100003,526
100035,911
100075,395
100063,115
100082,380
100057,34
100056,990
100062,651
100082,398
100069,268
100058,460
100005,361
100000,525
100079,641
100028,712
100013,205
100076,943
100026,60
100004,73
100070,308
100019,396
100002,625
100002,537
100031,846
100057,330
100089,317
100044,374
100030,276
100061,763
100016,149
100081,232
100021,113
100012,893
100077,653
100089,308
100089,466
100060,359
100064,497
100033,44
100027,151
100045,25
100092,124
100077,460
100069,211
100001,626
100004,401
100014,68
100083,948
100068,808
100090,687
100075,136
100079,490
100025,29
100052,423
100067,909
100073,932
100044,345
100035,429
100051,219
100072,460
100027,655
100082,110
100002,477
100046,634
100091,565
100050,968
100082,113
100051,447
100086,797
100067,688
100040,655
100066,763
100017,423
100015,866
100005,181
100093,431
100004,362
100080,524
100085,251
100056,130
100041,866
100049,521
100023,33
100072,575
100067,531
100053,633
100082,803
100033,290
100043,865
100049,179
100011,722
100044,284
100005,850
100088,648
100095,290
100044,763
100028,764
100066,969
100071,245
100083,262
100056,99
100085,83
100051,456
100024,890
100071,818
100020,930
100025,548
100058,882
100069,108
100052,432
100077,449
100082,2
100022,34
100025,791
100094,104
100021,298
100049,298
100060,416
100065,921
100057,811
100098,693
100077,877
100086,572
100030,76
100019,854
100009,799
100033,853
100040,310
100005,773
100092,157
100032,775
100036,763
100077,900
100019,371
100001,287
100055,564
100093,526
100092,385
100089,216
100084,129
100046,760
100092,240
100076,276
100088,494
100093,163
100094,665
100095,654
100098,289
100056,807
100053,964
100048,487
100058,949
100074,237
100069,189
100015,471
100040,998
100042,468
100009,506
100066,202
100072,947
100073,411
100068,515
100091,150
100092,523
100099,738
100073,876
100067,793
100020,458
100063,828
100095,903
100092,332
100006,654
100095,748
100066,198
100076,774
100058,18
100012,557
100020,246
100052,883
100010,783
100066,195
100048,934
100098,501
100070,115
100015,137
100021,530
100001,233
100058,724
100013,927
100009,822
100078,626
100078,228
100063,839
100086,576
100002,110
100076,312
100063,973
100054,72
100065,805
100081,759
100088,55
100035,64
100049,262
100002,828
100042,45
100096,791
100095,800
100058,780
100038,997
100021,798
100089,273
100099,658
100059,923
100080,52
100023,434
100021,542
100079,95
100012,610
100026,140
100062,777
100098,25
100092,540
100008,306
100038,264
100077,13
100012,960
100004,955
100096,322
100056,111
100062,639
100078,394
100070,195
100073,594
100067,198
100041,493
100026,761
100077,369
100009,622
100081,107
100086,517
100081,811
100051,178
100079,103
100062,537
100037,609
100019,992
100064,479
100022,479
100082,584
100062,591
100022,582
100045,983
100060,336
100073,711
100084,703
100083,659
100089,852
100007,897
100051,31
100034,459
100088,165
100009,475
100000,968
100020,602
100037,676
100015,948
100048,152
100034,407
100095,898
100023,650
100023,322
100078,867
100059,111
100085,128
100006,408
100093,498
100088,316
100025,206
100031,546
100043,502
100022,625
100043,272
100005,525
100014,214
100078,331
100033,504
100055,842
100000,390
100016,312
100064,641
100069,49
100061,392
100054,469
100094,805
100050,398
100013,651
100023,877
100060,118
100079,618
100013,34
100016,172
100057,409
100003,577
100009,49
100054,329
100090,675
100091,249
100050,580
100034,177
100012,242
100054,543
100043,96
100040,751
100043,163
100016,684
100015,205
100038,795
100020,149
100004,470
100016,303
100035,411
100041,141
100001,858
100053,17
100066,765
100007,331
100085,904
100091,686
100088,577
100054,979
100096,782
100028,744
100059,630
100007,532
100004,596
100066,838
100003,626
100015,897
100002,193
100034,281
100026,814
100086,16
100085,964
100061,384
100092,910
100091,615
100053,821
100098,297
100010,185
100055,44
100014,57
100021,942
100002,275
100009,688
100004,598
100016,457
100040,880
100081,110
100022,395
100033,321
100060,74
100083,111
100061,597
100036,923
100022,764
100011,776
100085,465
100097,409
100054,227
100040,950
100043,613
100032,6
100058,946
100095,404
100078,831
100060,185
100065,560
100077,287
100030,164
100027,187
100038,619
100018,603
100095,395
100079,553
100097,878
100073,956
100081,398
100055,127
100065,219
100069,966
100070,210
100040,700
100073,723
100085,200
100021,453
100082,59
100093,15
100084,45
100002,988
100087,625
100066,870
100010,979
100047,43
100082,116
100067,243
100063,492
100035,248
100033,674
100057,773
100037,929
100007,525
100017,561
100049,703
100058,926
100018,75
100032,429
100064,411
100054,477
100042,426
100093,973
100069,44
100058,264
100051,813
100053,211
100090,404
100058,995
100053,7
100020,903
100085,338
100061,266
100016,950
100090,293
100072,175
100004,154
100093,608
100053,602
100006,624
100004,302
100021,950
100068,926
100029,418
100031,283
100004,322
100030,171
100009,985
100080,499
100074,693
100013,324
100065,67
100059,383
100049,96
100046,62
100073,541
100014,386
100010,636
100020,927
100065,342
100047,980
100077,675
100018,892
100005,736
100013,170
100028,240
100012,847
100024,946
100017,678
100091,922
100064,748
100086,10
100023,729
100041,59
100049,560
100024,210
100080,769
100059,389
100044,893
100075,864
100089,64
100044,277
100034,925
100024,698
100031,44
100059,285
100036,341
100012,585
100006,309
100048,562
100041,184
100097,969
100011,463
100056,903
100025,853
100088,431
100007,846
100034,192
100076,262
100032,194
100087,248
100064,704
100071,139
100047,501
100022,402
100060,622
100037,160
100087,778
100090,713
100055,88
100036,114
100060,68
100089,179
100041,115
100052,405
100050,675
100054,656
100002,409
100068,862
100094,470
100017,661
100006,989
100080,563
100034,173
100042,648
100072,71
100058,571
100006,935
100018,343
100041,145
100031,114
100000,189
100003,980
100078,791
100040,451
100010,532
100028,861
100006,117
100013,779
100017,726
100016,169
100040,678
100002,463
100002,138
100025,945
100029,629
100064,287
100065,511
100018,441
100020,73
100084,300
100095,385
100066,561
100023,408
100044,686
100029,244
100024,299
100031,438
100072,234
100086,909
100070,102
100067,455
100076,241
100048,318
100045,659
100042,161
100007,448
100055,204
100011,104
100075,157
100003,910
100086,6
100068,857
100042,935
100066,972
100098,165
100023,465
100011,324
100020,480
100075,980
100068,922
100047,605
100011,567
100003,431
100074,997
100004,154
100005,49
100071,239
100096,874
100004,487
100027,132
100041,779
100031,699
100042,697
100051,756
100076,205
100086,684
100057,823
100046,269
100089,807
100006,798
100089,849
100077,892
100083,943
100031,219
100044,870
100084,267
100048,399
100055,926
100051,999
100052,757
100032,843
100074,828
100014,395
100049,37
100083,811
100019,919
100059,934
100037,116
100060,485
100044,299
100053,461
100078,913
100015,764
100041,484
100017,968
100035,949
100030,275
100002,127
100084,618
100093,880
100050,656
100064,499
100072,645
100040,181
100052,471
100028,37
100071,325
100076,704
100030,738
100064,576
100067,218
100065,314
100007,609
100068,380
100085,660
100060,66
100086,311
100037,292
100018,873
100044,571
100034,741
100041,54
100030,761
100086,543
100004,871
100017,508
100002,856
100060,724
100085,867
100050,672
100006,445
100087,419
100004,37
100016,927
100064,229
100092,802
100082,872
100001,20
100071,727
100045,908
100031,109
100025,207
100040,622
100086,661
100037,499
100087,816
100097,131
100091,800
100007,979
100082,579
100045,187
100030,860
100015,881
100065,747
100089,3
100089,398
100077,24
100077,377
100047,451
100009,337
100049,835
100064,781
100076,217
100051,80
100071,434
100050,270
100012,398
100014,714
100085,251
100068,640
100009,340
100079,212
100038,881
100053,578
100010,684
100038,357
100083,53
100031,36
100038,438
100022,520
100029,918
100061,818
100028,554
100007,941
100012,797
100081,377
100055,418
100064,863
100064,672
100089,284
100077,311
100041,449
100034,83
100098,713
100043,170
100080,258
100069,857
100007,626
100035,601
100065,546
100083,148
100032,633
100021,871
100071,32
100089,349
100028,918
100006,432
100013,753
100056,478
100030,676
100016,677
100051,327
100068,900
100006,833
100086,166
100057,400
100002,40
100052,776
100099,832
100059,29
100061,204
100028,62
100039,363
100081,349
100014,813
100010,396
100015,421
100097,502
100019,614
100053,369
100078,354
100061,124
100034,912
100048,159
100010,616
100009,841
100072,327
100073,731
100055,321
100046,695
100073,649
100036,21
100025,53
100024,650
100067,993
100081,79
100003,771
100012,564
100044,753
100009,343
100004,190
100072,117
100008,940
100066,591
100020,843
100081,878
100061,191
100090,227
100024,83
100022,634
100043,885
100056,777
100021,608
100016,730
100058,361
100055,938
100062,288
100074,350
100052,873
100099,499
100045,80
100075,62
100090,274
100074,957
100006,924
100017,50
100043,489
100050,326
100086,989
100093,427
100061,14
100004,328
100057,941
100052,453
100020,148
100093,464
100092,543
100092,713
100073,642
100013,77
100082,863
100088,806
100045,28
100060,744
100031,611
100065,47
100055,772
100055,16
100054,309
100040,153
100046,930
100038,586
100002,223
100077,305
100087,87
100080,828
100088,606
100017,108
100062,553
100054,843
100037,713
100028,718
100008,288
100001,176
100095,423
100087,972
100014,799
100059,692
100085,633
100012,203
100038,922
100029,379
100098,664
100025,774
100080,403
100037,200
100086,345
100055,33
100097,617
100007,775
100078,147
100004,925
100092,649
100047,729
100022,702
100095,128
100092,180
100048,944
100079,593
100038,513
100079,419
100016,26
100012,738
100011,549
100042,908
100046,122
100004,842
100047,411
100077,603
100032,43
100081,133
100099,682
100000,876
100054,255
100028,408
100068,490
100097,651
100078,792
100068,245
100059,645
100063,520
100089,496
100009,141
100082,633
100059,936
100004,98
100014,864
100080,573
100031,711
100048,722
100071,587
100079,591
100050,876
100079,549
100087,348
100073,655
100003,910
100071,445
100029,71
100020,431
100009,851
100034,492
100009,743
100072,105
100009,128
100010,115
100041,175
100013,341
100075,474
100071,418
100025,660
100085,194
100041,848
100066,233
100075,828
100041,957
100084,581
100026,396
100036,934
100025,353
100049,959
100013,371
100072,932
100027,354
100023,330
100009,632
100033,716
100057,766
100014,606
100006,587
100010,609
100025,72
100047,444
100080,945
100068,726
100070,287
100075,271
100075,556
100085,710
100050,172
100003,669
100073,739
100031,911
100098,627
100027,263
100031,734
100073,580
100090,631
100034,101
100030,121
100015,736
100063,571
100087,527
100043,449
100029,98
100038,958
100046,778
100035,951
100019,317
100088,418
100003,640
100057,247
100065,583
100064,445
100063,489
100034,508
100067,376
100095,187
100069,479
100063,441
100048,117
100053,29
100022,636
100062,77
100084,978
100080,843
100018,688
100083,562
100054,427
100014,76
100073,955
100092,908
100067,808
100018,281
100077,612
100069,796
100067,153
100057,575
100027,201
100085,707
100033,673
100013,245
100050,818
100000,638
100005,451
100083,500
100018,920
100066,983
100071,293
100033,842
100000,463
100045,954
100000,100
100069,585
100012,586
100003,233
100015,874
100088,336
100098,729
100051,564
100017,985
100022,107
100029,254
100080,711
100026,236
100068,308
100030,741
100002,707
100065,500
100092,166
100044,43
100085,263
100047,412
100077,707
100025,247
100012,725
100086,145
100041,210
100001,159
100006,593
100047,441
100088,718
100075,455
100082,415
100032,83
100006,648
100077,468
100052,516
100057,160
100090,859
100061,690
100001,450
100021,23
100017,686
100022,676
100074,628
100050,941
100065,860
100017,950
100004,320
100048,647
100007,170
100071,986
100036,207
100017,80
100010,286
100077,416
100093,726
100047,786
100058,221
100093,269
100062,111
100008,792
100004,825
100055,400
100043,706
100037,793
100049,779
100007,973
100066,420
100086,759
100041,545
100039,132
100061,599
100073,978
100057,375
100065,857
100044,727
100069,573
100010,103
100097,240
100068,472
100014,658
100020,972
100007,576
100032,325
100010,360
100002,467
100099,962
100016,738
100044,478
100070,577
100061,71
100070,414
100097,461
100023,458
100034,735
100054,985
100093,859
100079,925
100054,445
100077,27
100025,966
100000,252
100097,867
100042,445
100085,269
100042,809
100045,548
100073,791
100005,191
100048,466
100051,59
100075,545
100082,247
100023,368
100049,919
100097,865
100065,384
100091,628
100053,789
100002,249
100070,218
100040,959
100017,574
100087,771
100057,357
100004,758
100022,328
100012,688
100060,514
100052,550
100097,575
100047,847
100003,890
100010,897
100099,261
100097,378
100028,179
100052,457
100035,910
100080,25
100010,873
100014,964
100047,157
100035,420
100053,828
100052,238
100063,833
100052,782
100033,538
100032,106
100005,547
100095,541
100051,787
100012,4
100095,606
100093,362
100003,977
100097,993
100093,963
100044,576
100052,631
100073,571
100022,831
100039,307
100049,323
100056,860
100006,188
100009,916
100023,210
100082,608
100032,852
100038,560
100031,23
100004,680
100050,262
100014,442
100023,782
100019,100
100062,183
100094,470
100009,348
100012,752
100064,133
100071,284
100025,643
100016,49
100063,323
100088,735
100038,298
100087,824
100032,300
100007,536
100082,591
100032,859
100083,807
100012,79
100003,322
100015,488
100040,721
100037,236
100047,397
100008,28
100068,985
100067,755
100092,402
100077,135
100089,340
100012,71
100038,410
100017,474
100038,128
100048,225
100007,261
100059,872
100018,743
100013,614
100062,532
100084,51
100070,604
100016,61
100012,724
100083,909
100087,857
100088,741
100066,342
100081,890
100060,205
100069,577
100071,447
100027,629
100002,720
100078,599
100051,237
100036,420
100068,437
100084,78
100071,237
100065,276
100091,31
100064,232
100090,827
100091,335
100037,335
100031,874
100095,172
100008,865
100021,619
100079,320
100086,551
100039,349
100026,358
100048,738
100067,574
100035,488
100083,933
100094,807
100018,551
100056,213
100071,799
100021,38
100035,392
100074,873
100090,873
100034,921
100027,478
100024,775
100038,251
100019,947
100083,72
100017,947
100040,671
100053,383
100032,319
100087,744
100033,482
100027,876
100056,516
100060,599
100082,366
100052,490
100041,11
100046,277
100065,9
100056,541
100067,175
100090,855
100031,42
100073,945
100014,798
100097,223
100080,172
100056,617
100098,539
100075,918
100035,144
100084,196
100002,125
100007,771
100009,782
100046,330
100021,864
100007,30
100055,9
100009,573
100066,57
100060,259
100073,829
100075,824
100027,161
100073,759
100024,707
100081,336
100026,847
100075,112
100055,709
100009,10
100005,286
100007,751
100095,770
100043,549
100006,297
100085,208
100037,106
100067,220
100034,200
100061,91
100010,498
100000,451
100011,651
100048,474
100093,610
100011,798
100055,279
100062,300
100044,41
100019,405
100057,175
100046,274
100079,34
100065,124
100046,743
100037,445
100017,733
100016,349
100007,414
100012,301
100041,104
100052,213
100081,551
100007,212
100055,632
100045,843
100021,69
100068,624
100093,223
100042,159
100070,756
100047,134
100054,263
100090,40
100022,163
100024,232
100043,405
100088,812
100088,260
100090,362
100045,127
100078,399
100099,573
100065,996
100061,328
100023,265
100026,761
100066,13
100065,137
100005,888
100090,701
100098,708
100068,739
100067,588
100070,930
100064,353
100045,656
100041,329
100095,777
100010,114
100051,784
100036,207
100049,507
100003,324
100026,341
100006,412
100039,231
100052,9
100084,453
100038,993
100005,184
100077,903
100041,715
100048,183
100065,903
100085,330
100083,573
100051,17
100079,464
100007,434
100053,620
100088,802
100099,783
100060,102
100095,349
100056,44
100046,414
100096,921
100069,136
100096,863
100084,518
100031,725
100064,330
100084,261
100057,166
100078,308
100043,783
100051,885
100023,437
100016,24
100009,708
100020,681
100089,732
100071,990
100031,458
100087,284
100025,306
100034,622
100067,692
100048,231
100014,329
100079,15
100058,399
100045,956
100002,807
100081,897
100018,909
100028,389
100085,948
100098,336
100083,517
100055,773
100027,906
100053,117
100068,525
100014,668
100054,691
100094,18
100085,447
100050,411
100058,647
100055,343
100005,863
100009,989
100031,688
100089,611
100038,981
100088,343
100024,340
100049,585
100004,639
100060,888
100071,229
100074,104
100063,956
100062,393
100001,250
100088,734
100048,6
100059,868
100034,475
100077,716
100059,488
100076,86
100028,325
100076,870
100041,338
100007,628
100011,470
100058,938
100088,707
100039,244
100048,259
100088,247
100083,558
100013,600
100031,511
100017,164
100091,901
100050,335
100066,62
100086,379
100001,414
100025,212
100064,817
100087,726
100061,312
100022,923
100073,334
100015,366
100036,578
100061,738
100033,139
100069,612
100060,92
100007,840
100075,247
100084,489
100098,623
100003,604
100061,933
100009,942
100021,296
100086,110
100001,31
100010,796
100033,334
100031,662
100046,247
100074,904
100052,502
100040,341
100014,554
100034,752
100089,143
100050,62
100077,444
100053,351
100054,368
100061,173
100051,712
100086,210
100019,768
100061,748
100096,606
100012,845
100091,957
100063,991
100079,529
100073,326
100054,298
100065,414
100089,884
100084,149
100097,888
100010,474
100011,53
100026,566
100081,954
100080,913
100051,597
100042,396
100044,602
100069,75
100057,58
100092,216
100071,322
100030,749
100060,905
100014,415
100030,259
100029,103
100069,106
100076,151
100087,148
100023,291
100099,736
100015,575
100074,992
100051,319
100072,676
100098,44
100098,593
100023,857
100079,135
100027,497
100052,354
100002,412
100007,505
100008,996
100099,686
100032,521
100095,85
100000,266
100093,78
100007,724
100059,855
100062,223
100065,564
100009,940
100040,576
100032,723
100052,94
100009,821
100041,651
100080,152
100063,839
100095,953
100047,5
100019,899
100072,67
100016,691
100087,128
100039,133
100018,930
100076,464
100068,505
100054,552
100045,969
100016,41
100090,458
100028,867
100069,377
100008,715
100090,934
100040,516
100042,901
100015,418
100093,15
100050,209
100084,970
100023,824
100000,181
100021,370
100028,177
100059,200
100000,867
100092,478
100001,877
100020,721
100084,175
100046,409
100058,219
100052,120
100083,560
100097,814
100007,920
100052,716
100054,647
100095,440
100051,299
100016,21
100052,831
100048,327
100002,591
100018,130
100051,407
100011,345
100061,598
100076,249
100024,720
100088,583
100090,247
100054,704
100024,378
100098,179
100025,203
100054,766
100049,754
100001,716
100088,965
100035,399
100037,714
100068,280
100076,769
100035,425
100004,436
100096,154
100039,342
100043,208
100040,474
100002,148
100003,532
100058,62
100030,550
100053,466
100031,935
100032,390
100009,925
100012,104
100012,631
100094,153
100041,658
100024,230
100069,485
100077,884
100074,313
100031,821
100013,913
100080,594
100062,282
100050,371
100034,475
100002,682
100071,642
100077,651
100010,161
100045,880
100074,884
100082,459
100088,587
100088,991
100016,344
100051,529
100056,521
100054,870
100004,840
100026,562
100075,371
100083,851
100093,606
100061,643
100094,332
100074,899
100065,599
100074,816
100086,437
100047,709
100045,83
100092,911
100063,350
100007,275
100019,687
100074,666
100060,457
100027,611
100014,545
100057,9
100077,306
100066,324
100003,298
100087,176
100066,435
100004,909
100018,233
100037,267
100082,218
100011,998
100001,681
100062,116
100020,418
100065,248
100080,874
100081,868
100066,988
100028,424
100080,736
100042,100
100091,510
100046,614
100002,742
100084,238
100050,739
100030,313
100070,559
100067,718
100008,258
100074,413
100032,711
100050,93
100087,455
100048,153
100099,926
100089,561
100012,343
100078,770
100095,349
100048,42
100085,442
100075,50
100024,318
100002,171
100066,429
100051,566
100011,624
100015,727
100023,240
100021,290
100046,768
100063,750
100013,604
100064,396
100082,179
100092,207
100043,210
100042,65
100097,15
100006,40
100042,695
100061,387
100011,717
100029,532
100094,404
100066,609
100074,962
100050,544
100085,78
100022,90
100095,788
100003,607
100082,559
100063,563
100072,784
100002,128
100075,58
100011,418
100096,125
100071,409
100060,628
100092,581
100014,587
100015,792
100061,466
100001,454
100022,865
100092,771
100044,513
100095,517
100090,797
100006,321
100099,632
100071,810
100067,274
100099,540
100087,974
100076,487
100034,863
100026,996
100082,416
100019,476
100074,184
100068,432
100075,164
100030,580
100048,766
100059,640
100032,94
100066,855
100048,495
100010,74
100090,766
100094,144
100094,377
100031,933
100024,335
100063,290
100076,989
100097,315
100048,808
100035,351
100016,236
100049,33
100091,394
100087,500
100086,58
100087,634
100085,358
100018,118
100015,529
100068,422
100055,833
100046,37
100019,715
100078,149
100032,998
100058,857
100037,646
100000,864
100040,202
100095,91
100094,279
100000,704
100041,799
100047,17
100012,487
100036,124
100007,826
100083,942
100012,398
100003,261
100078,232
100001,682
100022,567
100067,138
100022,896
100070,325
100010,392
100015,12
100037,75
100010,959
100082,935
100041,871
100021,710
100005,926
100013,275
100019,265
100033,964
100064,424
100071,88
100012,259
100004,805
100096,237
100071,645
100088,110
100083,612
100054,499
100019,315
100039,577
100026,88
100053,257
100098,144
100038,225
100000,469
100081,37
100099,219
100011,720
100045,168
100022,570
100001,539
100016,492
100034,28
100099,100
100011,694
100090,756
100074,356
100003,365
100082,535
100022,922
100086,152
100037,242
100039,802
100068,840
100019,61
100098,387
100079,770
100008,926
100015,27
100035,509
100032,86
100068,638
100036,152
100013,280
100052,648
100054,150
100092,397
100082,347
100022,575
100042,70
100055,643
100024,415
100062,904
100035,880
100053,696
100011,357
100070,557
100012,192
100090,494
100055,3
100073,231
100029,104
100078,584
100074,196
100086,653
100026,629
100022,468
100076,577
100000,932
100023,189
100069,506
100036,517
100065,738
100008,69
100096,977
100093,563
100047,935
100059,329
100092,52
100026,642
100063,75
100022,668
100007,466
100033,847
100031,410
100012,997
100003,468
100063,776
100012,556
100070,951
100078,651
100001,209
100059,666
100060,653
100088,247
100093,168
100025,117
100041,8
100056,741
100030,577
100077,44
100037,809
100018,427
100053,852
100093,303
100091,891
100066,925
100044,201
100067,253
100007,441
100027,492
100036,795
100070,173
100045,554
100020,784
100065,984
100025,875
100056,442
100086,439
100061,50
100079,160
100067,777
100076,450
100064,435
100019,810
100047,775
100075,716
100092,342
100018,766
100005,868
100071,528
100073,589
100031,274
100031,54
100097,282
100084,560
100017,795
100081,640
100068,908
100070,299
100058,513
100093,267
100042,849
100024,70
100036,204
100073,211
100019,857
100057,26
100091,349
100009,682
100013,876
100087,945
100060,41
100072,184
100021,609
100088,164
100092,719
100001,95
100028,140
100036,693
100040,872
100056,452
100037,408
100020,189
100057,78
100096,156
100078,946
100041,580
100073,368
100068,276
100065,904
100098,468
100017,979
100052,281
100034,595
100092,484
100071,137
100068,856
100076,275
100071,963
100049,148
100003,929
100054,811
100072,431
100025,833
100057,16
100079,39
100014,632
100067,645
100037,700
100006,928
100098,988
100085,922
100054,959
100053,133
100091,269
100089,168
100011,971
100052,998
100066,7
100014,92
100090,429
100079,858
100070,750
100086,349
100077,773
100048,612
100071,348
100055,537
100031,371
100052,500
100056,366
100073,134
100066,38
100029,416
100083,574
100041,171
100099,650
100002,408
100051,486
100043,521
100024,930
100013,126
100043,144
100032,181
100002,747
100071,384
100048,846
100010,749
100005,204
100012,521
100013,820
100029,152
100062,850
100091,433
100042,642
100094,109
100081,823
100064,81
100026,908
100093,273
100074,51
100093,504
100012,229
100045,63
100040,14
100029,175
100080,507
100032,742
100024,348
100056,997
100068,851
100059,740
100037,10
100003,118
100043,802
100058,164
100005,874
100025,363
100025,349
100054,605
100040,535
100064,942
100008,119
100093,986
100055,27
100095,690
100089,276
100049,150
100062,987
100055,416
100091,156
100099,889
100086,25
100072,139
100068,797
100053,715
100025,609
100008,21
100083,6
100007,61
100095,858
100003,709
100089,155
100093,939
100013,952
100027,614
100069,541
100056,223
100086,821
100029,697
100086,917
100081,476
100016,529
100076,413
100059,945
100055,877
100015,695
100074,212
100067,477
100056,230
100091,532
100010,810
100076,546
100021,965
100034,201
100041,917
100080,324
100062,703
100052,637
100099,939
100058,254
100075,714
100007,76
100029,678
100011,227
100095,236
100081,509
100021,108
100029,871
100056,188
100023,889
100081,711
100027,806
100030,725
100042,220
100040,436
100087,276
100061,750
100020,326
100021,844
100066,168
100003,525
100011,191
100030,549
100016,389
100068,36
100040,337
100070,225
100056,259
100066,563
100017,803
100045,863
100032,911
100031,338
100030,352
100017,898
100025,460
100086,690
100098,770
100048,324
100082,763
100055,862
100099,967
100069,447
100013,500
100042,80
100028,269
100082,272
100071,658
100037,673
100071,882
100075,637
100097,88
100090,655
100087,949
100041,806
100042,692
100015,767
100017,794
100046,958
100038,126
100000,661
100042,115
100027,562
100083,742
100099,539
100052,363
100003,723
100043,828
100047,494
100044,369
100099,472
100099,485
100078,15
100017,973
100079,53
100009,726
100032,786
100037,855
100099,929
100049,235
100070,469
100051,428
100031,886
100077,201
100021,371
100064,711
100051,804
100078,950
100078,926
100093,86
100023,217
100040,962
100041,389
100053,169
100094,649
100088,318
100046,30
100062,548
100001,474
100080,871
100062,822
100015,879
100033,174
100045,161
100080,763
100089,540
100075,435
100084,785
100095,621
100045,920
100045,764
100032,558
100058,616
100085,471
100068,123
100007,60
100001,577
100039,529
100034,674
100020,746
100079,947
100035,509
100079,921
100063,523
100061,184
100030,351
100087,128
100014,531
100024,368
100067,38
100036,514
100080,49
100034,744
100033,137
100086,223
100048,710
100046,667
100022,428
100039,717
100067,381
100050,557
100097,305
100086,12
100050,619
100066,685
100044,502
100095,684
100032,77
100055,385
100003,88
100089,505
100028,125
100092,814
100032,411
100081,803
100048,293
100062,868
100025,624
100084,864
100031,128
100035,891
100064,553
100011,756
100077,699
100029,50
100092,82
100088,874
100096,104
100090,127
100009,678
100059,959
100042,122
100029,826
100057,112
100023,558
100093,316
100097,911
100043,632
100026,52
100034,135
100072,221
100061,928
100077,106
100037,10
100042,16
100052,697
100095,561
100045,544
100075,279
100016,798
100080,700
100035,312
100040,390
100072,924
100081,313
100044,95
100051,550
100028,482
100036,117
100061,618
100063,950
100038,185
100029,423
100029,473
100084,945
100029,67
100069,135
100048,764
100078,168
100091,263
100092,452
100098,713
100023,162
100080,248
100092,899
100026,187
100078,673
100050,417
100085,425
100048,773
100047,221
100014,323
100096,951
100090,580
100089,68
100063,419
100041,984
100084,465
100015,233
100003,651
100029,141
100064,887
100090,838
100019,203
100089,449
100061,752
100013,813
100009,83
100027,892
100076,987
100057,283
100075,224
100004,435
100064,106
100090,220
100058,350
100073,618
100018,386
100081,611
100087,889
100031,659
100097,343
100070,172
100066,103
100089,516
100080,782
100015,901
100026,166
100010,226
100091,822
100064,609
100056,54
100097,391
100020,296
100068,158
100075,885
100071,545
100081,230
100096,491
100093,473
100037,789
100065,5
100072,221
100033,400
100086,170
100007,283
100002,903
100096,550
100060,381
100023,4
100021,528
100027,889
100037,152
100068,431
100032,975
100075,146
100060,458
100099,194
100062,611
100047,802
100001,786
100031,934
100056,745
100087,519
100036,665
100037,514
100026,102
100065,111
100071,103
100094,244
100036,327
100057,456
100044,928
100002,584
100018,199
100099,856
100091,159
100059,408
100019,136
100046,737
100041,148
100098,841
100097,868
100015,781
100085,772
100052,968
100017,1
100003,226
100041,663
100094,382
100090,977
100026,667
100085,949
100044,866
100051,782
100099,187
100081,907
100018,341
100040,436
100067,123
100080,897
100067,665
100071,188
100023,234
100027,3
100007,500
100065,890
100050,152
100022,361
100021,259
100097,684
100024,964
100090,985
100093,351
100076,615
100037,676
100099,923
100048,647
100036,368
100090,63
100028,900
100008,212
100079,507
100064,895
100053,636
100053,529
100032,522
100063,799
100063,385
100016,536
100016,40
100078,813
100005,967
100013,870
100006,87
100025,261
100070,566
100067,642
100035,369
100042,108
100095,838
100079,304
100082,44
100039,338
100052,308
100062,981
100084,33
100088,643
100040,538
100095,267
100066,981
100026,545
100073,369
100096,644
100024,556
100052,734
100038,124
100081,206
100080,361
100074,331
100065,302
100033,746
100053,446
100000,460
100010,904
100039,672
100003,788
100004,305
100048,754
100017,459
100007,639
100067,498
100057,515
100040,80
100046,920
100065,891
100039,692
100025,125
100061,386
100013,887
100099,269
100096,620
100015,420
100068,620
100065,737
100056,972
100083,561
100068,216
100068,51
100045,49
100094,522
100020,597
100051,692
100077,163
100096,184
100048,890
100006,141
100004,467
100044,242
100048,653
100034,523
100059,907
100007,136
100076,638
100075,405
100030,354
100046,809
100028,610
100019,750
100045,741
100072,899
100080,572
100077,216
100026,481
100094,711
100008,158
100093,709
100046,779
100030,312
100018,20
100099,937
100030,821
100001,835
100089,518
100083,212
100045,531
100068,400
100073,513
100019,294
100041,412
100054,186
100081,45
100071,475
100090,565
100096,377
100090,687
100015,280
100016,528
100028,939
100072,907
100063,411
100028,513
100096,868
100004,929
100096,665
100085,646
100058,501
100088,734
100003,582
100011,214
100069,224
100009,579
100048,508
100039,535
100024,290
100039,348
100047,219
100025,856
100008,212
100027,289
100097,118
100022,205
100040,492
100025,555
100069,661
100095,866
100012,263
100008,951
100080,803
100056,22
100014,560
100053,229
100083,280
100055,318
100095,774
100051,501
100035,452
100055,677
100075,777
100088,405
100043,757
100068,752
100036,104
100051,76
100038,532
100071,846
100057,46
100032,493
100053,790
100009,987
100061,789
100059,570
100051,227
100001,528
100097,726
100064,552
100034,251
100028,7
100005,203
100046,943
100067,960
100086,978
100059,862
100040,746
100026,417
100019,456
100039,124
100085,477
100043,780
100029,70
100051,607
100008,861
100093,47
100011,572
100053,597
100011,735
100057,559
100013,917
100089,253
100054,19
100029,600
100088,98
100050,546
100018,270
100092,203
100010,314
100016,839
100079,695
100005,331
100051,374
100066,553
100033,757
100000,77
100081,139
100016,290
100025,301
100006,648
100067,335
100076,431
100087,316
100007,655
100089,633
100088,778
100064,58
100015,626
100001,129
100093,778
100071,202
100020,883
100024,577
100079,474
100093,515
100040,21
100051,47
100069,470
100016,289
100049,505
100083,839
100036,706
100055,307
100045,898
100006,227
100095,862
100081,729
100061,188
100091,203
100065,855
100064,278
100049,617
100017,284
100026,761
100016,178
100075,397
100049,436
100083,838
100007,10
100062,393
100095,80
100000,267
100018,363
100033,18
100055,995
100066,857
100087,451
100005,390
100086,242
100015,782
100000,309
100022,23
100054,74
100040,28
100056,379
100085,551
100017,825
100019,6
100056,464
100025,902
100052,967
100021,995
100097,385
100096,27
100058,44
100090,371
100082,832
100002,136
100059,876
100032,930
100060,632
100086,125
100028,859
100077,613
100085,637
100083,850
100092,912
100051,683
100042,936
100013,372
100009,418
100071,4
100040,443
100038,205
100035,761
100075,298
100012,187
100035,439
100015,135
100028,591
100005,465
100023,390
100029,762
100066,35
100056,532
100009,84
100062,666
100033,832
100031,959
100073,710
100030,215
100018,689
100038,90
100050,765
100028,225
100055,655
100001,487
100046,661
100085,951
100068,512
100017,995
100021,880
100023,399
100013,101
100045,604
100036,920
100012,703
100020,72
100085,487
100068,810
100024,977
100023,341
100041,943
100062,734
100036,826
100002,541
100030,533
100030,17
100048,620
100006,488
100024,732
100009,24
100034,893
100090,854
100003,155
100031,908
100073,862
100058,490
100064,817
100050,601
100005,687
100091,652
100020,366
100051,69
100034,959
100031,441
100019,853
100089,135
100040,121
100032,646
100083,295
100065,915
100002,487
100075,743
100056,931
100003,819
100042,96
100038,738
100039,238
100086,336
100066,984
100009,699
100047,83
100091,47
100043,66
100037,971
100069,790
100073,624
100075,29
100016,524
100065,551
100065,378
100038,231
100023,756
100083,513
100062,475
100070,966
100093,777
100086,455
100007,65
100022,756
100073,940
100042,706
100073,366
100018,106
100003,172
100052,626
100017,638
100013,269
100082,343
100025,683
100003,518
100081,234
100090,659
100094,786
100051,918
100053,438
100050,831
100028,168
100071,934
100092,671
100045,447
100015,702
100050,883
100049,901
100044,198
100053,58
100056,774
100041,125
100052,496
100060,475
100092,501
100012,514
100009,875
100000,421
100015,130
100031,90
100019,334
100090,944
100089,213
100012,485
100009,947
100068,277
100031,740
100070,666
100023,417
100089,140
100064,387
100091,1
100036,807
100008,463
100030,353
100012,431
100084,728
100047,580
100005,410
100097,689
100080,353
100050,220
100047,216
100078,369
100083,378
100058,200
100057,65
100090,53
100028,659
100053,137
100066,960
100049,896
100075,337
100021,774
100095,242
100024,412
100030,847
100087,679
100027,662
100004,281
100039,64
100043,876
100099,728
100006,990
100086,795
100061,891
100053,35
100012,329
100025,402
100060,613
100090,749
100099,373
100091,803
100058,759
100089,135
100035,561
100006,535
100056,594
100020,255
100006,65
100044,993
100000,173
100072,148
100027,595
100005,562
100077,425
100034,283
100056,500
100018,205
100093,769
100093,376
100088,576
100057,775
100091,279
100054,732
100061,493
100043,986
100018,134
100044,911
100021,562
100077,760
100054,587
100088,551
100091,731
100088,896
100011,707
100005,339
100089,309
100064,878
100002,303
100053,937
100037,315
100036,964
100082,567
100064,951
100077,813
100078,279
100000,300
100033,795
100093,601
100093,686
100047,991
100001,310
100020,913
100078,193
100092,410
100071,333
100066,78
100037,328
100083,240
100026,153
100041,661
100054,865
100019,536
100026,423
100065,191
100053,297
100074,468
100082,7
100008,695
100069,627
100094,285
100060,354
100072,237
100030,930
100025,674
100046,757
100014,787
100024,890
100029,68
100094,813
100078,997
100060,371
100073,18
100099,379
100034,386
100067,84
100080,372
100095,147
100039,994
100092,286
100048,95
100054,443
100029,567
100059,662
100073,555
100096,285
100071,20
100014,371
100099,489
100017,633
100045,408
100010,751
100035,352
100011,668
100010,940
100034,6
100057,587
100065,586
100082,11
100026,363
100081,456
100097,368
100054,700
100013,626
100035,27
100049,578
100090,719
100086,719
100068,612
100076,753
100019,418
100070,856
100017,676
100005,998
100070,11
100067,170
100048,117
100054,364
100050,749
100098,516
100045,749
100020,9
100006,787
100088,277
100060,779
100076,961
100093,786
100030,597
100046,633
100076,348
100008,188
100099,937
100029,720
100034,120
100048,221
100053,677
100065,402
100022,877
100063,963
100029,516
100047,885
100083,676
100087,950
100050,327
100014,54
100043,858
100066,822
100007,751
100006,844
100075,979
100056,963
100001,262
100015,588
100087,85
100094,248
100051,988
100038,836
100091,908
100009,550
100032,388
100039,47
100002,702
100021,652
100050,825
100000,827
100025,378
100095,282
100086,397
100044,282
100043,328
100031,838
100023,847
100035,887
100075,280
100076,76
100001,480
100077,426
100032,720
100063,738
100078,698
100007,798
100047,404
100035,557
100059,277
100049,368
100047,362
100064,873
100025,567
100062,695
100026,629
100030,3
100037,956
100018,629
100092,28
100018,75
100026,271
100058,926
100049,569
100047,283
100096,626
100030,686
100074,22
100024,833
100075,949
100019,156
100006,428
100050,203
100005,105
100081,206
100010,418
100070,362
100031,112
100071,607
100016,249
100052,913
100086,776
100009,354
100040,347
100035,511
100034,191
100007,793
100082,76
100028,944
100016,755
100006,491
100044,800
100095,254
100088,297
100017,109
100020,98
100009,820
100039,176
100069,28
100003,419
100057,240
100041,961
100003,37
100015,984
100006,110
100085,871
100019,553
100091,531
100006,457
100053,201
100010,449
100042,438
100042,493
100067,792
100055,877
100036,851
100068,861
100041,908
100099,548
100065,299
100050,183
100065,53
100072,676
100079,361
100045,348
100040,663
100072,562
100016,55
100018,457
100093,418
100057,699
100019,46
100097,77
100097,91
100049,398
100004,313
100066,371
100031,213
100073,178
100066,404
100059,487
100057,591
100039,739
100073,550
100020,733
100081,135
100046,969
100092,377
100060,838
100047,546
100096,327
100069,711
100028,549
100083,565
100042,741
100011,892
100098,74
100036,919
100097,342
100016,332
100069,919
100017,625
100026,340
100097,698
100096,189
100047,203
100041,13
100089,12
100068,357
100032,200
100023,180
100049,995
100085,468
100056,587
100075,264
100044,205
100008,726
100064,912
100094,314
100068,77
100009,548
100044,108
100036,976
100061,518
100075,800
100074,688
100025,135
100059,5
100076,394
100045,818
100053,825
100088,206
100081,282
100068,872
100001,681
100093,52
100013,931
100080,216
100012,820
100020,392
100030,312
100089,244
100016,21
100055,472
100081,186
100071,980
100021,403
100073,492
100018,955
100071,831
100037,805
100076,515
100009,497
100061,18
100025,559
100003,206
100011,109
100063,705
100093,270
100014,76
100065,772
100047,53
100015,860
100019,313
100073,733
100040,679
100077,42
100064,79
100033,175
100053,479
100070,990
100089,273
100045,747
100010,64
100055,233
100070,934
100001,540
100059,803
100033,50
100074,171
100039,691
100064,622
100024,577
100056,246
100079,258
100082,132
100040,350
100005,828
100046,470
100099,409
100097,398
100049,420
100065,56
100025,745
100024,70
100034,295
100058,80
100025,468
100011,469
100016,217
100088,678
100062,231
100089,10
100034,913
100056,707
100070,123
100069,880
100022,362
100015,137
100014,299
100056,906
100090,762
100071,626
100098,195
100025,759
100007,896
100043,391
100007,516
100067,988
100077,569
100012,797
100013,551
100013,562
100037,232
100034,449
100055,852
100023,612
100086,500
100007,432
100089,524
100036,565
100088,323
100050,293
100032,449
100097,644
100001,269
100011,781
100088,964
100053,109
100050,260
100080,199
100089,646
100009,393
100078,724
100007,738
100052,700
100063,60
100017,695
100014,619
100039,284
100067,55
100020,873
100060,69
100003,971
100008,829
100093,873
100036,650
100024,670
100075,145
100005,527
100078,369
100004,502
100031,999
100039,250
100052,131
100095,564
100096,483
100027,691
100004,104
100014,667
100043,997
100007,171
100033,853
100016,368
100086,196
100070,208
100019,289
100093,578
100012,547
100093,548
100065,527
100000,963
100016,121
100030,585
100029,995
100024,308
100018,441
100039,31
100029,145
100037,398
100071,188
100059,805
100040,580
100018,806
100043,30
100079,362
100085,369
100044,43
100017,746
100008,424
100006,866
100056,47
100042,34
100051,251
100029,434
100051,495
100047,682
100028,48
100042,46
100006,632
100005,437
100034,944
100077,208
100096,195
100060,599
100014,856
100050,76
100074,558
100059,990
100040,853
100020,193
100098,687
100084,19
100014,449
100059,487
100008,186
100020,217
100046,997
100042,83
100086,128
100044,655
100049,554
100010,887
100063,530
100040,403
100051,333
100016,623
100034,271
100065,687
100048,238
100037,570
100045,964
100017,805
100035,433
100089,282
100062,715
100058,940
100008,804
100075,28
100047,762
100022,114
100057,142
100018,613
100073,869
100039,745
100008,169
100075,51
100034,161
100051,383
100027,71
100059,253
100036,35
100013,604
100097,493
100060,736
100033,45
100009,416
100096,627
100014,351
100079,645
100013,45
100000,391
100088,975
100032,53
100010,264
100010,843
100050,170
100009,982
100016,708
100057,24
100065,112
100033,285
100080,401
100021,549
100003,415
100070,993
100050,38
100070,28
100001,671
100000,497
100073,120
100038,30
100097,504
100073,926
100008,961
100045,363
100012,959
100091,934
100063,617
100017,351
100078,59
100043,422
100016,959
100039,453
100002,826
100058,255
100040,539
100046,365
100043,329
100070,175
100052,562
100022,359
100006,666
100006,716
100003,675
100086,271
100075,429
100009,24
100032,474
100028,181
100050,567
100017,686
100071,497
100041,259
100065,204
100009,891
100035,503
100087,578
100017,26
100002,235
100059,791
100065,711
100025,302
100071,212
100014,993
100064,289
100020,932
100063,72
100087,277
100003,406
100071,544
100040,19
100075,706
100011,881
100026,803
100073,285
100036,106
100034,808
100049,318
100004,458
100083,347
100096,226
100073,700
100001,330
100081,62
100016,764
100081,881
100087,609
100000,116
100039,362
100050,420
100058,700
100044,706
100071,470
100026,744
100005,411
100071,474
100012,131
100096,199
100069,495
100025,175
100060,763
100028,69
100011,993
100062,522
100002,441
100084,922
100014,452
100061,91
100042,225
100064,170
100079,566
100018,622
100069,310
100067,70
100016,823
100041,398
100098,645
100092,332
100035,882
100075,998
100095,576
100058,560
100047,912
100079,749
100020,551
100037,54
100043,539
100054,232
100078,947
100005,674
100090,745
100050,229
100041,695
100042,208
100070,409
100040,679
100096,131
100077,626
100060,362
100072,666
100026,929
100023,931
100062,274
100036,965
100024,157
100077,529
100058,191
100050,352
100039,306
100026,825
100002,850
100097,235
100038,572
100083,915
100044,452
100053,346
100067,750
100033,439
100083,578
100024,125
100065,755
100013,142
100046,248
100062,431
100014,9
100081,393
100037,904
100019,928
100074,651
100000,564
100037,425
100095,415
100099,300
100055,204
100010,698
100038,950
100016,158
100066,36
100005,808
100066,533
100078,938
100046,438
100030,305
100039,885
100096,199
100001,802
100026,311
100009,512
100026,417
100018,597
100077,642
100038,767
100003,625
100065,387
100009,981
100061,597
100009,724
100040,294
100070,560
100046,321
100055,426
100056,814
100087,96
100066,828
100003,227
100079,938
100041,412
100054,514
100035,465
100079,788
100017,253
100087,1
100052,656
100075,882
100012,492
100013,999
100037,98
100007,966
100069,601
100033,325
100032,477
100042,546
100002,182
100049,928
100078,705
100049,662
100040,704
100094,524
100069,678
100055,547
100052,882
100095,196
100065,720
100089,415
100062,594
100011,641
100044,355
100097,671
100085,943
100076,539
100097,235
100089,77
100041,820
100034,171
100086,664
100018,462
100028,481
100088,960
100010,205
100044,10
100038,196
100058,53
100059,405
100000,488
100010,921
100071,255
100005,472
100043,604
100035,660
100073,21
100037,452
100096,810
100022,974
100025,969
100062,856
100035,844
100069,881
100004,781
100088,820
100012,716
100061,640
100078,762
100091,129
100005,980
100003,405
100027,669
100063,664
100033,516
100086,523
100089,218
100007,778
100086,303
100087,772
100078,54
100005,370
100066,532
100081,615
100000,408
100099,107
100014,850
100083,370
100067,193
100069,163
100001,554
100012,755
100037,887
100083,582
100078,998
100063,402
100097,144
100037,767
100064,38
100067,956
100010,202
100042,110
100059,872
100088,172
100087,955
100043,291
100010,291
100074,455
100044,711
100028,818
100069,767
100085,963
100052,958
100001,708
100024,255
100096,174
100073,402
100045,954
100083,172
100007,199
100080,877
100022,520
100065,105
100014,308
100081,612
100027,107
100031,599
100074,209
100029,844
100093,84
100058,329
100066,491
100084,510
100094,732
100093,840
100028,326
100099,484
100002,244
100070,753
100097,729
100058,858
100090,915
100086,377
100041,576
100052,94
100061,108
100026,168
100083,944
100085,622
100009,400
100024,566
100017,348
100059,726
100069,110
100024,880
100044,91
100096,659
100000,963
100098,647
100017,605
100058,484
100036,261
100091,744
100024,374
100081,828
100021,761
100045,174
100014,410
100051,52
100093,45
100052,566
100096,879
100078,468
100006,367
100028,932
100018,925
100085,516
100014,885
100025,338
100029,682
100027,974
100069,728
100093,12
100053,428
100067,757
100037,602
100052,485
100020,703
100059,843
100019,723
100081,694
100020,921
100058,858
100041,673
100004,487
100077,887
100003,319
100030,231
100093,121
100062,494
100092,350
100038,506
100031,856
100033,458
100047,57
100036,621
100034,771
100027,226
100069,344
100000,790
100017,733
100034,130
100053,327
100096,265
100043,552
100000,631
100012,819
100096,613
100014,382
100066,353
100037,326
100064,761
100092,801
100053,353
100048,357
100030,261
100064,438
100035,297
100096,518
100082,909
100063,414
100095,418
100032,733
100095,799
100009,660
100030,413
100003,344
100029,136
100025,162
100088,986
100032,32
100035,238
100071,938
100030,793
100036,314
100077,779
100051,293
100061,84
100078,943
100057,24
100098,3
100006,132
100012,387
100097,893
100064,530
100068,79
100063,500
100025,457
100080,994
100040,500
100033,785
100041,363
100069,505
100037,258
100028,695
100052,29
100003,11
100028,219
100008,904
100040,447
100000,43
100030,870
100070,589
100045,195
100083,967
100033,837
100077,697
100059,408
100052,218
100060,718
100046,735
100025,316
100093,235
100066,422
100049,315
100036,148
100045,204
100052,605
100010,187
100057,211
100091,272
100040,193
100032,715
100006,891
100023,978
100089,849
100003,256
100030,514
100068,565
100050,173
100012,999
100031,314
100025,690
100011,276
100048,756
100003,743
100055,249
100069,60
100059,283
100022,309
100095,138
100052,912
100060,299
100073,751
100090,699
100047,935
100082,198
100063,844
100081,631
100019,548
100092,788
100025,726
100059,3
100051,331
100074,115
100046,558
100029,838
100004,754
100007,871
100005,49
100089,420
100077,97
100025,503
100007,534
100015,20
100020,587
100025,918
100059,180
100048,172
100082,105
100072,169
100078,846
100071,43
100091,40
100012,532
100046,45
100041,916
100057,247
100089,62
100031,351
100016,195
100034,378
100016,421
100000,973
100094,159
100073,752
100050,498
100054,485
100028,851
100086,330
100092,304
100002,97
100035,834
100037,725
100022,930
100057,389
100061,180
100057,330
100019,910
100000,594
100008,453
100075,543
100050,989
100093,189
100046,765
100001,120
100072,374
100033,814
100057,588
100093,779
100061,908
100073,770
100034,358
100013,699
100047,248
100053,901
100080,230
100072,138
100052,250
100077,34
100050,384
100023,897
100047,398
100026,349
100077,869
100097,303
100012,769
100076,577
100039,872
100085,667
100047,136
100076,213
100088,952
100003,620
100058,176
100026,226
100029,351
100031,953
100081,998
100053,254
100022,634
100058,575
100036,809
100009,721
100059,989
100030,831
100099,193
100017,822
100028,695
100041,253
100036,899
100031,129
100066,222
100003,27
100079,120
100013,500
100084,948
100091,846
100071,426
100068,587
100074,110
100037,665
100062,586
100060,710
100061,988
100000,262
100008,625
100047,506
100097,82
100012,342
100098,869
100053,272
100027,535
100040,388
100079,423
100011,783
100076,97
100071,114
100082,633
100017,975
100027,111
100081,797
100090,298
100056,737
100002,67
100008,429
100066,337
100050,632
100083,24
100098,70
100010,856
100039,718
100024,1
100022,613
100027,119
100074,237
100027,416
100076,684
100036,5
100059,129
100024,851
100010,24
100092,901
100057,41
100026,587
100081,170
100050,855
100068,47
100092,60
100007,237
100034,812
100044,426
100045,891
100013,479
100060,714
100050,872
100039,333
100005,443
100038,220
100064,666
100037,917
100087,497
100004,224
100051,691
100010,109
100060,266
100071,582
100052,161
100031,11
100033,298
100001,85
100022,148
100026,813
100033,788
100068,183
100042,163
100083,664
100000,181
100041,816
100075,961
100059,986
100093,781
100041,987
100028,529
100086,554
100014,326
100030,258
100018,659
100019,646
100019,953
100021,273
100038,734
100029,407
100089,668
100006,960
100025,879
100078,944
100015,738
100076,734
100044,597
100076,543
100059,894
100046,940
100009,343
100094,262
100050,256
100077,678
100098,437
100055,231
100031,40
100046,189
100027,188
100023,273
100049,209
100035,430
100033,820
100080,769
100022,280
100051,853
100016,300
100060,851
100078,652
100057,941
100076,977
100081,395
100088,255
100003,515
100026,577
100099,381
100018,384
100036,111
100089,385
100071,436
100096,730
100073,608
100005,227
100019,494
100086,265
100066,266
100024,253
100088,514
100077,632
100097,282
100055,466
100009,138
100029,475
100062,544
100060,168
100006,385
100092,95
100002,651
100009,868
100053,308
100096,542
100039,474
100033,670
100009,547
100000,910
100067,816
100055,520
100091,7
100029,556
100016,136
100002,323
100007,849
100039,670
100000,992
100040,148
100010,272
100030,82
100083,883
100021,124
100010,816
100036,644
100000,179
100078,558
100090,696
100067,105
100078,637
100045,665
100005,161
100099,882
100031,224
100017,129
100056,964
100098,331
100066,446
100069,903
100008,931
100018,717
100001,13
100087,204
100039,412
100012,96
100054,806
100084,609
100012,561
100036,493
100075,583
100091,44
100058,296
100016,655
100024,445
100034,634
100015,672
100090,241
100062,520
100077,525
100010,942
100053,528
100038,103
100046,314
100004,688
100004,346
100019,327
100016,27
100056,989
100087,106
100030,907
100044,136
100049,480
100067,246
100065,75
100051,167
100002,507
100098,110
100049,180
100041,681
100044,25
100089,189
100004,263
100078,814
100097,734
100030,827
100008,220
100055,448
100030,917
100025,152
100058,631
100017,152
100077,724
100039,928
100095,674
100002,888
100009,891
100079,978
100055,156
100027,864
100032,673
100036,432
100063,399
100089,427
100033,92
100023,158
100039,700
100077,389
100050,798
100013,928
100096,807
100084,209
100047,162
100046,84
100016,852
100098,256
100096,996
100023,572
100004,908
100036,26
100087,683
100054,274
100045,717
100037,306
100074,999
100050,207
100031,542
100036,119
100034,125
100081,64
100016,617
100052,111
100036,919
100098,217
100049,528
100051,986
100047,100
100042,639
100028,319
100019,724
100007,619
100003,211
100066,12
100010,240
100004,58
100037,75
100029,818
100097,203
100007,779
100043,155
100003,324
100046,581
100099,920
100051,457
100047,762
100007,676
100064,322
100085,980
100026,644
100098,195
100034,14
100063,428
100000,852
100045,191
100090,272
100098,605
100062,499
100074,298
100069,985
100022,283
100094,89
100087,287
100052,335
100000,414
100041,661
100061,639
100013,487
100078,104
100040,712
100063,407
100034,919
100089,874
100064,566
100068,990
100031,481
100037,395
100088,409
100049,424
100080,690
100082,538
100012,707
100026,424
100008,92
100072,751
100058,783
100067,46
100072,34
100022,758
100029,107
100039,546
100040,823
100031,778
100003,604
100082,161
100040,410
100031,19
100084,168
100011,851
100044,763
100080,459
100014,614
100086,689
100060,197
100008,597
100040,117
100027,422
100099,474
100039,194
100062,824
100049,624
100002,221
100014,183
100045,455
100089,851
100097,589
100007,748
100092,986
100006,838
100098,914
100004,271
100080,21
100066,161
100001,239
100006,529
100020,358
100019,57
100048,662
100099,293
100047,466
100020,792
100035,563
100023,373
100045,82
100044,663
100090,84
100003,506
100070,198
100082,564
100009,227
100015,997
100062,234
100049,103
100033,415
100098,689
100095,159
100006,964
100031,141
100068,714
100008,179
100094,895
100084,110
100026,563
100028,54
100080,788
100084,290
100051,98
100027,555
100079,613
100005,873
100008,794
100031,865
100044,428
100039,948
100012,568
100042,211
100025,106
100043,368
100049,352
100055,668
100024,841
100050,629
100004,877
100074,603
100096,42
100008,42
100014,997
100065,970
100024,850
100063,439
100027,47
100027,322
100010,672
100030,344
100012,454
100012,720
100058,471
100076,755
100075,400
100097,342
100046,671
100008,748
100039,405
100062,475
100072,867
100038,291
100016,633
100070,855
100058,726
100084,759
100098,364
100088,352
100046,71
100095,266
100025,278
100087,898
100011,127
100048,661
100067,177
100054,417
100051,779
100096,848
100097,134
100017,535
100080,436
100082,331
100010,214
100054,125
100047,638
100091,795
100085,476
100046,2
100011,904
100040,939
100084,465
100047,512
100060,431
100067,983
100079,748
100084,520
100004,995
100004,495
100031,482
100083,639
100014,177
100036,291
100011,75
100002,956
100048,169
100054,538
100010,899
100051,712
100089,233
100067,4
100044,571
100098,631
100037,202
100008,504
100077,575
100083,759
100055,679
100048,284
100074,733
100088,294
100071,103
100043,84
100072,656
100035,910
100032,608
100002,478
100033,858
100095,895
100081,558
100089,314
100036,486
100070,170
100064,93
100071,218
100003,523
100069,742
100049,932
100055,778
100057,845
100057,165
100020,872
100068,213
100080,434
100066,209
100047,180
100098,912
100075,214
100081,573
100033,373
100079,274
100085,403
100056,262
100077,300
100086,159
100099,859
100010,595
100088,308
100074,280
100099,911
100018,349
100018,757
100053,494
100011,430
100056,891
100026,194
100057,24
100009,287
100074,835
100048,713
100009,563
100064,889
100074,433
100055,634
100098,887
100089,535
100020,858
100085,75
100023,19
100044,382
100094,880
100011,681
100043,911
100057,151
100080,969
100002,808
100083,333
100088,705
100046,162
100016,820
100031,841
100099,890
100088,655
100092,854
100047,138
100035,377
100080,103
100010,187
100049,642
100043,421
100089,744
100077,253
100029,890
100048,48
100048,903
100089,853
100022,424
100054,208
100098,583
100069,411
100001,885
100024,869
100088,85
100058,160
100026,535
100085,684
100058,967
100047,814
100058,788
100008,877
100061,454
100072,380
100003,474
100093,724
100071,53
100068,418
100065,217
100058,830
100036,24
100052,410
100043,255
100071,449
100056,727
100067,675
100019,640
100018,424
100034,325
100007,804
100014,949
100072,932
100092,658
100043,525
100027,661
100003,442
100072,560
100045,358
100007,333
100087,754
100032,517
100069,629
100092,267
100016,87
100090,464
100044,296
100000,317
100018,232
100043,636
100027,606
100042,466
100051,590
100091,235
100051,671
100009,425
100017,941
100066,667
100044,190
100040,991
100011,843
100057,971
100083,346
100085,389
100029,925
100057,114
100092,187
100012,838
100025,959
100070,249
100042,914
100009,549
100045,265
100076,651
100081,690
100056,274
100069,90
100019,8
100089,502
100051,533
100088,966
100059,844
100022,15
100038,850
100083,866
100063,511
100067,652
100051,907
100087,501
100089,526
100093,988
100042,740
100024,443
100066,840
100049,990
100077,655
100021,958
100014,346
100073,353
100098,375
100043,216
100085,138
100053,929
100013,552
100002,476
100066,180
100054,496
100060,491
100034,356
100019,848
100067,284
100062,829
100022,645
100078,542
100099,633
100014,365
100061,156
100026,695
100092,345
100010,478
100036,73
100088,821
100027,554
100072,438
100045,611
100076,1
100050,218
100046,346
100079,860
100091,726
100025,592
100004,336
100051,840
100063,802
100095,945
100048,158
100024,650
100062,929
100038,841
100049,508
100024,237
100015,926
100023,453
100099,70
100077,90
100049,605
100003,382
100047,63
100023,276
100091,192
100092,746
100093,735
100020,653
100094,84
100098,240
100074,80
100052,131
100074,350
100054,210
100044,934
100067,638
100029,512
100064,839
100061,644
100097,515
100000,913
100068,901
100045,780
100013,32
100099,175
100072,497
100099,283
100054,860
100094,73
100048,261
100044,302
100046,504
100014,536
100011,188
100028,101
100009,902
100027,551
100050,860
100011,944
100045,684
100024,576
100068,518
100088,991
100070,675
100033,691
100072,163
100064,574
100099,695
100061,631
100069,899
100060,427
100023,235
100079,443
100001,524
100071,54
100038,866
100023,392
100034,969
100035,140
100031,497
100075,126
100029,289
100012,750
100074,340
100096,125
100076,472
100021,714
100003,441
100004,914
100031,104
100075,230
100008,728
100052,619
100032,600
100032,94
100086,241
100010,651
100000,323
100000,287
100059,383
100056,655
100066,171
100007,625
100036,425
100004,496
100099,114
100016,5
100074,281
100004,336
100070,107
100080,427
100017,472
100002,404
100034,305
100063,712
100033,582
100044,255
100021,952
100086,171
100080,335
100042,584
100089,163
100057,551
100090,972
100096,98
100050,203
100014,674
100083,570
100051,140
100069,68
100067,535
100041,348
100034,584
100031,274
100045,470
100031,563
100040,253
100054,486
100016,678
100066,914
100010,949
100094,192
100081,636
100076,120
100096,30
100096,748
100041,913
100003,749
100054,107
100091,380
100064,503
100086,508
100096,275
100080,905
100091,748
100078,65
100082,790
100058,468
100059,428
100019,240
100022,874
100064,239
100058,955
100024,609
100094,955
100053,34
100087,848
100097,556
100090,486
100085,857
100023,68
100005,995
100035,320
100033,518
100042,841
100035,536
100009,804
100036,241
100038,130
100045,761
100000,89
100027,129
100040,439
100017,57
100063,576
100027,759
100094,668
100001,82
100033,220
100011,429
100024,989
100043,776
100076,250
100019,474
100094,34
100071,558
100060,863
100009,155
100008,809
100077,895
100071,348
100086,520
100061,360
100061,10
100074,987
100083,430
100006,312
100049,617
100044,479
100004,531
100087,749
100000,687
100050,684
100093,807
100046,855
100049,641
100050,810
100032,913
100018,753
100039,818
100095,670
100031,182
100033,674
100028,289
100015,750
100041,896
100063,259
100062,221
100035,37
100080,800
100036,96
100017,426
100098,235
100072,987
100008,104
100026,664
100013,172
100045,769
100007,635
100052,598
100028,354
100091,506
100077,604
100002,752
100098,568
100026,845
100048,224
100005,621
100089,687
100030,75
100082,986
100088,962
100038,236
100016,479
100017,223
100008,811
100043,510
100088,620
100037,18
100031,59
100094,725
100036,495
100029,659
100049,261
100001,225
100009,986
100052,152
100081,97
100097,546
100025,437
100039,554
100048,763
100030,624
100016,109
100093,75
100011,719
100024,632
100082,674
100047,942
100059,750
100087,988
100083,733
100058,436
100042,898
100019,624
100018,931
100035,4
100086,867
100072,679
100027,149
100031,709
100027,269
100084,643
100042,331
100048,329
100057,245
100049,108
100012,279
100011,683
100072,509
100028,15
100090,103
100005,747
100028,417
100010,200
100039,109
100018,498
100025,705
100028,671
100079,822
100024,970
100067,127
100070,164
100082,967
100021,626
100033,236
100010,676
100001,756
100042,984
100018,149
100011,597
100026,986
100081,815
100047,430
100078,550
100091,228
100045,219
100010,295
100042,999
100000,786
100086,647
100048,172
100036,180
100021,596
100090,357
100022,845
100019,27
100079,239
100027,461
100082,46
100023,877
100084,179
100059,700
100089,64
100043,392
100093,36
100006,856
100059,255
100086,746
100063,102
100008,906
100001,879
100080,117
100067,128
100093,807
100009,232
100073,528
100074,433
100024,658
100061,12
100036,726
100036,20
100018,650
100061,132
100011,623
100000,490
100005,997
100034,223
100034,860
100033,697
100050,921
100072,408
100052,150
100055,249
100083,636
100017,670
100070,263
100012,916
100085,684
100030,250
100091,114
100047,683
100057,121
100086,494
100052,921
100007,673
100050,692
100056,592
100076,524
100019,294
100067,514
100061,109
100078,468
100075,309
100019,400
100073,215
100033,200
100042,647
100003,995
100070,37
100046,637
100093,920
100010,740
100043,153
100006,675
100066,875
100005,678
100021,246
100080,55
100063,171
100017,757
100029,773
100098,975
100067,151
100000,507
100029,671
100019,268
100024,103
100055,723
100017,510
100036,8
100065,449
100040,14
100019,944
100012,15
100066,554
100044,405
100096,19
100065,168
100020,933
100091,496
100045,52
100064,94
100086,281
100088,542
100054,887
100071,729
100007,277
100063,60
100034,680
100081,907
100000,383
100088,274
100008,343
100092,599
100096,69
100010,517
100024,674
100069,212
100050,20
100028,528
100061,444
100056,413
100052,226
100023,963
100036,511
100064,30
100058,831
100088,768
100028,254
100055,818
100076,36
100099,976
100070,141
100094,137
100097,22
100010,991
100028,432
100057,299
100008,917
100096,409
100045,610
100042,219
100033,128
100018,809
100042,818
100097,442
100085,274
100008,204
100054,247
100093,734
100055,424
100006,736
100017,551
100071,167
100098,282
100068,680
100047,379
100000,383
100026,586
100063,638
100021,168
100019,425
100033,552
100002,979
100065,370
100008,209
100024,384
100062,229
100027,398
100080,227
100090,8
100019,332
100065,906
100040,937
100090,971
100078,303
100016,940
100021,40
100072,49
100035,765
100040,867
100023,7
100048,506
100063,983
100047,431
100045,61
100047,606
100057,723
100036,497
100053,949
100059,317
100000,765
100069,184
100055,560
100036,885
100080,712
100071,6
100061,374
100007,752
100008,748
100049,827
100016,60
100056,111
100056,273
100097,95
100074,954
100064,14
100079,937
100042,22
100044,34
100074,317
100003,250
100021,93
100097,259
100066,958
100031,480
100052,469
100016,15
100030,121
100072,925
100009,855
100059,191
100018,583
100060,860
100006,689
100068,253
100075,522
100014,81
100067,119
100017,974
100056,975
100081,656
100075,934
100048,196
100027,616
100056,982
100034,418
100032,894
100092,150
100039,570
100087,623
100090,385
100086,740
100062,205
100087,433
100011,912
100001,546
100094,142
100070,391
100022,676
100015,150
100037,748
100065,67
100066,835
100080,369
100020,426
100047,24
100001,382
100057,365
100016,275
100036,4
100082,420
100087,956
100035,846
100068,205
100063,362
100062,570
100075,956
100014,550
100004,826
100085,391
100006,207
100074,687
100068,636
100068,405
100041,621
100066,625
100053,754
100038,244
100010,954
100034,616
100031,996
100099,968
100024,421
100098,575
100056,773
100021,469
100096,101
100060,744
100051,709
100094,231
100021,934
100062,384
100056,921
100087,142
100032,990
100098,15
100084,54
100096,167
100098,844
100054,840
100059,694
100073,847
100098,458
100060,569
100084,816
100008,730
100021,677
100091,294
100087,129
100002,834
100027,774
100055,608
100038,939
100033,91
100018,107
100035,940
100074,966
100029,542
100004,883
100036,953
100056,832
100029,168
100046,691
100055,913
100040,96
100065,487
100042,123
100096,585
100064,276
100072,707
100048,981
100052,80
100046,190
100077,924
100000,229
100070,854
100017,243
100086,229
100036,233
100024,257
100044,824
100013,623
100062,262
100029,138
100092,115
100008,360
100008,537
100093,755
100031,913
100040,558
100010,400
100046,372
100014,318
100042,961
100095,814
100087,593
100042,771
100050,603
100016,135
100080,773
100075,610
100046,117
100060,772
100013,989
100089,787
100016,922
100048,754
100011,579
100021,788
100074,251
100021,212
100053,388
100002,542
100088,790
100003,405
100013,826
100020,588
100081,665
100073,247
100020,520
100047,478
100083,566
100065,532
100020,766
100080,432
100041,95
100065,145
100083,858
100085,392
100052,828
100057,910
100061,18
100078,646
100085,166
100004,287
100093,720
100022,751
100028,316
100015,941
100097,122
100051,180
100007,591
100012,702
100017,325
100043,142
100038,949
100012,454
100094,312
100069,735
100087,411
100055,694
100097,495
100076,215
100037,832
100040,39
822281
1007705
819859
975368
1063039
1199171
853522
889449
1089079
1195177
1110414
818325
1046919
1150972
1056719
1194557
1153631
814636
871101
807609
1000758
920611
1126057
1001552
990482
1181487
1088203
1114203
1172776
1052548
1030373
1156987
1186977
1070482
886841
846180
1080046
935450
986652
857955
1161367
869115
1056960
1151287
1168056
859432
1016802
1039930
1064340
1007757
968865
950260
1005246
1025787
1168750
1145972
1054534
1180729
1039228
933760
949092
867975
1081629
1158219
820360
999362
1181554
988030
901218
1115104
994205
857995
1160455
935483
1050298
1039575
973871
1182157
1024086
1135949
893224
938398
1142490
901931
1096087
1163323
1010638
1011376
834675
1069693
883798
837369
850264
1017543
1072268
1124843
935751
1027676
1085535
1007940
1193509
1013109
1183432
1110079
1101321
1063810
1071479
822106
1165331
931408
972854
869991
1140233
1030627
1013461
830394
803527
823923
889024
1020881
843131
814206
1111183
976668
1045363
1087185
1193563
1177540
838033
1185586
1067028
1101174
932922
1046012
1149305
1195048
888262
861765
971303
1073885
874144
1052969
938291
1170389
1081967
1143877
988509
1142768
953027
1161816
927591
988729
1199799
1066932
843718
819206
1027338
923667
912641
1092915
808668
897991
1072985
987797
925262
928653
993476
966244
1080503
845344
1151230
912391
1197410
1068200
1085345
1147882
1170179
884469
941180
1109840
893767
1052983
1070242
1118925
952825
1158377
1185566
1132241
811616
1139273
902772
1100756
838005
1148849
1141801
964956
811521
986392
993200
993139
1106282
1012153
858418
911634
1082292
1061715
829161
843955
1034007
941656
1050456
1050639
891671
935854
966565
912502
1198093
816860
1159095
1181685
1050667
901986
1094466
1112498
988651
1101838
837828
1003922
1197644
1125101
975413
1146588
1016153
915160
1186930
898905
829126
971442
1010982
931751
994745
1097616
1009561
813835
813022
902533
1176800
906237
828182
1072064
894838
1060577
869381
968354
1086020
1076048
944022
1112342
1030989
1001691
825544
873573
951589
1198672
878473
1160999
909106
1066299
1078820
988888
854730
812089
1060650
998351
1106667
1125416
1026455
955264
1012568
847380
1199604
993621
957158
1147032
852912
1031828
844150
994771
916491
989624
1197550
831391
989507
911238
1176095
988135
895872
1175530
1130280
1109067
1189661
831815
937723
806385
1089503
1099375
981744
1154739
1006386
840094
1131271
986662
1097439
863677
956998
937853
871784
837188
1155303
1170277
826184
1096751
917962
825317
1033349
1036802
1008903
841860
932181
1189867
1021000
806252
1071281
926039
890873
1005653
1031599
951836
826316
906079
1091482
832110
1040633
1174557
1038648
1180758
1154170
835591
1113256
1060686
955226
972717
864332
1118796
954791
921050
1101305
1106042
1082000
1041176
831902
988377
1156795
902159
1150315
879568
1052106
1087564
884072
1114101
1176717
1070855
929219
800480
897069
841657
895351
1095972
846681
1093027
1195017
860197
851684
1165596
924139
1154571
999619
1143046
876665
1091049
1048979
1067175
891653
1066255
1173937
1065688
1106295
1015331
1088184
834425
