100014,444
100042,615
100079,500
100046,392
100003,930
100023,418
100003,874
100031,311
100038,412
100097,327
100035,257
100049,652
100094,919
100026,752
100059,283
100073,261
100083,874
100074,166
100092,471
100053,37
100078,63
100045,226
100087,686
100023,565
100061,953
100056,446
100010,84
100065,94
100020,913
100049,546
100078,222
100027,742
100052,59
100072,811
100026,168
100008,392
100055,201
100067,147
100090,103
100069,766
100050,271
100046,617
100067,46
100046,572
100065,151
100026,992
100017,977
100030,649
100049,529
100092,932
100025,581
100006,176
100070,312
100021,649
100027,12
100056,637
100027,626
100027,218
100012,90
100060,719
100072,611
100052,767
100071,204
100016,299
100028,826
100032,44
100085,646
100011,324
100060,79
100053,60
100016,886
100089,443
100013,702
100020,310
100057,53
100085,332
100045,67
100061,879
100023,445
100050,663
100083,683
100062,345
100079,591
100056,201
100034,454
100066,707
100058,519
100056,574
100029,214
100005,30
100074,265
100011,726
100097,86
100042,865
100024,763
100069,690
100087,851
100038,397
100098,204
100053,248
100071,143
100072,761
100004,417
100047,11
100009,53
100080,532
100063,670
100097,20
100010,97
100066,23
100078,425
100069,232
100020,248
100068,585
100082,205
100038,359
100094,129
100022,30
100053,916
100097,173
100039,579
100030,10
100040,470
100034,253
100068,122
100072,249
100084,935
100032,238
100028,486
100063,313
100023,903
100098,333
100045,880
100043,850
100085,83
100070,865
100057,740
100013,827
100083,500
100070,862
100018,319
100030,492
100083,589
100029,224
100072,68
100094,80
100038,665
100067,334
100019,241
100076,975
100003,881
100050,827
100078,719
100093,204
100027,148
100050,35
100033,146
100016,617
100004,209
100092,378
100057,282
100051,284
100012,366
100093,27
100006,395
100031,542
100023,133
100091,917
100017,790
100097,525
100074,304
100025,150
100058,587
100007,819
100017,395
100089,865
100082,989
100021,620
100030,370
100015,123
100023,379
100059,637
100029,88
100090,350
100024,334
100058,602
100090,263
100047,70
100036,166
100007,8
100027,483
100089,289
100079,907
100080,132
100057,865
100091,888
100058,326
100009,823
100046,488
100048,578
100056,530
100073,950
100061,484
100073,662
100041,778
100058,846
100081,205
100013,757
100046,522
100071,372
100003,679
100080,431
100096,218
100038,825
100058,85
100087,888
100070,821
100076,765
100093,377
100011,597
100005,600
100040,739
100099,217
100003,702
100012,823
100006,494
100045,698
100017,529
100000,459
100063,483
100097,635
100021,463
100012,604
100077,149
100083,666
100000,564
100092,190
100037,727
100043,460
100088,828
100014,858
100021,723
100002,701
100079,24
100073,399
100000,939
100043,801
100017,250
100076,873
100007,802
100033,376
100048,214
100083,786
100007,832
100084,600
100060,698
100091,977
100004,273
100048,937
100001,901
100099,592
100016,897
100093,729
100051,472
100009,398
100082,138
100061,796
100018,76
100051,878
100058,878
100047,90
100030,360
100010,859
100048,87
100043,57
100010,804
100067,647
100021,641
100071,50
100023,945
100077,624
100064,242
100098,791
100040,915
100065,28
100055,534
100088,504
100069,717
100021,655
100036,220
100012,479
100072,790
100003,448
100091,413
100096,342
100009,497
100046,28
100084,220
100036,963
100095,300
100087,131
100079,244
100045,230
100028,801
100085,361
100067,310
100059,469
100060,237
100095,75
100042,882
100004,220
100092,163
100041,500
100024,674
100021,716
100076,603
100089,695
100067,254
100058,958
100006,849
100014,343
100026,707
100093,22
100083,956
100046,106
100041,631
100092,679
100080,210
100052,434
100032,1
100081,550
100075,868
100018,938
100067,723
100012,10
100025,976
100097,579
100065,85
100086,193
100092,50
100022,34
100031,454
100016,728
100005,87
100035,205
100059,689
100010,961
100085,187
100096,92
100052,184
100043,132
100038,481
100004,122
100040,784
100008,343
100009,871
100058,714
100026,448
100092,19
100094,360
100057,33
100035,763
100098,606
100006,484
100095,798
100031,588
100093,72
100048,77
100037,734
100015,224
100026,436
100013,164
100012,377
100084,633
100081,850
100079,319
100004,64
100097,925
100049,97
100047,295
100051,575
100007,491
100090,903
100054,917
100051,510
100021,314
100082,425
100071,125
100035,671
100089,758
100022,236
100001,522
100076,712
100076,90
100009,684
100051,164
100095,409
100087,128
100092,434
100056,317
100038,188
100065,332
100067,556
100018,707
100041,68
100002,245
100077,714
100087,942
100079,147
100039,338
100025,200
100078,61
100079,699
100061,335
100074,653
100040,121
100038,237
100008,420
100024,269
100091,518
100061,489
100005,3
100068,128
100021,530
100069,62
100046,49
100032,491
100013,431
100082,364
100028,65
100090,958
100032,414
100042,226
100032,312
100005,924
100087,815
100028,316
100007,795
100060,870
100031,381
100037,359
100001,442
100069,364
100025,92
100002,787
100017,50
100058,800
100075,884
100060,623
100082,152
100077,709
100032,778
100081,206
100019,244
100062,591
100095,942
100093,446
100098,575
100088,813
100059,855
100041,563
100087,313
100085,452
100009,791
100061,629
100052,224
100051,116
100007,265
100031,348
100002,393
100084,543
100029,78
100026,991
100004,976
100004,127
100093,632
100044,242
100007,853
100078,229
100048,883
100017,338
100079,930
100026,712
100072,480
100098,268
100032,367
100045,211
100042,118
100011,345
100072,235
100039,938
100089,115
100070,576
100011,327
100036,355
100063,892
100020,79
100059,31
100072,16
100073,399
100024,712
100098,195
100098,992
100079,502
100052,493
100039,323
100013,526
100034,466
100023,833
100092,651
100039,545
100042,503
100089,682
100041,800
100065,456
100053,62
100066,823
100075,229
100041,199
100042,767
100096,940
100099,138
100098,989
100084,743
100024,903
100076,627
100065,846
100065,586
100087,820
100052,133
100097,387
100080,885
100028,462
100034,351
100067,835
100040,54
100021,896
100053,524
100058,963
100081,301
100071,62
100096,978
100012,721
100069,94
100073,849
100035,508
100060,530
100077,250
100057,277
100089,286
100092,543
100093,379
100025,190
100082,523
100063,383
100091,497
100048,446
100041,182
100038,554
100089,136
100038,40
100006,625
100026,715
100060,701
100024,414
100044,662
100060,55
100058,960
100003,644
100046,23
100094,560
100023,477
100099,299
100064,609
100000,77
100065,240
100047,685
100056,804
100083,695
100030,61
100018,350
100044,159
100028,982
100010,851
100087,746
100024,622
100056,792
100032,765
100064,626
100091,456
100082,398
100083,710
100082,819
100004,344
100021,761
100031,21
100015,142
100012,75
100009,804
100091,665
100055,576
100029,810
100028,405
100056,420
100040,110
100060,676
100025,170
100014,726
100002,328
100075,567
100064,803
100093,141
100085,79
100045,984
100053,273
100085,590
100018,830
100017,701
100074,81
100035,283
100063,853
100027,86
100090,58
100059,144
100065,34
100065,234
100080,784
100033,263
100031,428
100012,134
100057,416
100037,269
100061,340
100033,98
100068,306
100005,734
100077,401
100044,103
100055,25
100047,4
100086,385
100016,521
100047,740
100033,399
100015,587
100022,891
100020,965
100011,74
100071,417
100018,291
100054,855
100029,547
100067,722
100045,922
100053,746
100068,927
100091,929
100081,60
100067,681
100079,368
100008,411
100047,599
100099,547
100060,984
100010,104
100006,227
100080,362
100021,72
100005,567
100046,579
100003,415
100015,623
100013,287
100082,288
100094,988
100082,201
100009,863
100037,128
100031,44
100020,73
100040,969
100083,83
100033,790
100034,749
100091,175
100008,743
100049,320
100045,554
100008,931
100037,433
100032,372
100060,587
100029,236
100090,392
100084,495
100071,456
100013,671
100056,311
100058,368
100086,98
100054,918
100092,358
100089,650
100034,191
100042,326
100009,423
100060,870
100013,656
100015,771
100054,209
100053,422
100083,81
100037,68
100001,640
100037,732
100054,507
100031,127
100075,933
100082,99
100029,658
100099,154
100076,312
100021,531
100003,388
100037,581
100048,348
100050,581
100045,324
100020,981
100010,792
100010,224
100001,953
100094,719
100009,480
100016,672
100085,88
100018,877
100006,690
100074,922
100040,32
100078,95
100079,917
100016,437
100050,604
100013,345
100050,829
100049,215
100048,638
100020,991
100018,33
100049,954
100092,341
100029,400
100004,788
100043,133
100050,878
100033,284
100040,375
100052,112
100040,629
100017,444
100048,625
100062,749
100092,436
100055,661
100063,766
100093,781
100054,494
100023,763
100000,881
100020,875
100082,585
100093,537
100086,728
100019,851
100018,172
100022,341
100061,685
100090,576
100008,929
100038,790
100008,854
100067,693
100035,427
100090,251
100091,150
100077,284
100013,927
100007,600
100005,997
100056,560
100046,932
100062,50
100073,927
100063,612
100005,897
100060,898
100057,1
100054,672
100085,474
100065,220
100068,213
100093,951
100072,119
100085,741
100042,564
100021,789
100025,237
100042,191
100066,547
100083,495
100078,70
100016,620
100025,969
100077,156
100069,318
100001,31
100023,99
100068,570
100005,337
100069,945
100031,62
100011,418
100075,917
100077,602
100014,912
100010,406
100016,951
100006,16
100031,617
100093,792
100057,858
100054,491
100088,75
100046,241
100082,221
100019,3
100049,23
100054,712
100085,729
100064,641
100068,973
100082,136
100075,882
100095,58
100099,684
100011,584
100093,820
100049,693
100031,780
100091,663
100018,653
100042,119
100036,260
100063,434
100038,817
100098,846
100037,961
100026,93
100079,52
100066,575
100065,949
100094,128
100020,873
100030,264
100074,572
100076,664
100047,934
100066,84
100070,718
100097,900
100087,467
100063,972
100034,714
100058,172
100007,352
100071,648
100054,508
100064,214
100003,228
100042,968
100052,707
100078,537
100035,352
100071,795
100043,946
100036,530
100082,103
100027,798
100033,363
100064,473
100003,102
100057,666
100095,283
100026,703
100054,317
100086,412
100079,100
100067,369
100006,942
100059,239
100059,834
100096,971
100075,745
100049,748
100005,189
100084,65
100023,123
100099,393
100031,136
100045,709
100052,260
100072,733
100010,245
100089,730
100034,798
100017,203
100087,951
100076,948
100062,669
100069,860
100057,430
100098,39
100092,666
100096,55
100095,133
100094,194
100004,44
100074,761
100082,140
100096,332
100097,735
100015,589
100081,898
100052,238
100082,485
100036,578
100015,152
100078,283
100097,98
100088,656
100066,686
100072,258
100011,154
100038,413
100084,842
100053,388
100089,111
100012,40
100063,895
100024,304
100007,691
100011,564
100085,250
100004,900
100036,724
100073,18
100090,482
100034,778
100091,695
100084,376
100015,269
100095,3
100063,11
100088,560
100025,227
100018,445
100025,856
100034,860
100021,261
100061,6
100018,373
100032,766
100068,129
100081,106
100060,210
100045,209
100079,528
100091,513
100088,286
100044,131
100094,18
100010,688
100048,392
100080,424
100011,618
100075,713
100047,526
100029,271
100053,40
100066,374
100026,803
100054,350
100050,343
100027,639
100044,633
100095,476
100047,618
100079,415
100010,284
100002,930
100047,353
100067,107
100030,37
100090,627
100028,197
100038,343
100024,938
100008,426
100079,915
100070,237
100062,380
100093,311
100089,184
100072,451
100031,500
100036,30
100055,871
100000,718
100089,472
100050,830
100036,681
100067,556
100012,612
100075,971
100007,913
100064,328
100021,870
100041,852
100089,41
100030,420
100092,751
100055,36
100064,61
100004,297
100013,593
100056,503
100023,206
100018,943
100024,774
100002,676
100040,745
100097,663
100012,749
100023,319
100079,477
100020,886
100090,101
100029,988
100095,277
100020,103
100031,364
100047,575
100038,278
100042,722
100055,216
100055,958
100054,800
100024,526
100034,773
100063,315
100081,81
100033,774
100020,451
100081,12
100086,48
100045,70
100024,138
100060,505
100025,56
100033,62
100095,558
100016,814
100035,249
100064,246
100087,487
100033,750
100062,928
100087,692
100046,225
100006,702
100083,79
100059,379
100094,972
100068,816
100092,786
100067,502
100069,79
100048,520
100065,44
100008,726
100028,651
100025,585
100057,720
100084,392
100015,55
100035,12
100085,378
100043,110
100092,874
100049,255
100042,288
100046,323
100086,277
100041,534
100091,397
100074,197
100017,534
100095,269
100015,591
100036,73
100090,171
100056,63
100095,742
100048,854
100022,89
100092,262
100014,857
100060,430
100045,848
100019,278
100086,34
100051,860
100032,422
100081,949
100057,960
100082,105
100056,920
100055,255
100023,421
100042,885
100075,170
100066,869
100015,923
100050,681
100077,578
100056,67
100044,709
100024,629
100034,40
100043,559
100023,635
100041,791
100091,897
100029,80
100093,500
100089,475
100012,265
100038,31
100044,786
100082,446
100056,661
100014,308
100010,497
100061,857
100097,547
100040,611
100019,642
100006,960
100021,754
100067,652
100096,242
100019,360
100073,851
100024,883
100097,635
100037,300
100059,110
100059,343
100086,712
100063,968
100099,409
100092,761
100090,971
100055,577
100074,791
100011,959
100013,127
100077,946
100068,145
100050,358
100063,741
100033,968
100094,320
100039,753
100008,525
100038,890
100008,513
100020,378
100083,687
100001,430
100047,813
100050,810
100090,385
100028,180
100067,141
100054,689
100011,921
100088,224
100061,709
100048,994
100045,772
100042,97
100002,64
100074,569
100056,82
100064,563
100021,520
100011,259
100070,185
100016,759
100088,282
100049,567
100038,721
100024,553
100064,649
100084,121
100029,587
100063,853
100058,46
100063,393
100086,458
100087,590
100014,426
100056,332
100073,382
100080,100
100046,46
100034,727
100026,788
100014,185
100097,113
100086,745
100062,16
100080,193
100042,663
100099,659
100064,414
100075,277
100006,170
100041,394
100043,748
100065,336
100036,362
100085,677
100076,639
100015,149
100071,682
100013,832
100029,481
100079,355
100014,958
100048,854
100068,36
100013,839
100024,460
100023,463
100033,912
100080,305
100053,266
100084,59
100097,578
100000,521
100061,857
100067,785
100003,295
100054,960
100021,389
100009,701
100009,975
100047,624
100009,954
100077,929
100063,441
100014,344
100041,552
100069,777
100094,806
100005,962
100026,807
100088,508
100096,800
100031,825
100083,584
100096,622
100028,160
100037,861
100051,779
100066,688
100033,818
100030,385
100033,355
100038,609
100077,107
100014,822
100004,558
100046,457
100039,422
100072,403
100004,105
100096,849
100008,402
100001,189
100089,556
100013,27
100015,266
100007,205
100058,521
100041,837
100089,745
100057,197
100092,641
100014,579
100083,412
100026,464
100030,577
100014,972
100090,757
100043,422
100016,128
100080,678
100076,572
100058,577
100074,653
100054,325
100021,5
100041,434
100063,800
100087,841
100095,372
100092,291
100073,749
100001,454
100057,899
100084,811
100019,109
100055,785
100049,154
100027,457
100005,111
100005,96
100000,564
100008,87
100007,148
100005,182
100001,831
100097,410
100094,304
100021,628
100017,178
100004,387
100058,275
100094,957
100028,844
100014,614
100049,404
100048,848
100048,392
100036,461
100026,958
100017,743
100058,950
100064,718
100078,343
100062,573
100073,401
100090,175
100015,922
100065,920
100014,478
100076,196
100098,677
100091,255
100057,551
100006,695
100087,494
100065,753
100096,432
100034,267
100019,87
100084,14
100051,929
100083,998
100033,439
100032,682
100020,761
100065,449
100065,584
100060,178
100090,464
100051,49
100017,781
100016,564
100023,779
100008,199
100036,626
100036,173
100022,194
100077,886
100032,980
100001,601
100005,840
100072,42
100081,523
100013,727
100076,152
100042,724
100018,613
100018,668
100045,695
100093,839
100098,117
100093,855
100005,325
100063,520
100057,839
100052,300
100071,68
100058,35
100039,386
100079,496
100057,658
100038,200
100034,980
100093,44
100056,114
100017,698
100077,573
100039,305
100015,107
100080,27
100092,607
100097,804
100030,181
100020,190
100018,80
100047,857
100066,350
100019,43
100064,796
100056,46
100001,727
100007,583
100097,481
100030,685
100056,584
100055,107
100020,813
100064,337
100057,364
100081,920
100003,763
100059,169
100093,28
100002,183
100050,381
100000,598
100047,596
100080,770
100015,391
100050,151
100062,893
100060,335
100023,938
100092,155
100091,448
100050,249
100040,932
100016,513
100079,335
100044,72
100007,427
100047,71
100057,498
100005,737
100039,804
100037,942
100023,880
100085,155
100030,520
100013,24
100054,920
100076,582
100017,343
100045,146
100024,173
100085,721
100099,724
100080,53
100053,649
100009,582
100003,96
100002,861
100078,915
100010,723
100078,538
100062,143
100087,562
100077,973
100009,33
100021,677
100024,592
100053,654
100044,935
100039,673
100031,928
100011,535
100092,707
100027,943
100051,460
100063,1
100068,579
100045,706
100049,393
100000,82
100095,141
100087,717
100056,960
100005,720
100033,51
100098,770
100021,437
100082,474
100086,941
100094,979
100061,813
100070,427
100026,14
100032,368
100056,27
100094,751
100034,99
100003,8
100049,411
100024,404
100058,110
100066,457
100087,312
100040,685
100059,16
100006,235
100099,951
100036,543
100010,195
100060,175
100042,444
100066,90
100089,226
100049,214
100077,936
100081,824
100076,154
100027,494
100088,101
100082,57
100042,478
100083,440
100001,796
100009,430
100043,560
100079,22
100043,93
100025,981
100020,684
100042,456
100091,745
100037,448
100063,758
100034,55
100041,738
100040,921
100064,739
100014,227
100098,579
100087,340
100042,362
100076,669
100017,451
100035,896
100009,488
100017,767
100021,370
100085,974
100089,920
100082,484
100049,811
100054,85
100047,125
100054,93
100017,390
100008,760
100041,604
100055,81
100080,823
100045,532
100086,378
100064,913
100012,421
100015,168
100043,11
100052,602
100012,682
100082,443
100038,188
100023,853
100081,577
100095,222
100010,399
100085,866
100000,754
100060,564
100017,620
100071,268
100028,101
100088,94
100017,814
100062,420
100002,111
100072,104
100080,728
100036,640
100022,281
100020,52
100083,495
100045,90
100064,163
100099,816
100085,907
100083,279
100086,498
100062,301
100064,776
100086,212
100067,279
100040,617
100094,851
100029,199
100014,272
100093,38
100068,783
100081,691
100011,199
100069,421
100089,980
100023,22
100075,81
100064,888
100005,849
100003,476
100007,223
100046,418
100038,586
100001,417
100085,61
100090,855
100047,5
100048,396
100015,115
100031,551
100083,833
100083,803
100080,534
100025,297
100040,577
100041,683
100086,572
100022,472
100069,323
100087,163
100076,961
100027,171
100005,561
100096,238
100024,857
100046,364
100069,29
100009,334
100079,54
100075,701
100024,316
100037,805
100021,412
100066,292
100004,34
100084,399
100086,264
100035,847
100068,25
100020,581
100022,78
100077,469
100013,923
100032,38
100036,505
100057,853
100041,79
100050,388
100072,315
100098,811
100054,534
100059,129
100024,571
100084,921
100091,471
100064,276
100099,222
100084,693
100069,380
100032,769
100015,568
100001,313
100085,205
100014,489
100011,563
100099,387
100037,675
100007,65
100059,90
100008,835
100016,502
100049,291
100057,229
100095,540
100094,508
100061,301
100081,918
100017,318
100028,456
100021,228
100071,95
100039,226
100031,150
100053,725
100039,905
100099,895
100077,706
100043,711
100066,602
100017,143
100024,765
100052,992
100083,717
100011,446
100032,251
100031,191
100055,948
100007,104
100018,57
100049,270
100010,943
100082,610
100052,672
100056,896
100069,42
100072,832
100027,204
100043,232
100013,825
100024,395
100083,4
100023,733
100046,772
100072,786
100002,499
100083,824
100055,550
100087,256
100056,132
100054,181
100028,963
100097,713
100001,75
100062,14
100025,214
100056,762
100052,933
100094,938
100006,386
100087,689
100067,955
100049,307
100036,804
100093,144
100041,693
100092,508
100031,35
100016,794
100039,485
100054,856
100060,478
100012,774
100065,741
100035,927
100098,349
100062,616
100058,816
100071,44
100045,629
100039,267
100078,873
100055,323
100030,167
100058,604
100011,563
100021,165
100038,471
100043,906
100009,682
100085,441
100041,946
100093,922
100064,609
100051,326
100090,338
100087,580
100075,227
100063,604
100074,797
100004,696
100006,548
100001,691
100076,344
100014,19
100084,262
100022,541
100083,589
100030,761
100080,773
100053,10
100057,114
100071,320
100004,762
100049,788
100011,680
100063,253
100033,681
100024,256
100006,186
100047,69
100093,592
100081,132
100030,647
100079,640
100006,64
100059,45
100095,526
100042,354
100065,117
100074,447
100084,115
100045,211
100070,525
100024,557
100096,285
100074,530
100017,205
100075,439
100057,692
100086,994
100082,149
100078,588
100034,966
100023,688
100004,902
100066,43
100002,50
100021,205
100088,174
100068,285
100048,86
100035,769
100019,886
100093,633
100018,361
100079,889
100082,22
100046,598
100003,615
100034,55
100005,181
100087,369
100054,102
100008,191
100027,741
100077,236
100093,555
100018,839
100074,665
100047,444
100061,692
100002,974
100026,688
100031,225
100064,275
100082,862
100039,938
100022,509
100021,104
100009,777
100020,645
100015,753
100073,606
100064,725
100059,354
100092,226
100047,231
100024,601
100022,768
100087,435
100093,214
100097,971
100073,918
100082,627
100056,49
100082,913
100093,303
100006,50
100028,136
100042,468
100090,945
100015,29
100039,219
100042,402
100096,514
100024,355
100098,901
100075,350
100022,418
100036,119
100019,988
100060,651
100044,223
100013,279
100085,787
100068,937
100074,932
100064,952
100008,815
100015,987
100095,710
100022,295
100024,595
100054,99
100023,827
100090,498
100040,989
100006,756
100040,310
100076,917
100023,341
100065,640
100016,760
100021,996
100086,720
100069,598
100082,919
100002,365
100005,426
100059,979
100000,343
100046,128
100033,508
100040,867
100054,918
100055,992
100096,844
100007,755
100030,342
100016,482
100032,160
100044,597
100081,581
100087,670
100000,563
100093,739
100018,778
100090,301
100020,532
100031,707
100099,417
100091,119
100090,85
100080,586
100039,455
100007,704
100086,363
100016,547
100014,570
100039,469
100049,372
100008,615
100045,542
100096,971
100043,658
100091,364
100044,112
100008,9
100067,661
100020,996
100073,721
100016,996
100021,330
100011,402
100073,485
100044,693
100018,539
100099,501
100079,451
100056,94
100049,385
100080,686
100064,785
100034,90
100096,312
100028,449
100018,837
100031,4
100064,370
100076,296
100023,653
100011,355
100059,248
100041,170
100018,906
100041,707
100066,991
100071,316
100051,296
100045,765
100070,930
100069,327
100053,86
100056,996
100054,796
100019,128
100089,566
100051,589
100040,131
100030,929
100022,799
100042,236
100003,174
100064,648
100073,946
100066,850
100048,648
100084,889
100034,325
100076,830
100006,747
100028,433
100057,335
100022,513
100066,332
100090,242
100097,265
100027,616
100031,368
100082,442
100088,420
100010,792
100053,319
100003,118
100031,799
100055,672
100044,742
100016,93
100089,301
100039,268
100009,374
100098,889
100063,693
100047,183
100044,848
100055,770
100067,974
100005,453
100099,499
100085,972
100083,263
100082,999
100015,14
100071,311
100061,264
100035,688
100090,360
100048,74
100010,22
100036,818
100007,351
100036,693
100078,453
100039,991
100060,252
100061,216
100041,798
100087,857
100015,791
100001,944
100050,8
100081,296
100029,957
100091,245
100014,335
100027,408
100052,626
100018,95
100076,294
100084,316
100034,553
100056,182
100050,300
100070,434
100095,100
100068,519
100049,360
100080,193
100085,589
100066,508
100041,130
100042,839
100069,789
100016,557
100095,713
100098,2
100055,523
100056,466
100062,68
100035,243
100055,506
100054,291
100058,821
100061,755
100025,464
100026,404
100089,931
100018,705
100058,859
100085,489
100037,718
100008,280
100098,268
100080,474
100035,606
100040,187
100084,199
100002,201
100077,602
100098,230
100018,996
100020,435
100018,639
100029,603
100029,22
100094,539
100084,193
100071,525
100078,676
100091,98
100082,57
100064,66
100049,395
100098,969
100030,867
100002,524
100055,928
100096,189
100071,232
100078,487
100095,116
100025,956
100020,252
100071,559
100036,731
100087,593
100057,629
100091,670
100069,70
100099,412
100044,796
100029,770
100046,647
100010,468
100091,861
100010,188
100081,577
100084,461
100088,513
100066,931
100016,348
100086,432
100082,295
100057,270
100013,915
100083,8
100004,340
100053,367
100012,485
100042,453
100003,874
100054,427
100080,913
100053,658
100034,719
100027,730
100091,983
100055,28
100085,522
100050,695
100055,42
100094,429
100093,991
100005,752
100072,381
100048,237
100044,269
100067,895
100068,553
100037,706
100067,92
100072,742
100094,338
100032,879
100015,446
100008,605
100007,606
100051,756
100037,926
100066,631
100095,809
100066,906
100087,708
100088,80
100046,362
100049,86
100044,779
100088,222
100012,272
100043,872
100055,433
100013,983
100020,151
100047,375
100000,79
100095,620
100061,368
100012,597
100045,512
100001,17
100095,334
100000,357
100083,384
100032,868
100036,403
100069,813
100086,516
100027,324
100007,434
100085,779
100035,779
100006,731
100088,451
100077,851
100077,690
100063,178
100047,858
100039,452
100092,433
100036,102
100001,532
100050,596
100074,640
100011,308
100013,266
100070,596
100070,925
100002,678
100035,953
100020,673
100034,360
100019,290
100064,190
100082,132
100006,866
100066,365
100004,561
100010,55
100050,206
100092,580
100070,243
100012,262
100057,183
100012,468
100095,490
100081,51
100001,878
100095,299
100038,998
100003,623
100020,88
100097,415
100074,270
100009,823
100085,519
100059,204
100011,345
100055,458
100007,323
100006,863
100037,119
100005,858
100085,697
100060,6
100020,370
100085,768
100013,896
100034,429
100078,393
100002,962
100010,459
100024,64
100085,577
100012,961
100094,699
100072,613
100021,896
100071,232
100093,300
100001,99
100050,978
100034,980
100049,558
100085,943
100009,377
100099,936
100057,223
100099,348
100043,105
100000,446
100062,826
100064,714
100038,813
100020,967
100065,464
100018,465
100064,224
100074,253
100004,737
100031,281
100003,327
100079,692
100020,719
100057,902
100054,636
100054,896
100059,623
100036,24
100078,7
100081,967
100090,861
100014,120
100091,88
100073,515
100024,671
100094,425
100065,628
100099,392
100034,224
100065,526
100002,59
100043,31
100077,932
100084,552
100092,843
100075,681
100049,9
100070,921
100094,470
100088,395
100027,966
100051,535
100090,986
100048,839
100054,212
100090,401
100042,538
100078,7
100003,165
100044,717
100026,736
100062,281
100048,255
100014,594
100035,512
100099,908
100041,970
100060,639
100026,65
100039,661
100097,516
100057,391
100018,312
100051,494
100087,608
100066,154
100050,710
100072,567
100096,847
100004,781
100045,67
100011,54
100025,971
100054,248
100057,749
100046,147
100002,629
100058,873
100078,173
100011,940
100056,362
100050,896
100019,417
100005,396
100067,106
100012,563
100059,462
100021,383
100029,89
100093,913
100036,725
100031,324
100061,161
100010,745
100033,581
100017,614
100093,920
100057,997
100009,884
100005,121
100045,856
100067,623
100088,837
100056,600
100048,620
100066,262
100008,424
100080,762
100030,64
100000,902
100074,238
100039,225
100091,745
100061,656
100068,467
100022,380
100072,27
100089,702
100035,856
100008,133
100008,481
100010,226
100016,395
100021,611
100002,402
100076,838
100080,965
100090,133
100017,624
100033,555
100021,354
100012,759
100067,385
100070,74
100036,225
100011,63
100004,232
100091,701
100048,478
100071,448
100045,978
100045,355
100090,649
100019,795
100040,77
100034,26
100088,104
100099,60
100056,692
100004,469
100040,20
100008,879
100082,329
100057,111
100075,964
100002,923
100075,852
100036,809
100078,471
100052,336
100064,976
100027,504
100061,569
100094,702
100056,450
100024,156
100092,341
100098,910
100047,160
100001,358
100024,131
100073,559
100067,921
100002,747
100031,999
100006,178
100075,198
100057,916
100096,307
100062,950
100015,188
100018,715
100070,956
100035,695
100034,651
100086,334
100009,56
100029,214
100010,602
100003,90
100089,865
100028,773
100072,477
100016,383
100007,303
100085,738
100000,4
100076,113
100058,131
100099,687
100057,182
100094,249
100015,391
100062,391
100095,374
100090,709
100086,266
100049,883
100050,916
100068,589
100031,39
100077,862
100015,490
100020,654
100067,684
100093,257
100011,487
100095,311
100007,621
100058,494
100014,30
100026,323
100052,195
100090,432
100005,54
100064,50
100083,931
100061,920
100057,751
100058,309
100051,616
100053,936
100080,695
100097,162
100009,98
100062,139
100005,605
100006,527
100073,239
100067,341
100069,284
100029,882
100095,856
100069,283
100067,90
100038,322
100012,828
100029,189
100083,528
100054,877
100055,727
100063,874
100051,382
100009,465
100003,92
100093,944
100073,535
100090,840
100042,19
100005,352
100037,35
100065,527
100043,970
100096,467
100056,441
100023,985
100069,235
100028,912
100011,116
100091,683
100006,700
100020,940
100089,81
100027,203
100089,116
100047,170
100043,476
100001,346
100041,10
100031,550
100097,371
100012,589
100005,462
100041,537
100045,138
100056,183
100047,73
100099,650
100045,715
100055,172
100014,608
100026,777
100088,702
100024,829
100012,703
100014,835
100032,397
100006,773
100092,721
100055,338
100067,295
100049,592
100097,918
100051,378
100069,775
100077,242
100096,886
100078,136
100044,680
100055,290
100098,89
100060,432
100046,666
100090,120
100085,187
100073,221
100018,645
100096,469
100059,378
100026,4
100088,422
100066,701
100025,791
100041,760
100072,227
100048,270
100016,686
100030,882
100089,273
100080,990
100006,94
100047,114
100074,468
100071,417
100066,925
100061,502
100031,757
100074,862
100094,741
100005,586
100082,334
100020,101
100002,290
100065,230
100022,382
100068,148
100067,675
100071,644
100024,327
100076,675
100076,8
100093,586
100017,834
100064,177
100029,494
100073,782
100018,964
100085,821
100063,282
100012,192
100083,652
100054,522
100083,749
100031,945
100079,280
100055,27
100059,124
100014,928
100037,494
100000,238
100002,463
100078,568
100034,247
100023,816
100064,967
100009,761
100087,923
100045,967
100047,69
100055,508
100072,635
100068,181
100049,239
100041,580
100085,869
100063,502
100089,724
100030,425
100069,630
100078,414
100099,901
100056,812
100073,937
100041,378
100009,109
100095,2
100063,49
100053,226
100058,846
100050,750
100049,501
100042,918
100062,217
100082,368
100000,222
100096,89
100030,970
100036,297
100038,425
100014,944
100051,849
100095,238
100035,749
100055,907
100093,14
100041,507
100049,537
100031,651
100064,403
100016,105
100055,736
100037,278
100022,881
100055,853
100072,521
100062,670
100094,1
100004,203
100006,308
100079,445
100039,455
100082,299
100054,412
100042,512
100095,884
100084,113
100043,73
100055,700
100089,760
100017,922
100050,841
100016,757
100021,297
100023,850
100098,313
100078,640
100034,43
100024,19
100049,141
100036,844
100074,475
100098,272
100065,15
100062,290
100063,168
100018,420
100024,311
100027,485
100086,497
100006,723
100020,925
100052,194
100022,709
100045,672
100036,920
100076,812
100041,529
100066,399
100061,331
100064,407
100087,606
100085,628
100034,2
100069,988
100086,401
100007,994
100013,539
100096,977
100076,516
100061,485
100062,569
100081,86
100001,236
100076,705
100005,901
100068,283
100042,156
100044,227
100024,330
100095,417
100032,382
100099,347
100015,46
100006,262
100001,822
100093,656
100091,443
100025,860
100036,523
100006,680
100045,751
100023,333
100099,455
100050,103
100016,94
100030,431
100046,892
100012,384
100073,254
100087,755
100001,473
100001,144
100013,622
100043,585
100061,416
100091,101
100079,557
100083,608
100048,461
100075,812
100078,218
100025,162
100014,244
100057,754
100080,408
100084,381
100016,886
100085,356
100058,292
100000,250
100040,861
100036,75
100043,570
100058,102
100023,577
100075,351
100024,847
100024,406
100045,70
100058,554
100082,652
100011,66
100095,392
100094,264
100076,579
100011,276
100069,161
100086,1
100032,742
100013,907
100036,671
100027,763
100034,843
100076,964
100011,296
100004,146
100031,889
100099,504
100092,313
100026,240
100033,518
100014,94
100022,449
100010,146
100080,599
100030,378
100040,101
100018,774
100099,218
100074,214
100011,741
100054,478
100001,468
100071,787
100081,937
100080,803
100065,143
100045,733
100080,494
100029,917
100034,816
100061,196
100077,76
100054,295
100079,733
100098,548
100022,9
100047,920
100013,107
100065,878
100094,905
100022,272
100068,994
100075,259
100040,299
100028,657
100097,282
100098,542
100092,193
100022,353
100096,217
100005,377
100054,222
100057,159
100012,800
100071,322
100008,700
100082,11
100072,972
100076,723
100096,248
100057,761
100062,613
100003,208
100009,71
100023,101
100047,624
100093,978
100045,173
100064,15
100063,640
100067,113
100022,922
100010,739
100051,351
100073,228
100068,693
100031,502
100008,544
100016,668
100089,504
100097,219
100055,291
100035,484
100024,238
100041,168
100050,915
100087,1
100069,755
100088,868
100066,563
100070,553
100010,419
100029,690
100096,956
100060,854
100090,181
100042,420
100017,848
100066,807
100059,603
100008,444
100029,608
100008,201
100034,992
100043,636
100060,429
100054,665
100093,743
100058,404
100028,515
100009,508
100087,149
100026,455
100083,278
100081,820
100052,621
100082,186
100024,334
100001,134
100059,390
100004,46
100082,732
100047,971
100036,119
100088,778
100002,79
100014,780
100006,57
100042,624
100032,550
100007,377
100009,524
100096,763
100092,11
100095,285
100096,224
100012,190
100011,897
100028,428
100000,938
100061,257
100085,151
100036,566
100017,281
100091,298
100000,992
100090,83
100032,31
100018,584
100089,455
100023,99
100088,720
100081,746
100057,897
100062,986
100090,257
100049,285
100078,124
100072,995
100076,419
100034,981
100015,63
100019,107
100076,468
100099,854
100063,423
100078,960
100001,322
100041,607
100032,137
100047,222
100021,148
100086,294
100082,249
100066,392
100023,286
100027,386
100071,794
100056,486
100030,749
100095,891
100063,965
100001,268
100072,451
100021,443
100095,459
100074,258
100078,452
100024,28
100022,780
100049,459
100023,25
100045,750
100070,318
100090,682
100039,646
100092,369
100095,146
100070,206
100016,669
100041,175
100093,562
100084,350
100004,955
100008,808
100069,184
100042,296
100098,354
100082,930
100030,619
100085,134
100052,642
100093,910
100084,328
100043,776
100044,408
100078,2
100003,424
100065,430
100038,188
100040,356
100084,210
100033,362
100011,251
100021,56
100018,412
100093,387
100043,192
100027,423
100032,954
100049,173
100002,513
100007,566
100056,261
100002,942
100044,604
100072,330
100063,189
100054,301
100023,37
100022,723
100048,534
100021,65
100065,800
100023,848
100098,928
100039,73
100092,436
100066,186
100073,201
100030,75
100005,205
100008,193
100076,185
100065,191
100081,192
100062,335
100047,306
100044,432
100096,159
100002,298
100069,476
100020,988
100041,41
100069,551
100089,418
100049,988
100035,713
100048,386
100004,644
100089,224
100009,79
100082,38
100046,968
100068,905
100065,344
100042,611
100021,448
100092,630
100094,457
100066,990
100090,882
100004,924
100047,950
100074,642
100000,988
100091,823
100004,444
100026,734
100015,656
100044,589
100065,504
100085,801
100018,887
100019,321
100003,788
100026,253
100039,972
100093,607
100069,433
100090,778
100043,176
100010,179
100081,130
100096,56
100059,965
100050,200
100094,948
100059,319
100070,578
100044,191
100008,24
100083,303
100059,309
100088,72
100022,49
100039,177
100006,955
100052,580
100077,355
100071,668
100058,881
100055,911
100029,777
100038,999
100040,706
100080,899
100025,221
100038,343
100014,333
100047,320
100018,923
100090,425
100060,733
100012,60
100003,562
100059,198
100040,689
100077,493
100040,901
100091,571
100056,663
100040,11
100098,535
100056,196
100071,970
100021,85
100074,718
100025,560
100048,619
100082,71
100028,79
100063,684
100079,551
100005,75
100078,599
100075,766
100018,140
100077,366
100016,746
100012,225
100040,833
100055,863
100025,209
100071,806
100066,496
100093,437
100078,38
100064,536
100062,115
100018,644
100047,219
100082,659
100067,434
100028,708
100024,672
100016,305
100011,434
100079,771
100012,345
100069,382
100090,485
100063,444
100046,473
100069,172
100090,51
100093,529
100005,135
100092,886
100050,823
100042,81
100014,701
100095,789
100063,532
100041,335
100049,778
100095,657
100006,823
100082,878
100034,112
100035,163
100094,454
100042,114
100001,291
100068,770
100083,988
100087,671
100038,231
100064,402
100085,239
100044,152
100035,135
100034,849
100059,52
100022,631
100035,250
100075,84
100067,839
100089,959
100058,188
100088,897
100013,751
100022,936
100089,619
100080,634
100034,396
100013,608
100036,130
100094,331
100090,842
100017,659
100025,261
100004,588
100031,824
100089,402
100018,374
100077,822
100086,238
100043,913
100096,602
100045,872
100024,951
100026,227
100005,956
100051,787
100027,205
100034,595
100012,828
100049,421
100039,519
100013,528
100000,823
100019,527
100061,753
100087,5
100036,657
100059,220
100065,515
100010,821
100031,545
100091,68
100076,771
100099,44
100052,68
100026,774
100046,699
100065,352
100050,626
100037,949
100068,628
100015,551
100018,302
100078,515
100036,11
100058,500
100098,909
100010,253
100025,736
100027,541
100091,398
100069,856
100086,26
100028,574
100076,372
100066,421
100020,358
100073,23
100015,896
100047,963
100066,384
100067,500
100010,704
100000,15
100024,375
100068,52
100073,403
100030,831
100087,477
100096,874
100061,453
100010,746
100034,446
100073,131
100045,51
100003,292
100042,96
100021,848
100043,558
100094,86
100013,337
100018,300
100022,284
100073,264
100004,65
100034,923
100020,611
100052,167
100048,285
100058,131
100016,192
100026,232
100005,298
100089,416
100097,385
100005,308
100074,430
100042,229
100093,48
100098,650
100069,169
100026,250
100025,264
100072,515
100097,906
100072,420
100014,273
100092,885
100039,771
100029,706
100048,618
100057,221
100026,42
100067,358
100008,872
100072,119
100050,30
100040,118
100059,456
100003,198
100010,622
100045,6
100014,22
100091,811
100011,843
100040,201
100020,284
100062,791
100099,798
100055,148
100064,424
100029,347
100078,629
100061,209
100081,210
100015,751
100081,713
100001,77
100036,297
100006,98
100091,656
100015,581
100055,193
100092,235
100011,844
100082,644
100078,157
100088,445
100048,730
100035,503
100061,269
100001,308
100018,438
100064,316
100068,546
100002,628
100088,537
100036,54
100041,645
100003,786
100082,625
100080,448
100010,90
100017,413
100063,305
100034,80
100048,698
100011,717
100011,31
100031,808
100031,439
100070,761
100036,463
100078,145
100043,975
100055,94
100033,616
100058,45
100046,902
100023,776
100052,154
100099,148
100029,651
100045,98
100008,11
100034,477
100013,541
100089,544
100017,315
100010,828
100097,168
100049,537
100087,25
100095,692
100097,466
100073,900
100080,253
100040,245
100020,175
100080,560
100044,833
100050,713
100007,937
100028,109
100052,593
100005,129
100018,791
100097,482
100027,294
100088,702
100036,507
100045,121
100054,646
100053,262
100079,914
100029,379
100039,623
100000,368
100048,126
100063,246
100005,240
100027,438
100015,150
100049,168
100089,18
100073,947
100078,50
100052,130
100038,554
100028,851
100079,500
100002,85
100085,346
100030,965
100000,593
100082,504
100065,56
100099,992
100039,917
100071,674
100063,493
100068,958
100015,442
100001,587
100093,382
100044,511
100098,56
100013,28
100019,978
100019,512
100049,203
100034,465
100039,853
100000,779
100011,254
100094,813
100052,812
100032,420
100007,878
100075,630
100061,687
100005,943
100045,973
100078,488
100081,705
100018,606
100026,907
100085,571
100098,954
100086,678
100087,54
100090,401
100047,855
100021,437
100046,878
100087,930
100054,669
100094,123
100020,709
100096,192
100098,467
100004,116
100005,427
100025,544
100097,192
100059,224
100021,37
100070,413
100008,910
100052,51
100053,683
100081,243
100062,723
100053,427
100095,52
100026,878
100073,357
100008,508
100053,657
100028,858
100093,221
100042,531
100081,46
100009,944
100095,778
100025,907
100053,963
100043,841
100063,535
100095,594
100051,419
100028,631
100023,305
100085,926
100042,438
100077,747
100030,31
100042,786
100012,372
100006,416
100041,693
100036,836
100087,604
100062,995
100082,275
100097,917
100043,255
100098,618
100005,150
100019,956
100010,198
100067,848
100084,150
100020,184
100028,59
100069,545
100056,859
100065,31
100053,473
100021,308
100035,42
100064,585
100086,14
100009,164
100014,611
100012,605
100025,299
100049,301
100083,329
100023,946
100089,664
100010,669
100074,240
100022,82
100045,475
100058,189
100024,846
100080,702
100082,688
100039,851
100055,110
100037,596
100039,450
100038,174
100061,30
100098,616
100074,798
100023,418
100043,765
100007,906
100077,472
100041,814
100073,436
100023,977
100022,474
100067,459
100027,432
100003,887
100075,388
100090,626
100001,903
100033,735
100084,389
100087,558
100088,820
100034,531
100004,352
100023,539
100084,557
100065,652
100011,719
100087,985
100032,662
100033,355
100069,389
100060,946
100089,780
100041,527
100043,264
100043,984
100048,518
100097,211
100010,325
100030,133
100054,237
100009,927
100039,626
100005,197
100082,290
100053,701
100030,866
100016,602
100050,666
100071,206
100046,929
100060,360
100018,231
100066,942
100033,548
100060,932
100085,704
100007,552
100084,59
100034,333
100064,202
100058,574
100053,439
100045,351
100020,818
100024,379
100062,339
100096,63
100000,916
100061,128
100026,740
100072,100
100082,75
100090,118
100062,356
100059,835
100017,826
100091,108
100008,599
100085,471
100039,117
100051,416
100068,715
100055,701
100021,231
100029,241
100037,7
100040,53
100042,304
100076,950
100051,110
100010,394
100097,855
100075,376
100078,281
100006,983
100073,944
100096,40
100038,836
100088,929
100016,585
100070,915
100000,460
100087,998
100001,957
100018,555
100046,574
100074,636
100057,860
100099,427
100086,820
100051,897
100067,551
100003,168
100001,597
100040,865
100096,635
100039,963
100025,799
100058,658
100073,779
100066,32
100061,399
100023,717
100082,479
100054,166
100018,466
100098,584
100078,87
100088,436
100019,77
100006,385
100047,182
100066,138
100079,127
100088,576
100044,528
100055,50
100091,415
100024,672
100036,172
100099,388
100020,270
100080,745
100058,496
100030,882
100016,760
100076,861
100057,625
100017,753
100019,975
100067,433
100015,271
100077,698
100024,637
100096,608
100085,150
100006,831
100071,995
100070,857
100067,398
100035,138
100020,717
100017,643
100077,173
100049,152
100028,642
100091,611
100096,736
100022,275
100027,918
100026,167
100008,153
100040,628
100069,644
100067,479
100033,208
100029,818
100061,168
100050,299
100081,89
100026,450
100068,237
100045,920
100089,837
100012,19
100078,457
100008,22
100082,702
100059,293
100088,884
100014,816
100009,94
100094,491
100001,955
100071,355
100055,538
100050,112
100054,704
100077,793
100002,178
100001,978
100039,599
100074,176
100067,556
100003,790
100036,863
100080,321
100031,889
100017,854
100052,325
100074,809
100007,686
100032,44
100086,383
100014,331
100019,985
100099,425
100027,188
100072,313
100043,710
100030,543
100011,361
100057,3
100023,797
100091,890
100053,891
100079,757
100070,641
100057,13
100054,450
100063,137
100028,29
100065,288
100069,542
100015,17
100089,242
100060,103
100020,207
100084,857
100011,504
100093,159
100015,629
100046,53
100013,701
100098,174
100088,934
100029,257
100084,72
100015,141
100028,795
100034,157
100072,29
100031,22
100003,719
100050,522
100086,834
100039,299
100037,475
100012,502
100014,722
100060,741
100003,23
100065,239
100008,66
100050,765
100094,283
100094,234
100057,624
100088,869
100048,186
100004,204
100010,656
100030,502
100034,753
100015,409
100011,845
100048,697
100000,993
100086,825
100063,790
100040,476
100002,510
100037,504
100036,35
100075,858
100060,853
100007,77
100058,575
100058,55
100006,536
100074,601
100097,782
100084,953
100005,76
100070,306
100066,592
100067,804
100015,809
100035,130
100045,762
100046,172
100041,418
100044,750
100005,273
100008,625
100004,979
100025,528
100034,165
100035,8
100032,384
100016,528
100059,274
100066,112
100002,508
100021,858
100009,32
203915
247704
234941
262408
296428
235196
240876
294773
248885
263499
244868
293966
255389
235948
229269
233419
224180
257566
241192
234364
260759
221949
263725
218174
217111
271306
264584
237938
203776
237905
242698
273189
277147
212220
233055
296715
246315
251669
230312
264995
245279
285897
273374
230783
207796
257274
224106
236066
225182
265664
251367
293066
243020
221484
298645
297490
285082
201009
227688
261959
284646
264257
211632
208913
250629
202665
212278
201654
228127
237014
275728
225143
236579
261496
217605
219440
203342
297090
286320
275362
201291
295663
286567
271721
285540
243394
232878
222332
299824
257926
277176
275487
296503
246195
239677
269780
299573
253511
203975
292951
288104
216633
214927
226152
273353
274678
294804
281917
220292
239567
295596
214150
200649
210439
253508
254592
266539
240666
202837
266654
249169
248908
249352
290825
220149
266315
263568
263854
248599
242509
207866
276924
277518
268070
211145
292538
207565
258833
246248
221033
274222
278857
259371
298751
231497
278221
208366
250145
264833
235144
273057
209314
244020
261092
201448
261998
209096
234409
229924
287291
295778
203888
240035
262962
264883
230641
205053
291357
279766
230291
236831
240635
262652
282311
202552
263527
265247
284090
217460
240485
275730
262107
256993
248831
268437
221626
229125
263761
227944
202672
299021
259861
240852
220085
294331
243501
292850
226455
265081
290216
292080
268641
248612
231744
247420
243034
272016
210378
253381
283703
202346
265669
275626
253281
270186
218777
277095
228220
257804
268180
276907
287756
230134
275651
297298
200352
227387
290106
247607
299451
269783
259954
234226
298489
238051
285672
291340
256332
217028
203011
245004
214576
284107
242080
285686
230791
256358
266262
236817
201950
257955
229680
259269
286811
206115
240035
241833
238306
290878
208313
283559
255625
289424
254491
272502
200733
230023
222730
271825
258379
245396
274679
220030
256987
245777
238510
201554
206496
257953
228106
285290
297811
205516
246767
237195
291127
239839
273725
258354
254852
281684
209565
249344
262227
235763
201512
258258
237833
255970
295054
213918
225353
216060
283797
287402
258975
214193
297099
233517
248311
299239
288037
238819
259656
239993
288801
203713
285057
278655
276196
203016
249804
235909
217635
292963
241455
232190
287625
218841
275543
281424
264989
275680
218377
217458
237309
288433
299097
275498
200123
286616
234616
208661
218590
260668
296858
250658
242813
283772
269777
224177
212532
262731
287582
229083
242733
279174
211299
235082
251023
254405
277425
250057
280950
276174
243411
264244
299828
274450
271678
232943
298105
233110
245858
215710
245778
211674
259993
219471
236828
202197
271862
297486
251549
219491
255537
295254
205790
216715
232070
296237
286606
288981
248371
278363
219377
244336
277256
295506
211301
212292
231288
226505
284080
223666
248489
225504
245196
244812
249545
204350
280071
224337
296366
220185
258203
252141
270311
204283
270126
244084
261059
252998
299550
247014
202875
265467
258127
213219
224416
252214
287132
257122
245984
272099
266599
225481
232811
220418
295569
252899
295685
278206
215448
240748
212241
205987
297065
244052
287570
283421
237894
284716
279094
247251
226587
250985
207403
223182
211074
218383
257510
227307
205820
247067
283541
207266
294313
255618
247835
279270
224397
266321
220660
212471
294099
202558
276592
231568
278749
219163
256087
236260
264447
292909
201114
233199
286127
250858
208835
220139
265116
278896
297773
230377
201746
270795
213302
205184
211604
280189
241467
244428
297786
278188
208173
294359
226146
243236
206948
277050
203868
218593
268152
257875
239313
202406
245649
272408
215688
247396
203202
271314
230571
295011
226581
271865
223966
294989
292134
264597
279066
212578
233025
210150
230364
256860
246604
224160
225761
234072
283014
279502
251174
279425
291091
250408
235887
255663
244215
235336
203564
206425
201446
248448
213040
287990
225493
251838
225323
252779
283411
253683
234257
276311
207262
218377
259081
255782
214923
251995
288057
273681
240615
277770
213959
266591
201394
295594
226889
224154
247175
231109
219897
282286
208125
287458
262621
220571
271347
268125
225441
209968
279099
289217
287478
238178
229024
221313
209956
215479
202145
219574
254546
243469
217792
236715
210826
284913
212777
250907
271777
224772
216895
218791
257446
281990
294988
280226
205898
278662
212892
292648
237810
269998
293375
221796
279295
264582
232301
218925
241646
211732
208392
204765
253733
218705
208274
216450
230793
201450
207356
257796
279158
249624
263323
200255
260890
221077
284948
290676
216720
283554
226204
297381
212071
206615
260310
238006
227676
227175
215211
229411
281169
277067
206072
210181
252411
273087
255869
275621
245986
213866
214022
232842
244084
210496
299294
263085
251535
206543
262317
268885
207592
266563
300109
271579
221376
253717
238558
231434
279276
202923
276863
272843
252673
257327
224041
267815
261820
293775
242349
294097
251637
230045
260997
228338
260053
283132
229860
248416
283224
259649
237105
267005
287950
254916
236194
226292
296138
296956
287013
242012
249810
268013
277005
245598
296320
275395
200188
287681
243231
277289
281851
221215
275806
237781
254834
260315
274236
262233
266663
240223
276288
283130
201972
241594
286593
272806
251382
264746
252518
256820
227430
206082
200944
299491
255368
210329
266672
247070
252207
260285
218687
288978
208671
284914
215558
205534
210680
276164
269968
242146
274694
232674
224044
227927
214869
238260
256861
297909
235240
259927
242148
287858
235954
208488
223007
201271
259300
283932
240696
237214
265974
256416
288710
233144
283435
275895
212568
