100094,385
100055,619
100046,166
100030,395
100021,971
100001,902
100074,919
100057,152
100088,360
100042,564
100053,881
100013,861
100088,289
100075,155
100006,286
100019,42
100035,361
100070,948
100074,746
100079,552
100052,654
100055,244
100036,542
100044,847
100059,515
100000,601
100087,965
100076,999
100035,235
100067,675
100065,772
100025,430
100048,456
100026,575
100018,563
100055,967
100008,430
100000,384
100079,996
100032,199
100052,770
100074,683
100016,717
100079,800
100091,963
100021,685
100081,144
100035,890
100084,286
100096,313
100055,259
100050,300
100065,782
100078,475
100026,64
100070,496
100007,955
100004,983
100013,507
100066,435
100063,59
100067,911
100087,486
100078,323
100012,457
100084,537
100077,850
100012,439
100008,911
100026,672
100043,13
100080,870
100087,166
100013,190
100045,537
100070,461
100039,493
100070,520
100068,635
100086,396
100095,920
100087,963
100017,832
100080,346
100016,606
100090,136
100079,991
100039,246
100062,487
100002,984
100095,342
100018,975
100053,865
100011,616
100067,783
100082,662
100074,686
100001,721
100098,175
100096,677
100040,120
100074,625
100008,260
100042,322
100074,864
100069,241
100026,743
100073,473
100058,760
100039,971
100050,268
100089,265
100024,445
100032,102
100086,768
100080,632
100080,761
100064,261
100063,388
100089,765
100007,390
100021,643
100026,201
100011,991
100085,304
100006,216
100009,750
100026,896
100060,380
100059,430
100093,391
100070,220
100075,449
100027,602
100042,692
100021,707
100077,813
100080,67
100075,743
100056,918
100028,815
100064,404
100094,854
100003,593
100080,203
100013,98
100029,564
100013,325
100048,886
100049,193
100013,703
100059,517
100027,659
100009,465
100033,552
100049,810
100014,997
100060,583
100077,752
100023,910
100088,507
100039,999
100039,851
100051,780
100040,321
100068,990
100075,250
100051,581
100061,570
100014,973
100097,814
100063,768
100067,592
100074,3
100047,629
100027,912
100082,342
100044,858
100042,576
100015,753
100056,944
100099,123
100071,817
100014,288
100035,329
100060,742
100005,617
100055,502
100021,670
100023,119
100034,139
100037,281
100082,906
100003,909
100042,172
100049,946
100045,288
100043,66
100034,244
100003,42
100000,323
100028,415
100046,241
100047,124
100052,94
100076,289
100080,246
100012,185
100030,303
100037,540
100085,733
100063,142
100039,203
100080,49
100058,534
100026,520
100066,315
100045,190
100079,311
100074,562
100032,164
100092,315
100068,322
100059,305
100090,405
100031,431
100007,373
100054,945
100093,836
100070,234
100025,82
100023,83
100040,655
100083,95
100006,992
100095,257
100066,238
100072,163
100008,510
100032,572
100053,410
100068,171
100005,302
100001,597
100003,962
100033,989
100018,379
100024,441
100085,847
100090,851
100051,3
100028,941
100068,917
100082,544
100011,386
100098,142
100063,914
100036,864
100066,141
100082,85
100042,542
100003,633
100071,916
100079,712
100079,141
100084,128
100027,213
100022,547
100083,589
100066,757
100022,810
100099,360
100026,959
100061,521
100032,669
100005,604
100045,427
100080,752
100060,556
100016,456
100063,965
100071,273
100004,158
100070,107
100093,658
100051,652
100045,579
100038,724
100014,347
100017,74
100023,360
100058,945
100040,297
100081,163
100072,904
100002,848
100097,727
100048,52
100091,73
100016,721
100036,658
100054,430
100032,570
100024,56
100067,254
100050,974
100062,28
100009,480
100070,923
100041,517
100008,635
100071,908
100059,753
100060,45
100053,86
100026,556
100044,886
100079,265
100079,973
100097,150
100078,455
100025,616
100012,886
100099,914
100045,901
100022,174
100001,438
100025,140
100050,775
100087,604
100051,590
100095,508
100038,630
100085,847
100032,412
100027,183
100014,140
100033,992
100075,274
100065,867
100076,22
100050,757
100078,938
100061,44
100049,395
100064,866
100032,126
100015,489
100005,495
100084,545
100053,39
100087,562
100048,383
100023,676
100028,925
100071,77
100011,602
100007,849
100084,58
100052,348
100010,505
100041,911
100019,515
100060,839
100024,595
100045,206
100085,220
100046,84
100023,403
100018,788
100015,730
100084,889
100069,194
100082,787
100068,557
100078,436
100032,418
100037,25
100008,290
100018,358
100094,127
100016,897
100014,43
100008,625
100027,835
100054,281
100018,868
100062,28
100077,122
100066,88
100020,336
100060,875
100093,835
100074,667
100043,616
100098,828
100006,987
100044,109
100016,605
100021,715
100079,575
100062,660
100054,547
100015,202
100047,111
100048,4
100020,53
100091,258
100017,731
100055,784
100003,528
100070,84
100042,980
100009,847
100091,688
100008,872
100057,522
100037,522
100051,366
100010,371
100030,25
100088,338
100030,175
100015,247
100070,873
100026,220
100004,439
100097,517
100098,118
100079,386
100096,430
100078,778
100093,376
100025,580
100028,41
100090,769
100052,343
100024,417
100053,809
100052,228
100080,172
100097,863
100017,492
100062,474
100000,627
100073,549
100045,746
100086,674
100001,652
100053,647
100049,173
100049,473
100004,566
100052,407
100020,95
100012,183
100051,348
100006,102
100025,574
100077,394
100075,405
100069,613
100076,5
100015,178
100034,704
100096,268
100073,273
100035,506
100099,364
100032,5
100085,95
100041,187
100087,193
100013,22
100052,293
100054,951
100063,790
100032,445
100024,476
100008,600
100002,901
100002,34
100085,791
100033,457
100030,45
100095,587
100052,374
100024,473
100051,850
100021,206
100040,96
100097,51
100027,228
100099,832
100041,23
100032,256
100069,131
100053,418
100059,819
100050,145
100098,466
100024,488
100040,494
100093,478
100050,489
100044,586
100064,10
100020,708
100021,313
100042,317
100042,955
100003,358
100094,330
100055,135
100039,435
100030,931
100080,840
100019,127
100049,530
100086,21
100088,996
100050,479
100042,70
100008,256
100065,898
100026,685
100093,612
100062,238
100029,753
100056,526
100045,150
100071,856
100050,394
100044,460
100087,580
100021,509
100011,286
100085,845
100076,201
100088,557
100048,51
100040,235
100031,731
100060,18
100079,782
100091,265
100030,836
100028,502
100096,451
100023,74
100078,671
100094,239
100015,31
100095,625
100099,664
100000,419
100059,53
100091,179
100028,983
100065,222
100084,396
100092,133
100082,689
100083,118
100064,508
100060,131
100008,284
100052,865
100035,627
100031,559
100075,974
100076,20
100005,301
100095,265
100038,497
100016,71
100072,23
100067,174
100078,301
100041,519
100042,535
100029,103
100097,349
100002,980
100020,1
100099,293
100021,115
100045,955
100072,445
100025,537
100090,795
100063,335
100021,968
100050,179
100019,395
100030,950
100057,418
100025,327
100055,34
100095,49
100038,548
100040,823
100097,992
100088,345
100020,816
100065,768
100002,481
100034,396
100057,379
100093,688
100010,734
100027,783
100054,390
100004,945
100007,605
100078,841
100072,728
100097,149
100063,597
100004,638
100008,969
100016,744
100050,938
100074,695
100080,605
100044,333
100065,182
100096,304
100021,99
100098,381
100024,693
100021,852
100070,199
100056,727
100054,973
100005,361
100018,808
100082,936
100092,842
100043,196
100078,742
100002,234
100070,674
100023,408
100043,181
100001,486
100028,196
100097,852
100066,163
100075,372
100092,10
100079,693
100070,605
100040,805
100024,294
100003,88
100042,6
100025,191
100062,920
100037,493
100058,549
100093,534
100076,664
100050,338
100049,106
100021,923
100059,284
100066,4
100004,851
100087,379
100077,315
100028,945
100039,282
100075,334
100091,802
100058,410
100077,787
100041,886
100048,894
100024,363
100063,986
100053,765
100088,568
100099,372
100000,247
100030,32
100037,439
100088,208
100019,250
100006,775
100074,310
100077,573
100041,779
100032,540
100053,793
100047,944
100097,60
100095,943
100033,913
100027,192
100097,655
100076,886
100010,600
100081,259
100090,218
100064,962
100077,402
100018,974
100088,10
100097,555
100064,797
100078,830
100079,824
100034,677
100087,113
100043,180
100097,737
100015,837
100040,363
100002,540
100098,425
100082,686
100046,594
100074,303
100004,487
100023,415
100088,767
100061,369
100015,520
100064,133
100068,250
100080,206
100070,639
100052,199
100092,755
100046,238
100021,781
100025,636
100053,70
100085,163
100039,861
100006,74
100069,290
100067,457
100061,480
100015,604
100046,713
100003,70
100012,921
100040,117
100053,745
100047,933
100092,642
100005,274
100079,248
100042,227
100075,422
100054,996
100018,52
100079,770
100044,287
100088,73
100000,508
100057,359
100053,156
100050,47
100078,337
100084,246
100030,244
100088,626
100060,817
100094,876
100047,397
100050,130
100045,329
100008,147
100041,448
100067,7
100062,903
100014,773
100053,754
100022,895
100031,544
100003,822
100051,161
100018,75
100087,138
100031,513
100094,45
100024,466
100097,929
100011,139
100045,247
100043,405
100067,270
100058,611
100059,297
100069,173
100087,518
100081,933
100090,594
100007,467
100048,222
100011,834
100016,269
100028,487
100069,377
100086,226
100000,168
100046,822
100019,430
100003,73
100004,233
100046,309
100040,689
100070,625
100013,832
100091,3
100076,143
100009,911
100002,243
100043,498
100030,398
100066,674
100046,817
100055,621
100012,924
100060,601
100052,977
100011,987
100095,592
100092,576
100036,42
100092,539
100085,748
100024,902
100019,764
100029,527
100069,861
100091,89
100045,830
100070,657
100040,347
100076,334
100097,840
100062,537
100068,661
100026,142
100072,859
100040,612
100029,264
100026,868
100060,905
100032,47
100089,637
100004,661
100059,313
100000,485
100083,404
100062,212
100094,267
100064,944
100041,745
100036,922
100096,945
100044,986
100095,142
100008,128
100082,257
100040,825
100001,618
100095,169
100071,85
100020,641
100071,171
100065,839
100011,944
100095,617
100076,184
100038,333
100060,262
100087,213
100038,713
100038,546
100061,228
100066,481
100010,331
100097,919
100052,138
100087,898
100071,38
100059,357
100065,861
100062,800
100000,657
100041,651
100094,183
100069,605
100057,862
100065,422
100034,714
100036,667
100058,676
100004,214
100040,750
100006,245
100075,992
100065,363
100062,957
100067,107
100034,899
100094,189
100020,274
100019,250
100021,300
100002,220
100043,943
100069,424
100073,66
100008,587
100015,699
100029,34
100028,948
100007,528
100072,485
100044,753
100099,140
100005,134
100036,124
100002,23
100061,734
100008,643
100068,840
100058,89
100053,156
100097,389
100080,640
100008,970
100038,71
100050,204
100054,782
100090,675
100047,985
100083,410
100067,353
100056,448
100074,658
100061,959
100003,512
100044,796
100092,996
100009,160
100081,44
100010,100
100003,281
100059,645
100048,598
100097,975
100020,91
100011,862
100092,315
100053,851
100015,428
100055,861
100070,657
100082,644
100072,831
100042,211
100000,800
100034,66
100098,519
100000,660
100078,623
100022,231
100051,286
100081,459
100025,619
100081,357
100006,252
100076,710
100050,301
100089,474
100089,173
100068,969
100025,857
100074,82
100068,865
100092,963
100055,698
100010,363
100084,524
100060,113
100043,600
100060,263
100095,759
100076,273
100059,216
100063,899
100093,414
100065,483
100056,265
100043,559
100031,341
100094,910
100004,769
100059,944
100093,201
100080,62
100082,869
100042,883
100096,506
100007,656
100044,206
100002,881
100078,45
100072,880
100072,6
100000,792
100047,727
100023,169
100050,425
100014,533
100048,406
100067,385
100079,175
100094,313
100010,591
100054,902
100080,174
100061,109
100002,271
100019,32
100000,646
100002,85
100025,817
100059,246
100003,301
100004,958
100043,610
100067,247
100091,641
100039,649
100026,100
100041,287
100064,363
100084,180
100011,474
100097,293
100024,486
100050,472
100055,386
100070,534
100000,821
100006,828
100077,780
100041,598
100005,363
100099,349
100000,897
100052,419
100004,577
100099,347
100089,963
100051,106
100031,887
100064,923
100056,318
100040,720
100074,141
100037,501
100038,175
100065,646
100070,318
100081,39
100056,638
100011,465
100032,175
100070,954
100006,797
100095,960
100008,169
100009,927
100094,122
100033,192
100074,316
100035,120
100062,20
100041,14
100009,702
100053,87
100013,916
100070,293
100049,429
100040,664
100070,559
100093,860
100025,609
100041,14
100034,951
100019,856
100075,968
100080,506
100050,290
100068,118
100045,924
100041,425
100014,970
100021,221
100062,810
100086,452
100029,354
100033,959
100066,676
100065,227
100027,689
100029,198
100026,663
100026,724
100067,839
100015,872
100064,686
100022,263
100004,398
100012,567
100051,925
100075,936
100046,945
100058,768
100046,77
100019,90
100009,797
100006,886
100023,174
100053,679
100035,206
100017,544
100092,7
100085,420
100034,670
100005,75
100099,615
100075,764
100035,972
100030,140
100013,886
100032,209
100068,3
100008,327
100035,812
100088,505
100084,667
100063,64
100041,964
100062,890
100092,378
100025,243
100056,530
100022,11
100093,164
100087,161
100041,832
100069,891
100032,224
100031,416
100064,510
100092,831
100057,712
100059,228
100069,981
100058,857
100042,941
100034,502
100018,550
100051,116
100029,44
100089,497
100082,773
100022,717
100095,123
100003,775
100043,788
100017,601
100075,475
100046,554
100037,760
100035,501
100004,913
100023,411
100008,883
100026,244
100083,52
100041,652
100096,883
100052,80
100086,203
100089,848
100036,347
100024,709
100044,348
100083,86
100048,605
100033,382
100086,707
100038,308
100044,281
100028,966
100015,529
100013,913
100098,418
100058,323
100021,667
100051,357
100063,203
100061,958
100070,448
100025,95
100012,151
100065,539
100061,475
100062,595
100024,568
100061,626
100037,444
100075,525
100013,349
100039,228
100094,450
100078,994
100067,916
100052,905
100020,967
100076,410
100003,408
100001,25
100088,133
100058,187
100078,554
100039,414
100079,253
100010,615
100032,844
100025,707
100041,28
100091,715
100068,853
100031,159
100004,900
100006,916
100085,745
100093,655
100047,781
100007,15
100042,101
100071,832
100023,142
100001,305
100074,724
100005,309
100063,498
100062,13
100041,690
100020,988
100026,683
100059,596
100082,375
100020,920
100078,42
100025,947
100074,200
100059,573
100008,141
100079,391
100062,207
100053,65
100084,59
100089,715
100025,255
100092,575
100083,612
100019,97
100050,775
100016,705
100033,986
100026,681
100095,661
100070,330
100019,4
100098,751
100023,85
100098,516
100063,411
100052,429
100079,731
100004,676
100086,454
100077,415
100097,225
100006,173
100090,132
100080,512
100028,695
100062,294
100094,700
100077,613
100008,305
100027,252
100073,715
100091,445
100001,83
100047,988
100092,891
100023,883
100078,98
100014,45
100005,403
100098,226
100013,450
100019,115
100067,814
100073,683
100056,212
100087,743
100076,797
100029,653
100060,264
100077,146
100034,30
100074,200
100082,279
100078,472
100068,447
100028,98
100058,993
100070,101
100013,468
100092,225
100057,43
100043,66
100012,854
100062,800
100014,786
100043,949
100052,529
100072,102
100027,502
100042,595
100017,624
100029,663
100098,171
100089,678
100058,928
100061,92
100056,831
100097,99
100056,34
100064,919
100013,914
100071,347
100034,621
100075,555
100082,123
100099,736
100056,211
100003,114
100075,977
100057,144
100070,152
100077,831
100055,617
100035,599
100075,278
100004,112
100058,584
100028,202
100024,781
100027,30
100021,461
100078,401
100064,879
100067,931
100083,352
100091,490
100094,8
100090,60
100036,392
100093,194
100080,37
100007,517
100063,555
100099,518
100066,977
100042,39
100001,753
100078,741
100012,774
100072,170
100038,666
100047,244
100079,695
100018,637
100042,522
100019,769
100013,994
100085,535
100069,92
100028,699
100037,993
100062,939
100081,610
100065,516
100045,293
100005,978
100094,526
100013,892
100068,998
100051,57
100081,637
100000,468
100099,223
100030,375
100008,675
100058,887
100042,195
100038,876
100011,217
100023,426
100062,532
100082,984
100084,575
100059,92
100009,451
100012,924
100082,420
100078,720
100024,167
100089,466
100014,553
100039,900
100022,953
100079,438
100016,734
100045,847
100097,877
100055,964
100076,286
100059,19
100082,324
100039,715
100025,331
100011,885
100043,782
100059,713
100006,161
100072,931
100004,551
100045,533
100088,177
100072,327
100055,823
100064,875
100009,745
100078,744
100080,154
100082,854
100052,923
100073,351
100092,629
100042,993
100014,577
100051,466
100071,892
100031,794
100034,84
100049,72
100096,580
100040,891
100087,172
100059,254
100009,355
100072,826
100020,275
100052,606
100080,799
100067,903
100075,139
100012,183
100027,959
100030,731
100014,998
100057,527
100066,295
100064,490
100034,718
100052,555
100017,543
100024,778
100025,867
100036,523
100003,379
100016,867
100001,387
100023,986
100077,203
100020,82
100065,508
100041,117
100083,82
100004,726
100095,573
100064,670
100025,414
100007,14
100062,215
100070,352
100055,65
100082,632
100076,890
100095,380
100043,379
100019,814
100046,221
100078,618
100089,554
100058,827
100029,507
100092,123
100009,896
100074,586
100053,462
100013,565
100040,389
100081,287
100059,343
100073,876
100018,678
100049,965
100017,275
100079,854
100050,184
100037,314
100092,410
100093,86
100062,978
100078,452
100083,648
100035,284
100037,367
100085,439
100055,730
100051,863
100091,412
100018,322
100011,615
100055,325
100088,199
100048,332
100076,521
100093,545
100019,886
100083,791
100043,224
100023,329
100070,394
100042,861
100005,973
100053,133
100060,431
100052,743
100023,139
100055,551
100086,347
100026,281
100065,940
100065,322
100078,353
100033,306
100052,129
100028,663
100050,690
100014,206
100064,345
100056,335
100052,111
100032,509
100088,732
100001,205
100080,197
100077,77
100059,763
100036,71
100060,138
100076,236
100034,131
100002,576
100019,181
100086,138
100056,233
100093,527
100029,303
100005,388
100022,566
100069,259
100070,630
100043,213
100024,17
100088,70
100005,727
100040,907
100079,184
100009,534
100027,297
100089,347
100010,283
100063,936
100034,816
100066,830
100084,531
100021,161
100040,933
100072,100
100022,122
100064,855
100014,946
100028,761
100036,123
100077,280
100082,813
100058,719
100047,657
100066,526
100058,555
100001,818
100014,354
100054,310
100079,482
100067,237
100089,354
100080,106
100069,590
100090,688
100077,563
100051,635
100019,695
100008,912
100002,70
100009,845
100077,943
100046,406
100019,233
100068,925
100014,740
100032,395
100033,235
100022,182
100083,116
100022,402
100069,552
100026,574
100087,677
100058,767
100019,483
100015,307
100019,5
100074,109
100021,805
100032,824
100071,778
100024,61
100012,69
100085,878
100042,286
100019,122
100041,95
100005,326
100037,475
100008,665
100083,582
100039,532
100009,569
100033,261
100060,104
100041,100
100063,753
100065,336
100016,358
100015,78
100020,372
100040,718
100036,193
100066,787
100029,659
100093,4
100003,413
100018,797
100047,901
100058,225
100094,849
100088,189
100072,433
100089,705
100058,748
100099,549
100058,756
100006,409
100071,406
100062,929
100006,379
100056,467
100023,809
100088,427
100077,18
100079,98
100097,433
100090,272
100087,342
100089,555
100046,645
100096,509
100010,358
100091,631
100058,929
100041,868
100060,494
100027,245
100080,198
100019,379
100026,810
100071,459
100067,683
100042,45
100065,434
100065,325
100001,711
100016,44
100066,856
100033,778
100000,111
100028,504
100064,219
100079,264
100010,220
100026,808
100062,846
100023,563
100036,823
100028,976
100004,576
100029,805
100071,259
100070,558
100079,895
100027,726
100014,667
100070,803
100075,458
100065,783
100038,747
100050,753
100066,313
100068,727
100004,482
100085,300
100038,801
100037,569
100011,746
100087,609
100065,212
100060,494
100010,945
100069,472
100010,551
100079,804
100030,123
100002,20
100061,869
100036,790
100049,741
100047,300
100004,766
100078,670
100037,133
100064,234
100011,662
100057,110
100036,172
100094,964
100012,813
100062,179
100049,730
100032,158
100015,229
100003,42
100023,696
100049,51
100018,815
100077,995
100014,617
100008,691
100055,736
100008,329
100096,348
100043,294
100067,991
100036,681
100010,389
100022,697
100001,265
100022,384
100097,301
100078,899
100020,436
100008,406
100034,884
100015,779
100007,718
100072,174
100084,416
100014,834
100069,119
100090,432
100018,539
100061,596
100070,691
100087,120
100060,82
100012,477
100031,712
100032,521
100088,787
100064,720
100005,743
100069,314
100078,244
100045,593
100029,872
100035,88
100024,536
100025,430
100092,651
100000,830
100090,249
100055,248
100044,165
100038,409
100008,316
100005,310
100002,363
100087,513
100025,390
100028,905
100015,402
100032,219
100087,573
100099,467
100051,966
100045,406
100091,875
100036,886
100012,101
100035,484
100017,978
100051,116
100074,484
100064,53
100057,135
100096,200
100041,92
100078,278
100080,994
100055,818
100023,462
100088,963
100094,866
100062,767
100096,259
100076,481
100037,330
100063,396
100013,805
100078,247
100079,159
100055,376
100048,160
100017,918
100087,930
100016,369
100052,837
100068,459
100039,635
100093,726
100088,126
100058,458
100060,190
100038,987
100024,864
100033,815
100056,68
100098,625
100045,792
100093,733
100033,604
100094,318
100056,966
100072,206
100017,277
100002,905
100070,799
100097,601
100011,123
100091,422
100005,941
100096,202
100090,544
100053,140
100087,241
100054,998
100035,400
100071,469
100056,594
100001,411
100006,437
100033,567
100033,470
100019,716
100055,504
100028,134
100003,221
100099,508
100090,579
100064,839
100092,255
100033,358
100008,786
100063,61
100077,31
100055,558
100059,752
100016,298
100072,400
100067,225
100048,373
100024,947
100036,945
100094,209
100045,204
100041,620
100038,728
100066,432
100047,479
100017,888
100014,181
100055,255
100004,5
100022,587
100086,611
100078,625
100061,231
100070,765
100015,646
100019,269
100082,977
100001,899
100061,253
100062,946
100028,802
100075,280
100064,303
100083,633
100017,322
100081,627
100076,80
100063,422
100016,971
100080,372
100066,892
100017,25
100032,278
100058,829
100020,128
100092,746
100021,926
100034,200
100098,133
100060,102
100077,232
100037,880
100088,655
100094,291
100096,942
100047,816
100021,112
100087,111
100060,773
100002,335
100078,220
100071,432
100079,244
100089,983
100051,909
100099,584
100035,802
100030,834
100006,159
100041,978
100027,235
100040,110
100007,978
100065,21
100004,263
100080,645
100038,170
100089,28
100090,562
100029,295
100098,172
100014,507
100098,55
100095,880
100039,54
100080,670
100023,824
100056,926
100031,273
100029,987
100004,96
100069,17
100012,10
100038,6
100046,633
100006,802
100061,61
100083,438
100064,133
100023,886
100059,83
100048,370
100063,845
100010,688
100010,296
100062,408
100087,66
100074,68
100052,916
100064,248
100018,176
100029,652
100044,630
100011,856
100093,724
100069,405
100061,15
100060,182
100063,972
100052,767
100024,19
100075,91
100041,494
100027,276
100037,982
100068,331
100084,72
100086,428
100011,303
100065,646
100053,52
100037,797
100082,991
100044,436
100002,773
100080,261
100007,373
100063,735
100062,824
100049,35
100049,969
100069,760
100018,292
100046,211
100096,390
100019,443
100030,20
100049,150
100010,619
100029,588
100026,799
100015,87
100043,210
100025,524
100067,247
100006,785
100067,937
100015,764
100021,522
100042,300
100010,277
100033,931
100088,187
100083,962
100009,477
100085,682
100076,479
100088,663
100079,945
100084,546
100050,447
100052,991
100008,18
100031,537
100034,649
100075,932
100083,519
100048,121
100029,573
100037,701
100040,362
100061,787
100022,681
100063,513
100035,618
100035,818
100082,227
100015,654
100089,481
100027,682
100012,33
100014,827
100063,182
100079,343
100096,846
100019,441
100008,750
100032,53
100086,151
100063,907
100025,941
100097,395
100070,35
100078,901
100074,72
100082,999
100074,369
100049,207
100075,735
100009,275
100015,67
100021,347
100065,995
100001,41
100069,903
100081,599
100000,320
100008,87
100061,396
100002,787
100067,218
100088,437
100065,509
100023,361
100007,124
100099,433
100092,362
100011,8
100013,483
100072,855
100017,118
100069,270
100079,838
100062,443
100095,948
100014,270
100024,510
100085,852
100002,727
100030,559
100031,930
100051,99
100031,697
100012,349
100009,780
100000,985
100034,81
100095,810
100001,859
100060,913
100055,230
100050,906
100029,934
100015,914
100057,849
100033,346
100067,489
100099,217
100083,667
100079,678
100012,279
100076,517
100085,999
100069,304
100042,713
100026,805
100015,49
100032,796
100079,299
100077,345
100054,534
100015,745
100052,872
100024,23
100046,864
100022,45
100032,49
100007,462
100068,976
100010,858
100092,33
100093,428
100054,944
100022,257
100092,935
100011,352
100008,353
100063,201
100011,761
100069,368
100054,478
100037,586
100024,470
100037,528
100045,659
100044,212
100082,420
100010,9
100095,660
100015,612
100097,686
100016,619
100010,863
100002,177
100040,290
100047,751
100035,358
100036,392
100088,284
100090,233
100068,24
100034,674
100026,308
100092,661
100017,978
100062,927
100012,52
100040,9
100074,798
100030,865
100000,43
100066,433
100053,578
100024,79
100013,949
100054,191
100056,988
100007,686
100066,321
100070,339
100038,285
100077,561
100026,963
100067,182
100064,34
100030,127
100079,577
100012,61
100094,615
100049,767
100066,796
100041,839
100079,367
100024,817
100096,971
100054,172
100056,281
100058,671
100082,77
100003,9
100098,910
100014,470
100071,1
100038,737
100011,105
100071,775
100044,739
100073,286
100075,614
100046,568
100051,297
100010,995
100036,244
100062,246
100039,658
100038,108
100043,478
100001,203
100018,713
100037,15
100043,616
100028,964
100098,211
100080,105
100060,626
100085,677
100016,458
100063,628
100017,508
100070,136
100075,489
100032,125
100031,771
100026,422
100040,362
100051,275
100012,882
100095,256
100008,998
100094,651
100083,271
100058,786
100053,790
100071,586
100095,948
100039,596
100036,491
100091,97
100011,806
100044,296
100011,334
100097,336
100072,545
100067,891
100046,144
100076,888
100083,407
100010,702
100030,408
100003,334
100078,510
100036,293
100027,615
100006,829
100070,533
100016,139
100036,374
100082,335
100028,227
100093,312
100009,873
100042,874
100021,946
100000,71
100056,720
100065,417
100060,919
100012,276
100091,227
100049,555
100077,681
100001,821
100068,468
100017,494
100002,827
100007,387
100010,760
100040,378
100045,21
100020,530
100004,655
100053,164
100026,521
100093,31
100027,33
100078,27
100083,22
100049,133
100041,51
100025,679
100042,266
100020,735
100097,547
100013,78
100074,136
100024,837
100005,703
100035,19
100091,229
100096,651
100002,493
100048,898
100034,20
100021,228
100048,317
100030,134
100045,68
100071,898
100024,660
100052,697
100049,67
100097,883
100052,560
100041,555
100080,52
100004,717
100067,178
100015,741
100091,359
100089,96
100056,95
100061,802
100006,884
100056,881
100022,726
100040,91
100012,829
100002,740
100054,757
100061,657
100029,821
100010,712
100021,248
100030,493
100047,355
100035,272
100057,140
100099,146
100086,894
100032,182
100005,687
100045,573
100099,500
100054,546
100094,121
100061,251
100030,360
100038,927
100015,112
100035,441
100068,189
100028,754
100050,66
100056,937
100069,591
100089,589
100031,817
100049,870
100090,421
100048,752
100084,104
100060,700
100038,85
100014,113
100013,388
100034,567
100065,468
100073,387
100045,297
100021,58
100049,14
100086,238
100043,180
100059,985
100073,617
100076,806
100057,197
100022,881
100051,988
100006,349
100034,677
100056,751
100012,293
100099,809
100077,19
100075,710
100066,78
100094,694
100055,796
100050,312
100012,366
100045,88
100031,803
100046,341
100091,691
100045,633
100015,640
100052,667
100006,384
100018,161
100084,417
100054,578
100097,520
100002,592
100075,728
100024,39
100000,378
100046,99
100004,351
100022,498
100019,174
100021,766
100079,48
100023,881
100020,920
100030,787
100093,567
100083,754
100079,25
100009,944
100037,370
100091,365
100023,675
100022,823
100028,374
100055,458
100058,278
100007,956
100089,165
100057,627
100068,514
100014,3
100023,133
100061,247
100089,930
100004,57
100083,826
100000,139
100083,88
100048,246
100079,468
100027,482
100015,553
100001,465
100081,592
100062,552
100087,917
100019,826
100049,14
100060,140
100028,689
100070,435
100087,465
100030,244
100088,523
100071,614
100042,65
100094,854
100010,95
100073,131
100009,545
100057,568
100020,976
100044,554
100044,680
100050,78
100031,497
100081,461
100081,800
100013,771
100021,835
100020,352
100098,918
100096,679
100009,25
100040,97
100094,411
100037,284
100043,408
100040,33
100040,718
100034,262
100011,148
100076,653
100044,966
100081,901
100013,651
100078,651
100058,890
100020,722
100055,311
100084,49
100098,591
100004,934
100009,850
100044,103
100092,882
100035,203
100016,384
100009,831
100081,137
100085,252
100076,924
100003,542
100066,145
100065,866
100063,83
100052,621
100091,151
100064,883
100068,35
100007,974
100006,557
100074,459
100071,786
100060,680
100009,608
100096,520
100074,609
100004,222
100043,302
100091,587
100052,811
100045,815
100097,600
100070,867
100057,5
100063,762
100086,802
100008,693
100088,394
100072,249
100089,289
100015,963
100065,937
100023,909
100016,473
100064,688
100053,487
100035,4
100028,276
100091,612
100030,794
100030,69
100073,124
100037,647
100075,914
100080,940
100067,74
100033,733
100011,852
100086,244
100091,838
100045,203
100023,678
100075,965
100075,95
100013,289
100097,632
100001,806
100049,491
100026,351
100007,692
100049,231
100016,226
100035,940
100084,706
100029,275
100028,170
100085,653
100077,687
100009,820
100016,640
100018,338
100029,83
100038,183
100004,432
100078,104
100063,970
100012,283
100014,426
100016,110
100004,122
100017,512
100040,635
100014,605
100013,25
100055,242
100056,483
100070,372
100002,155
100009,534
100061,592
100024,874
100045,347
100044,77
100013,572
100086,980
100056,211
100020,207
100032,69
100005,588
100026,318
100050,71
100005,813
100056,870
100089,207
100025,723
100006,564
100090,724
100062,396
100003,212
100075,510
100068,247
100066,739
100092,417
100050,684
100069,126
100002,192
100091,631
100006,57
100086,877
100022,544
100005,780
100073,256
100093,139
100062,638
100031,296
100019,967
100065,233
100062,640
100010,416
100029,8
100049,524
100050,1
100023,835
100083,711
100076,712
100000,622
100075,941
100008,761
100066,571
100065,704
100035,974
100002,325
100010,265
100062,5
100006,964
100014,65
100054,697
100087,451
100087,426
100087,926
100073,411
100078,929
100015,819
100045,718
100023,779
100083,511
100025,64
100099,151
100093,668
100047,172
100070,968
100035,334
100052,904
100078,613
100054,856
100055,504
100072,172
100047,9
100084,81
100076,331
100073,669
100061,920
100094,914
100099,585
100028,758
100074,359
100020,526
100035,647
100099,410
100086,576
100030,186
100051,342
100038,989
100073,971
100077,975
100044,140
100036,650
100056,560
100013,827
100016,598
100089,827
100031,678
100057,531
100008,203
100001,709
100019,255
100031,554
100093,336
100083,919
100037,584
100041,582
100082,98
100040,353
100017,202
100080,480
100064,745
100071,374
100029,805
100080,163
100063,423
100033,942
100017,652
100013,345
100004,768
100068,600
100020,775
100084,288
100008,877
100002,924
100039,664
100052,237
100038,400
100064,214
100059,583
100084,976
100052,863
100000,804
100001,81
100095,220
100084,294
100098,490
100021,759
100033,132
100077,48
100022,632
100075,558
100099,987
100080,411
100076,975
100030,460
100051,149
100084,994
100058,284
100056,145
100053,944
100011,474
100061,107
100094,33
100029,183
100097,341
100061,904
100085,476
100014,304
100004,679
100043,629
100003,12
100019,587
100088,939
100098,911
100098,855
100084,124
100074,229
100052,289
100063,177
100018,811
100071,768
100020,494
100022,80
100003,195
100011,673
100049,830
100092,366
100018,508
100093,879
100002,158
100067,373
100007,129
100082,895
100002,767
100045,728
100061,423
100009,995
100075,112
100038,665
100018,156
100037,462
100011,576
100061,153
100078,526
100012,962
100068,895
100092,160
100016,503
100016,895
100095,250
100021,616
100077,228
100023,426
100070,25
100061,356
100014,795
100024,30
100033,37
100046,622
100064,447
100075,935
100047,270
100028,680
100069,339
100012,907
100094,163
100044,487
100053,558
100036,195
100014,221
100073,308
100086,979
100033,556
100044,203
100047,714
100082,647
100008,628
100011,486
100001,494
100088,994
100023,121
100012,208
100068,162
100080,606
100020,125
100059,775
100056,425
100059,395
100026,882
100061,551
100060,496
100077,256
100023,412
100085,712
100023,9
100019,518
100056,92
100034,243
100063,827
100086,52
100096,659
100025,973
100037,780
100004,84
100002,703
100048,314
100072,92
100049,543
100059,698
100041,91
100013,385
100063,966
100089,529
100013,184
100085,298
100083,175
100002,53
100057,172
100091,460
100020,570
100021,436
100053,211
100029,517
100097,655
100035,608
100071,919
100050,724
100080,376
100071,716
100039,772
100077,586
100006,884
100005,309
100015,76
100032,936
100028,524
100059,211
100050,72
100015,51
100065,765
100045,327
100054,203
100024,971
100076,813
100048,306
100002,285
100015,493
100063,542
100067,26
100004,948
100085,781
100011,164
100016,900
100060,957
100083,742
100013,171
100034,233
100074,111
100059,887
100019,134
100088,334
100047,992
100044,48
100045,361
100006,348
100051,624
100061,957
100075,276
100081,651
100082,398
100098,401
100099,786
100032,673
100016,359
100086,148
100062,373
100044,537
100045,806
100042,527
100095,764
100046,839
100043,484
100043,281
100027,53
100062,336
100021,566
100066,547
100095,853
100020,827
100092,998
100047,821
100023,678
100046,342
100077,362
100014,12
100015,950
100016,671
100046,396
100033,17
100023,569
100026,508
100079,289
100074,92
100035,866
100047,328
100015,363
100084,628
100079,48
100088,562
100016,572
100066,399
100085,918
100076,953
100047,343
100082,299
100082,726
100058,896
100051,472
100004,308
100042,743
100042,553
100068,392
100045,47
100077,859
100044,699
100043,167
100040,901
100081,855
100047,24
100064,488
100085,283
100083,825
100052,735
100024,25
100061,489
100001,138
100002,729
100042,426
100090,558
100016,367
100009,961
100035,528
100046,551
100075,282
100047,676
100018,79
100096,414
100098,547
100057,176
100081,63
100008,285
100099,437
100033,19
100096,693
100013,259
100068,901
100085,58
100067,559
100088,501
100016,163
100044,767
100001,311
100031,37
100021,645
100061,25
100016,902
100034,677
100062,896
100086,511
100013,813
100010,428
100015,195
100057,115
100017,52
100006,857
100022,61
100098,925
100009,14
100001,335
100038,767
100070,355
100071,255
100022,762
100055,890
100054,948
100000,685
100099,998
100033,891
100023,333
100069,142
100035,432
100079,441
100048,915
100076,874
100035,904
100064,766
100019,398
100060,939
100080,490
100073,437
100010,837
100042,600
100081,852
100008,825
100026,138
100058,745
100059,509
100032,577
100027,649
100081,654
100055,648
100012,829
100065,232
100050,178
100084,996
100019,496
100020,329
100061,53
100019,20
100016,16
100064,724
100019,57
100020,804
100086,285
100040,40
100004,408
100005,205
100042,826
100097,707
100002,7
100058,71
100099,141
100033,367
100022,541
100023,493
100098,479
100015,992
100033,282
100064,642
100002,852
100016,386
100008,175
100069,215
100097,563
100046,453
100098,30
100083,150
100089,681
100044,244
100062,497
100066,556
100050,929
100093,947
100071,26
100008,374
100057,418
100044,196
100092,754
100081,987
100098,993
100060,654
100000,307
100063,546
100048,957
100049,502
100033,551
100011,612
100007,425
100086,10
100084,362
100042,373
100011,874
100083,243
100018,982
100015,525
100011,478
100006,7
100004,728
100051,916
100075,63
100080,847
100037,248
100050,26
100039,638
100071,467
100077,908
100039,740
100091,880
100060,711
100046,302
100021,649
100043,576
100076,643
100006,931
100004,725
100079,591
100078,257
100022,519
100094,45
100095,677
100004,197
100049,259
100080,888
100063,192
100023,98
100099,827
100082,476
100031,137
100070,794
100063,701
100030,867
100080,184
100080,159
100078,574
100008,934
100008,977
100018,340
100079,85
100027,977
100085,657
100094,58
100075,762
100062,59
100044,883
100068,410
100048,25
100083,907
100031,894
100057,357
100060,902
100086,766
100079,939
100050,731
100021,804
100046,814
100002,495
100096,891
100090,604
100031,633
100034,429
100066,771
100013,705
100041,412
100098,120
100060,791
100020,225
100098,989
100074,958
100045,541
100037,668
100013,800
100046,294
100097,237
100044,446
100041,271
100080,257
100015,928
100079,562
100019,563
100040,958
100047,696
100044,569
100044,228
100065,461
100055,332
100091,210
100087,254
100058,311
100044,153
100089,101
100037,72
100081,220
100061,763
100050,219
100014,164
100000,59
100079,701
100001,461
100035,761
100032,715
100041,569
100090,413
100097,376
100097,144
100004,419
100077,100
100016,958
100038,991
100032,469
100067,475
100004,557
100093,490
100090,557
100034,40
100066,657
100061,785
100006,630
100064,832
100015,790
100033,275
100055,18
100064,985
100009,979
100078,286
100075,342
100057,502
100075,682
100082,106
100079,661
100069,61
100033,903
100003,882
100013,609
100028,733
100098,214
100056,284
100019,36
100005,878
100097,566
100074,272
100090,175
100034,202
100092,74
100010,549
100095,29
100034,338
100016,838
100092,553
100097,994
100060,604
100077,787
100025,780
100088,94
100080,549
100047,398
100074,96
100066,307
100004,307
100016,240
100046,865
100007,61
100028,472
100070,560
100074,374
100058,309
100078,151
100044,929
100001,520
100082,544
100089,665
100050,328
100049,303
100057,372
100080,121
100004,100
100050,752
100013,423
100041,266
100066,878
100087,194
100013,683
100019,57
100020,913
100064,277
100095,448
100013,674
100013,240
100012,119
100035,291
100079,186
100095,711
100061,682
100021,997
100058,78
100025,255
100095,388
100098,285
100099,494
100078,571
100051,353
100083,156
100027,438
100038,272
100049,830
100026,373
100081,823
100018,860
100064,382
100006,788
100035,743
100079,272
100080,78
100098,744
100009,837
100072,111
100077,913
100082,382
100017,257
100074,608
100077,321
100046,625
100075,589
100041,968
100084,225
100022,840
100043,760
100054,837
100038,956
100074,606
100078,976
100060,984
100061,274
100029,540
100091,17
100099,493
100003,359
100034,985
100092,514
100054,389
100064,336
100033,709
100034,786
100036,620
100047,328
100031,328
100002,694
100028,932
100022,286
100022,285
100002,989
100048,29
100092,736
100045,227
100007,181
100048,276
100040,764
100036,894
100063,104
100065,150
100045,801
100015,645
100042,316
100000,406
100027,102
100034,360
100057,352
100010,114
100012,801
100004,615
100053,740
100068,490
100086,434
100050,583
100021,693
100070,68
100031,374
100007,120
100048,745
100020,190
100052,91
100099,167
100010,289
100055,908
100005,116
100017,448
100013,37
100055,618
100098,92
100079,346
100087,350
100015,142
100078,321
100047,30
100053,452
100025,231
100071,796
100034,309
100085,693
100071,80
100054,485
100094,699
100040,720
100040,170
100094,496
100038,459
100069,248
100012,115
100032,867
100087,692
100002,65
100029,977
100050,696
100064,626
100047,307
100014,394
100029,182
100081,986
100016,181
100060,438
100092,83
100010,578
100035,424
100047,931
100090,867
100088,669
100000,801
100080,930
100073,702
100005,929
100011,300
100020,263
100017,444
100048,690
100025,966
100080,681
100050,386
100040,498
100045,641
100043,299
100015,771
100032,571
100078,348
100019,804
100079,352
100064,800
100093,68
100069,732
100031,209
100081,851
100035,166
100099,518
100018,491
100013,427
100055,607
100094,191
100048,913
100043,747
100006,515
100064,792
100095,436
100045,779
100066,725
100085,49
100065,371
100088,4
100098,741
100039,719
100082,363
100014,279
100022,419
100092,289
100061,726
100017,184
100061,137
100076,386
100007,113
100046,468
100016,742
100081,21
100069,46
100031,118
100006,761
100023,255
100016,78
100000,118
100011,979
100068,21
100092,799
100009,629
100006,411
100026,53
100019,140
100050,351
100017,495
100091,686
100039,25
100095,824
100040,743
100086,10
100064,497
100036,955
100035,876
100074,581
100025,286
100093,313
100004,912
100092,233
100024,852
100042,974
100092,748
100017,482
100013,480
100085,172
100053,493
100099,240
100080,455
100090,656
100085,78
100074,992
100012,886
100042,661
100014,339
100055,85
100090,810
100076,337
100094,369
100030,498
100040,475
100078,123
100015,560
100028,919
100090,35
100081,151
100033,373
100090,289
100085,516
100008,678
100038,603
100069,621
100025,726
100063,277
100039,775
100073,162
100091,939
100049,427
100020,653
100058,781
100034,851
100096,286
100056,792
100066,579
100049,168
100087,366
100018,167
100013,83
100032,557
100037,997
100079,207
100038,306
100007,330
100050,974
100096,734
100046,819
100077,543
100001,21
100063,366
100092,397
100097,925
100076,941
100025,675
100040,946
100091,333
100034,188
100040,154
100099,572
100012,839
100019,11
100046,545
100040,654
100075,349
100006,346
100022,10
100080,482
100057,815
100037,894
100041,450
100097,533
100031,385
100045,656
100039,661
100064,153
100046,949
100047,405
100028,630
100036,832
100037,907
100042,821
100018,196
100073,939
100084,529
100040,551
100060,310
100036,297
100059,587
100096,27
100076,763
100026,762
100023,202
100070,133
100084,803
100079,443
100005,363
100064,495
100074,38
100004,938
100073,186
100000,45
100078,323
100025,980
100061,483
100097,990
100097,484
100007,367
100049,68
100069,340
100014,854
100011,843
100078,453
100024,388
100048,386
100047,509
100007,165
100078,792
100080,310
100008,938
100032,891
100072,315
100097,648
100045,705
100092,494
100001,554
100022,157
100023,989
100039,823
100060,43
100076,520
100022,782
100063,494
100067,805
100064,593
100048,582
100099,647
100042,331
100029,888
100039,866
100080,904
100023,821
100003,901
100094,477
100055,253
100084,106
100036,248
100056,225
100092,143
100014,724
100077,395
100059,387
100059,829
100091,293
100098,83
100001,64
100076,16
100032,450
100035,752
100027,266
100050,419
100052,502
100067,210
100067,29
100006,44
100037,243
100070,905
100097,348
100093,989
100091,228
100019,290
100082,414
100063,592
100030,197
100016,179
100071,150
100065,938
100007,259
100034,726
100037,363
100086,569
100012,562
100042,655
100096,591
100057,61
100010,524
100029,118
100019,336
100028,736
100043,229
100060,627
100043,325
100016,288
100053,159
100022,292
100089,373
100067,91
100011,861
100084,270
100083,147
100037,740
100009,220
100073,420
100022,121
100024,201
100016,943
100028,129
100061,22
100010,48
100084,345
100087,537
100028,482
100027,62
100069,191
100035,725
100013,130
100062,691
100090,414
100097,411
100000,808
100051,337
100078,80
100069,577
100091,67
100074,23
100030,684
100081,806
100007,377
100062,727
100099,275
100012,246
100087,669
100056,363
100047,888
100031,732
100071,888
100062,304
100020,995
100086,137
100082,594
100087,156
100046,181
100073,834
100044,573
100026,112
100012,854
100011,341
100097,281
100043,393
100010,861
100073,223
100013,318
100086,90
100002,379
100094,907
100064,270
100073,785
100047,521
100069,977
100013,258
100079,996
100084,363
100049,298
100015,422
100023,860
100040,436
100057,536
100050,683
100033,785
100060,137
100010,842
100053,753
100095,664
100021,31
100044,301
100098,34
100019,515
100099,268
100001,994
100073,918
100085,484
100057,137
100092,53
100011,326
100083,865
100026,421
100081,356
100067,868
100067,261
100013,652
100036,55
100039,752
100060,897
100089,877
100068,254
100076,444
100099,626
100054,429
100074,61
100022,339
100072,816
100026,373
100054,631
100059,241
100057,237
100023,662
100036,240
100081,832
100038,878
100099,334
100033,948
100013,396
100070,720
100059,953
100025,114
100042,214
100074,726
100011,610
100085,560
100030,21
100073,790
100019,940
100009,30
100012,844
100015,694
100067,776
100056,314
100014,736
100004,412
100077,848
100070,967
100091,374
100007,201
100026,861
100020,932
100067,768
100041,512
100095,376
100022,234
100047,507
100041,559
100083,549
100051,762
100040,107
100074,511
100036,528
100015,339
100012,57
100063,913
100079,594
100016,685
100088,794
100093,734
100029,676
100091,418
100085,532
100071,573
100063,498
100036,851
100075,911
100072,332
100082,686
100089,356
100065,383
100018,397
100020,183
100084,366
100026,884
100008,8
100079,948
100070,229
100005,134
100032,476
100059,102
100096,727
100046,354
100009,848
100054,448
100073,163
100002,420
100039,921
100067,186
100029,800
100007,840
100075,152
100081,808
100034,811
100067,309
100080,973
100035,384
100005,563
100062,820
100059,538
100092,324
100056,144
100085,493
100000,966
100012,404
100046,843
100044,747
100043,720
100019,939
100023,518
100022,77
100011,337
100088,5
100005,157
100092,453
100016,556
100022,577
100043,335
100096,687
100023,809
100027,471
100083,48
100044,949
100059,34
100056,434
100026,652
100009,15
100061,599
100014,486
100060,632
100015,406
100069,639
100028,474
100066,975
100055,760
100091,59
100012,592
100000,102
100037,991
100065,399
100025,591
100077,775
100055,220
100029,474
100032,800
100076,598
100095,109
100032,978
100033,730
100062,568
100016,448
100056,132
100059,813
100010,587
100020,830
100093,102
100033,715
100064,865
100093,243
100038,396
100038,567
100094,525
100032,33
100064,457
100082,434
100039,539
100025,215
100099,701
100002,551
100041,642
100087,22
100095,797
100016,255
100058,214
100004,147
100083,809
100065,408
100076,76
100004,641
100055,454
100092,39
100029,151
100062,131
100090,622
100017,406
100011,333
100057,821
100057,481
100076,829
100011,338
100046,188
100091,890
100033,182
100040,328
100004,878
100005,243
100006,863
100091,663
100037,409
100094,78
100044,658
100021,319
100047,404
100016,628
100064,363
100076,107
100064,256
100024,185
100060,532
100025,62
100043,967
100059,149
100069,798
100062,739
100026,596
100071,943
100058,993
100016,334
100026,6
100012,379
100066,329
100077,871
100044,726
100077,142
100073,879
100054,764
100009,146
100030,182
100095,772
100019,952
100093,981
100082,784
100092,596
100056,117
100021,325
100028,379
100063,199
100095,66
100042,992
100092,951
100051,329
100025,494
100043,254
100094,666
100049,76
100063,680
100001,59
100030,63
100074,478
100022,737
100031,451
100090,302
100097,690
100063,625
100008,666
100092,354
100015,865
100095,488
100071,837
100080,42
100052,423
100044,675
100056,161
100017,377
100091,627
100079,760
100083,314
100051,368
100086,28
100053,954
100089,628
100044,643
100076,300
100015,731
100021,64
100054,715
100088,891
100044,927
100092,671
100085,165
100067,624
100033,251
100020,592
100063,91
100005,315
100003,897
100059,210
100003,989
100097,369
100085,907
100093,480
100078,971
100060,864
100076,854
100081,26
100026,760
100095,355
100004,846
100068,549
100091,353
100043,689
100095,843
100042,879
100062,625
100037,226
100035,950
100091,417
100014,704
100005,602
100034,188
100023,943
100094,633
100036,616
100018,632
100047,520
100048,841
100008,482
100063,386
100051,385
100068,71
100067,729
100073,428
100036,592
100099,321
100034,399
100087,915
100035,258
100016,37
100054,316
100045,262
100003,340
100040,784
100099,313
100081,917
100019,323
100054,400
100048,351
100007,92
100000,664
100023,483
100022,861
100052,870
100063,479
100052,989
100014,491
100099,942
100089,948
100097,88
100087,676
100096,804
100068,355
100098,339
100086,967
100033,878
100004,326
100061,883
100010,182
100019,547
100037,176
100012,956
100027,474
100088,174
100036,40
100038,680
100075,783
100020,466
100037,72
100046,361
100067,526
100017,921
100032,466
100049,771
100061,497
100007,946
100088,455
100033,678
100049,499
100077,267
100053,687
100016,538
100016,943
100015,604
100075,111
100037,17
100098,777
100062,250
100058,885
100064,858
100053,298
100086,116
100030,149
100001,472
100028,866
100039,703
100067,672
100078,994
100050,109
100032,973
100089,535
100074,744
100032,103
100043,35
100099,477
100063,723
100093,164
100098,910
100068,131
100036,886
100048,307
100094,348
100040,26
100000,645
100024,28
100048,39
100004,765
100026,272
100082,788
100082,903
100045,25
100087,865
100024,960
100082,136
100009,422
100028,974
100024,242
100074,647
100039,315
100067,624
100060,760
100018,47
100046,682
100042,202
100072,267
100061,935
100066,872
100091,306
100091,128
100000,685
100014,257
100047,3
100052,767
100061,766
100034,511
100050,754
100085,613
100091,877
100020,387
100069,21
100004,584
100075,971
100047,642
100014,883
100035,386
100057,821
100024,439
100016,147
100045,909
100029,499
100046,815
100034,805
100065,635
100036,438
100092,626
100060,801
100042,661
100015,127
100065,917
100093,190
100046,363
100030,704
100095,87
100052,966
100020,819
100040,989
100057,366
100061,169
100091,255
100077,764
100070,618
100017,618
100099,533
100003,901
100005,587
100069,938
100072,909
100096,117
100025,64
100091,629
100056,938
100084,387
100014,923
100034,7
100071,598
100087,88
100092,272
100088,834
100083,423
100006,279
100045,131
100058,295
100069,88
100050,380
100070,471
100031,76
100070,126
100013,61
100075,664
100072,585
100019,480
100035,2
100097,920
100043,85
100069,26
100008,927
100067,439
100073,925
100031,421
100017,90
100002,587
100034,111
100078,114
100081,671
100030,929
100039,212
100090,454
100024,934
100052,965
100009,417
100067,169
100043,33
100025,297
100017,273
100092,226
100073,291
100082,68
100048,905
100009,441
100098,539
100031,142
100033,511
100022,540
100010,129
100037,107
100041,992
100033,133
100012,375
100012,28
100059,828
100029,328
100059,816
100005,104
100040,59
100052,748
100065,968
100057,32
100052,604
100082,515
100088,994
100027,820
100070,402
100073,990
100065,182
100071,638
100073,846
100015,498
100079,922
100085,972
100012,39
100001,76
100031,607
100014,162
100006,69
100070,997
100094,616
100087,360
100012,79
100041,544
100057,569
100038,231
100067,371
100074,141
100015,274
100031,850
100095,746
100021,514
100095,283
100059,949
100037,945
100011,40
100084,370
100067,236
100066,355
100041,411
100065,541
100002,12
100031,650
100010,240
100027,176
100061,984
100039,908
100026,245
100015,952
100029,306
100000,343
100093,144
100022,144
100092,245
100059,40
100079,193
100012,236
100085,199
100003,125
100082,771
100014,628
100086,416
100009,188
100042,874
100079,321
100070,618
100027,238
100071,841
100031,810
100065,664
100000,371
100070,818
100023,467
100071,960
100030,960
100092,811
100027,71
100039,87
100034,722
100069,598
100042,869
100070,158
100070,903
100064,155
100073,393
100014,416
100097,722
100096,429
100029,337
100017,580
100095,290
100000,902
100010,523
100044,376
100015,124
100026,831
100020,390
100010,153
100018,361
100078,524
100094,646
100061,74
100003,266
100009,203
100074,988
100041,490
100072,608
100064,574
100024,815
100096,919
100017,463
100068,353
100031,626
100055,884
100010,149
100014,394
100078,983
100090,230
100016,600
100049,507
100025,966
100011,734
100042,639
100084,476
100054,677
100005,729
100078,654
100028,348
100077,615
100042,19
100061,745
100073,462
100061,959
100035,787
100025,710
100024,673
100025,55
100060,372
100085,76
100059,127
100009,69
100042,107
100066,34
100093,226
100075,495
100097,193
100034,363
100010,999
100068,857
100012,778
100068,539
100034,738
100045,326
100041,538
100065,649
100077,661
100087,686
100085,346
100068,665
100050,445
100031,697
100052,768
100066,882
100055,57
100050,545
100039,994
100031,158
100013,863
100016,258
100084,149
100049,837
100020,286
100091,305
100004,770
100015,326
100099,650
100013,393
100075,211
100059,628
100034,623
100082,795
100013,806
100059,350
100015,580
100020,758
100073,583
100028,815
100052,262
100094,808
100058,241
100037,648
100031,957
100033,149
100092,942
100012,85
100002,586
100020,287
100006,562
100042,841
100070,167
100035,342
100035,357
100088,438
100053,907
100068,849
100007,738
100026,456
100041,393
100078,343
100001,110
100098,716
100021,107
100043,390
100048,437
100014,349
100096,428
100011,697
100081,852
100061,852
100049,459
100010,137
100040,446
100034,259
100074,857
100076,49
100015,904
100091,602
100079,241
100080,804
100046,767
100023,464
100053,581
100029,988
100094,997
100007,808
100029,429
100091,880
100048,860
100069,671
100071,816
100056,692
100099,243
100081,962
100072,632
100080,173
100094,614
100014,59
100056,412
100000,114
100025,791
100012,521
100063,659
100022,4
100094,232
100024,167
100009,714
100044,407
100085,536
100047,766
100088,50
100054,406
100063,381
100065,151
100018,52
100036,73
100030,617
100067,339
100059,173
100090,569
100082,420
100043,848
100056,383
100055,970
100095,556
100056,796
100041,510
100005,910
100027,152
100059,362
100035,337
100065,698
100036,427
100029,837
100097,735
100073,147
100039,495
100080,495
100037,81
100013,188
100015,658
100009,525
100040,181
100014,966
100027,547
100016,617
100087,624
100026,649
100033,6
100092,35
100032,543
100024,714
100006,304
100011,872
100082,498
100071,208
100081,352
100035,90
100053,929
100088,694
100001,5
100044,489
100015,763
100065,980
100029,649
100044,682
100096,564
100056,930
100090,354
100037,735
100067,919
100090,149
100003,502
100056,384
100041,990
100089,143
100048,19
100019,267
100036,24
100028,226
100039,973
100031,318
100071,278
100009,915
100092,4
100096,519
100055,607
100065,846
100041,414
100056,138
100054,344
100003,413
100089,396
100000,326
100028,815
100023,733
100094,506
100005,873
100092,523
100050,714
100090,801
100060,200
100077,890
100021,400
100016,775
100006,663
100060,471
100021,161
100080,629
100061,13
100026,747
100072,825
100012,211
100046,956
100069,424
100030,812
100096,830
100067,946
100036,540
100033,309
100033,842
100061,948
100079,567
100074,143
100066,564
100016,499
100041,570
100066,6
100055,875
100097,58
100007,438
100025,726
100076,833
100031,340
100081,8
100088,968
100016,673
100024,787
100083,959
100038,196
100026,764
100006,450
100069,662
100081,11
100004,496
100082,484
100085,907
100019,395
100057,663
100010,110
100073,366
100087,869
100062,737
100028,546
100073,828
100029,997
100069,474
100095,413
100020,534
100091,779
100051,515
100050,415
100037,967
100097,609
100077,674
100092,852
100093,265
100019,767
100021,769
100012,678
100042,998
100098,373
100084,72
100080,554
100009,779
100016,719
100010,100
100025,495
100070,393
100039,811
100048,15
100022,548
100017,635
100033,320
100078,9
100091,806
100092,579
100001,238
100001,205
100070,606
100050,622
100003,124
100051,897
100095,94
100053,421
100027,142
100003,136
100075,159
100006,447
100051,406
100038,382
100077,450
100023,317
100033,441
100081,921
100022,706
100010,255
100033,709
100016,524
100078,322
100020,876
100013,63
100009,570
100085,143
100066,521
100091,839
100015,974
100004,148
100061,560
100088,336
100013,977
100079,282
100073,209
100059,475
100045,544
100087,365
100097,370
100084,507
100035,733
100069,408
100088,363
100068,508
100054,989
100025,888
100090,679
100075,858
100009,281
100004,519
100034,213
100045,362
100066,53
100026,666
100002,826
100060,721
100099,66
100068,10
100006,129
100038,839
100002,919
100059,484
100052,740
100081,602
100026,812
100073,727
100036,903
100062,863
100088,827
100084,577
100065,31
100069,926
100043,74
100099,230
100091,244
100017,721
100090,575
100081,237
100007,743
100024,836
100024,584
100007,439
100072,380
100059,787
100039,57
100065,678
100025,253
100059,687
100007,240
100062,214
100060,15
100079,191
100094,454
100023,90
100078,493
100031,433
100013,214
100096,162
100074,151
100017,854
100030,35
100044,968
100072,222
100073,248
100009,783
100097,889
100051,359
100073,3
100025,395
100065,89
100023,469
100086,850
100085,301
100097,220
100006,66
100096,719
100087,482
100078,811
100012,723
100078,893
100091,399
100099,259
100097,6
100019,397
100060,678
100071,853
100013,915
100050,610
100072,229
100058,599
100086,240
100010,731
100089,612
100041,635
100009,49
100009,488
100082,837
100091,275
100093,328
100067,256
100083,601
100046,394
100031,715
100076,751
100087,762
100005,960
100077,691
100096,51
100083,76
100046,600
100042,692
100019,64
100032,831
100041,310
100057,470
100094,151
100009,455
100010,59
100021,553
100058,188
100057,264
100023,201
100037,968
100065,164
100047,29
100002,221
100053,965
100080,907
100029,962
100061,786
100041,933
100049,873
100039,748
100022,759
100037,142
100068,773
100083,74
100098,475
100018,246
100030,957
100052,438
100082,979
100057,479
100044,803
100094,85
100016,15
100026,405
100036,8
100025,72
100096,560
100008,241
100089,885
100055,158
100048,906
100085,215
100035,275
100077,518
100062,676
100018,839
100044,286
100090,403
100008,745
100055,281
100069,892
100093,407
100076,476
100053,571
100035,221
100011,411
100013,607
100021,545
100004,704
100054,593
100067,984
100020,165
100056,204
100015,226
100037,496
100091,586
100085,145
100055,16
100033,241
100097,287
100053,915
100036,127
100026,194
100072,400
100059,115
100067,381
100025,909
100009,312
100085,369
100026,837
100047,185
100048,310
100006,398
100003,820
100005,913
100023,651
100026,971
100031,525
100030,73
100014,949
100060,36
100024,662
100059,689
100079,905
100090,118
100022,996
100031,109
100051,265
100070,369
100092,971
100064,403
100066,826
100053,859
100089,559
100084,552
100081,38
100016,892
100038,800
100059,692
100065,118
100029,19
100084,696
100010,864
100031,477
100005,932
100016,634
100044,648
100057,517
100087,229
100074,62
100002,822
100059,81
100055,773
100071,561
100080,221
100007,647
100013,598
100003,627
100041,932
100082,458
100097,165
100086,408
100015,888
100004,623
100065,557
100032,749
100044,136
100026,271
100001,83
100058,102
100071,769
100018,796
100010,256
100051,530
100075,153
100089,724
100067,838
100072,33
100026,507
100033,631
100099,213
100078,372
100012,832
100073,52
100079,435
100011,691
100028,287
100056,12
100068,304
100005,269
100022,655
100028,150
100021,236
100066,170
100058,791
100090,311
100066,756
100029,824
100023,209
100089,121
100060,767
100071,733
100056,918
100001,53
100070,614
100077,861
100041,482
100074,193
100071,68
100084,824
100020,330
100057,303
100063,284
100099,487
100086,714
100053,637
100056,745
100046,683
100025,825
100037,568
100076,65
100019,482
100097,812
100074,690
100065,639
100018,81
100040,101
100050,514
100026,696
100070,227
100012,283
100035,416
100040,918
100025,592
100056,364
100034,866
100078,251
100061,32
100066,659
100052,576
100049,764
100067,853
100093,108
100034,662
100050,119
100019,653
100023,991
100060,302
100028,564
100027,977
100010,276
100023,389
100032,682
100037,832
100040,331
100063,528
100038,917
100086,906
100093,336
100075,791
100076,795
100059,585
100096,846
100076,650
100068,573
100043,355
100037,953
100060,586
100034,561
100018,399
100083,874
100066,788
100028,650
100023,429
100057,605
100027,908
100050,193
100041,119
100099,465
100086,756
100055,414
100046,732
100079,570
100084,891
100068,341
100069,544
100097,199
100092,754
100080,567
100004,685
100013,220
100007,220
100074,266
100050,878
100033,879
100098,322
100094,735
100003,547
100024,810
100053,39
100038,670
100068,810
100002,371
100004,994
100080,881
100068,273
100053,214
100063,969
100067,276
100024,367
100024,847
100047,263
100086,663
100089,676
100094,533
100078,386
100042,299
100079,884
100028,995
100070,720
100047,454
100061,902
100024,164
100040,948
100074,15
100086,127
100075,165
100033,504
100009,485
100040,996
100058,791
100006,478
100016,574
100039,859
100079,16
100055,431
100061,482
100083,19
100027,614
100056,278
100015,352
100029,363
100016,784
100061,598
100005,336
100014,978
100021,794
100015,948
100053,533
100035,551
100035,185
100029,528
100059,20
100048,507
100026,503
100059,68
100075,589
100003,895
100069,428
100059,33
100040,930
100063,803
100004,371
100008,993
100065,954
100016,220
100095,621
100000,788
100038,530
100027,72
100054,776
100080,193
100018,187
100023,752
100062,608
100024,396
100040,490
100047,989
100063,346
100044,742
100017,958
100088,231
100082,56
100042,275
100019,607
100092,627
100079,755
100039,825
100008,338
100066,163
100010,237
100088,294
100047,617
100098,497
100033,96
100028,608
100023,817
100051,486
100019,484
100050,425
100042,54
100007,863
100037,236
100088,786
100069,549
100082,787
100043,171
100030,564
100055,68
100003,912
100007,840
100003,210
100077,532
100080,112
100018,996
100044,912
100003,747
100031,387
100089,575
100015,952
100075,295
100026,732
100015,847
100023,702
100065,398
100055,58
100061,332
100058,322
100009,900
100067,259
100084,511
100047,33
100097,8
100049,72
100079,428
100082,250
100040,891
100007,243
100053,368
100072,876
100021,997
100009,642
100091,153
100017,433
100032,398
100019,541
100093,532
100087,658
100023,362
100078,327
100032,569
100027,40
100026,517
100064,19
100034,175
100044,705
100063,796
100052,209
100046,883
100093,764
100092,907
100087,399
100015,174
100049,242
100094,458
100052,65
100001,525
100046,267
100017,946
100063,691
100073,942
100007,305
100094,958
100009,610
100018,961
100042,555
100018,443
100059,407
100046,335
100001,895
100035,966
100063,650
100034,563
100031,937
100073,42
100045,970
100024,119
100076,422
100008,999
100083,773
100049,341
100031,688
100030,688
100071,526
100075,598
100037,710
100077,143
100052,964
100010,75
100089,936
100025,761
100092,291
100017,230
100050,802
100081,393
100074,103
100091,306
100039,65
100026,645
100027,427
100077,802
100033,365
100095,820
100012,667
100059,485
100021,559
100089,649
100063,925
100013,790
100097,465
100097,68
100006,180
100078,736
100005,643
100034,1
100075,630
100057,128
100003,648
100031,646
100076,431
100015,275
100014,243
100001,917
100015,203
100020,508
100076,817
100019,431
100058,708
100065,819
100044,687
100018,203
100027,980
100030,633
100070,671
100092,936
100074,615
100030,426
100061,270
100029,895
100081,32
100077,110
100015,386
100039,98
100099,70
100023,308
100000,236
100034,345
100082,59
100025,370
100048,538
100056,120
100015,285
100035,245
100000,586
100064,40
100078,418
100038,913
100052,635
100030,553
100098,74
100061,324
100020,870
100073,434
100082,157
100050,86
100048,355
100035,390
100033,290
100069,150
100068,600
100039,939
100037,267
100071,685
100009,656
100093,599
100016,619
100003,194
100035,252
100013,346
100088,30
100039,44
100024,597
100058,99
100008,822
100002,531
100078,746
100004,165
100083,925
100028,58
100093,238
100019,753
100060,550
100035,215
100049,648
100034,711
100033,51
100029,855
100004,672
100071,993
100002,975
100038,909
100070,536
100002,736
100028,449
100070,345
100005,403
100088,606
100096,474
100030,759
100002,981
100049,929
100053,989
100007,263
100053,543
100075,436
100034,951
100092,233
100072,715
100034,873
100096,806
100029,335
100025,215
100036,298
100071,27
100026,797
100008,775
100077,57
100069,631
100020,545
100021,170
100082,215
100094,773
100065,181
100067,506
100030,684
100000,828
100096,122
100028,875
100067,996
100016,796
100045,334
100062,296
100053,709
100080,874
100006,30
100042,922
100047,950
100087,452
100033,139
100026,103
100027,465
100046,777
100083,752
100092,12
100075,728
100070,477
100088,896
100083,366
100079,804
100079,723
100054,457
100030,761
100061,334
100090,235
100032,987
100098,11
100002,883
100093,955
100005,39
100039,598
100011,330
100057,450
100011,405
100072,888
100047,849
100028,302
100086,94
100061,929
100098,884
100087,616
100010,229
100077,10
100091,446
100020,285
100028,658
100050,608
100058,569
100009,197
100067,893
100021,838
100030,575
100018,286
100055,974
100027,394
100044,913
100069,115
100073,704
100057,235
100091,655
100003,600
100050,548
100049,59
100096,277
100097,202
100038,883
100084,776
100049,374
100014,539
100071,219
100025,160
100053,27
100023,177
100065,555
100081,759
100052,965
100051,115
100079,803
100084,157
100033,939
100084,14
100063,273
100003,877
100016,730
100028,210
100010,859
100034,623
100083,683
100070,674
100071,231
100019,899
100015,322
100091,557
100054,470
100002,263
100011,867
100045,915
100035,873
100078,357
100065,241
100081,479
100092,298
100099,512
100095,855
100011,686
100010,390
100082,282
100091,596
100090,70
100065,480
100072,51
100096,330
100015,744
100044,186
100094,555
100088,63
100096,593
100009,315
100042,490
100095,525
100026,742
100078,888
100046,308
100006,552
100053,335
100031,311
100081,893
100083,305
100018,636
100004,846
100066,555
100072,735
100065,241
100049,439
100018,275
100069,507
100003,2
100041,325
100042,313
100058,153
100025,303
100012,346
100003,999
100033,351
100078,87
100071,916
100068,612
100065,808
100068,165
100094,355
100049,147
100003,397
100068,763
100079,203
100002,736
100030,694
100010,4
100047,4
100033,288
100075,328
100082,492
100020,749
100000,818
100061,922
100059,625
100079,388
100002,928
100039,913
100011,963
100062,328
100034,632
100098,828
100096,790
100003,500
100071,123
100053,2
100002,615
100000,866
100082,461
100088,393
100068,919
100033,659
100070,34
100065,573
100098,652
100037,428
100071,594
100017,885
100032,14
100003,239
100083,682
100063,53
100056,81
100010,849
100018,304
100024,437
100009,387
100025,793
100066,696
100079,63
100038,43
100086,71
100078,687
100094,318
100075,872
100087,999
100040,230
100048,847
100071,368
100072,875
100019,219
100027,393
100058,861
100086,971
100076,85
100092,19
100014,549
100011,279
100099,408
100061,570
100040,966
100034,35
100044,134
100083,46
100008,569
100035,711
100038,713
100000,548
100036,227
100057,293
100054,696
100074,814
100052,321
100065,627
100027,687
100076,170
100092,720
100054,986
100004,75
100051,15
100028,984
100046,939
100010,898
100076,278
100029,604
100067,530
100027,678
100036,260
100047,511
100087,374
100005,746
100059,845
100095,269
100028,912
100075,553
100022,396
100017,956
100084,835
100061,439
100016,916
100012,808
100075,230
100020,474
100033,79
100008,367
100047,104
100021,285
100031,196
100078,783
100093,762
100042,293
100092,921
100089,986
100067,28
100003,226
100044,700
100077,365
100004,551
100060,766
100072,544
100043,99
100030,520
100026,248
100077,43
100002,402
100034,477
100073,96
100092,13
100043,886
100054,823
100035,62
100077,186
100096,838
100021,52
100067,980
100028,3
100094,872
100082,561
100077,187
100033,382
100025,958
100060,877
100029,541
100096,934
100009,178
100043,88
100008,494
100038,456
100014,603
100036,411
100094,198
100061,9
100042,465
100007,594
100049,822
100002,624
100063,573
100098,11
100028,603
100077,422
100020,239
100052,457
100014,52
100093,611
100008,40
100011,246
100097,857
100045,327
100020,543
100084,945
100032,984
100069,547
100062,223
100092,980
100035,100
100037,357
100013,571
100006,234
100081,818
100083,517
100098,930
100064,751
100074,35
100048,419
100087,920
100013,56
100078,84
100068,49
100031,756
100094,866
100027,935
100000,331
100050,323
100036,548
100088,981
100037,879
100043,768
100007,462
100057,901
100005,31
100021,504
100082,265
100085,239
100052,274
100028,525
100027,11
100059,685
100080,674
100042,7
100091,143
100000,326
100090,67
100063,209
100021,918
100018,77
100021,815
100023,105
100038,464
100060,626
100040,426
100088,223
100092,577
100030,509
100096,742
100079,26
100029,848
100062,17
100075,581
100093,860
100053,178
100046,517
100031,786
100052,210
100083,859
100070,513
100025,409
100077,740
100036,360
100065,371
100036,959
100035,565
100069,327
100029,37
100042,287
100026,882
100097,26
100036,44
100025,968
100094,741
100048,279
100025,523
100058,629
100099,25
100087,971
100034,666
100060,236
100053,855
100008,316
100008,691
100029,757
100077,32
100029,76
100044,960
100079,525
100002,694
100020,62
100018,855
100073,258
100046,337
100015,117
100039,21
100060,764
100035,274
100059,127
100077,922
100077,31
100013,633
100008,201
100026,261
100001,727
100058,788
100037,725
100065,680
100090,459
100037,696
100038,709
100049,65
100054,235
100082,683
100003,299
100036,197
100013,355
100060,264
100029,853
100000,544
100079,892
100021,320
100065,819
100033,639
100027,649
100098,1
100042,886
100050,591
100085,171
100088,546
100061,839
100087,235
100053,933
100040,588
100005,267
100051,247
100001,742
100005,885
100036,130
100071,933
100041,749
100068,431
100098,960
100065,363
100097,895
100054,253
100099,469
100013,894
100029,898
100077,528
100022,263
100020,271
100022,372
100078,124
100016,16
100008,590
100079,199
100070,87
100079,171
100009,254
100096,106
100040,813
100099,385
100072,540
100002,721
100041,101
100011,994
100004,783
100026,303
100004,82
100093,794
100068,512
100012,622
100087,76
100002,699
100047,123
100014,915
100025,114
100063,768
100096,240
100050,325
100057,596
100092,467
100097,681
100061,279
100045,967
100026,80
100011,605
100068,344
100006,179
100020,342
100079,431
100044,711
100076,224
100032,7
100047,506
100080,676
100002,553
100075,259
100020,145
100082,935
100046,777
100098,434
100096,195
100094,190
100019,995
100023,754
100089,821
100002,61
100022,206
100048,455
100001,656
100078,886
100065,601
100036,639
100007,189
100013,686
100009,564
100063,654
100076,513
100088,735
100052,5
100019,707
100091,646
100081,852
100084,150
100002,748
100032,868
100033,935
100017,148
100067,850
100007,269
100092,722
100008,341
100025,102
100022,407
100054,543
100038,365
100081,677
100090,470
100017,747
100038,417
100098,527
100081,81
100030,508
100099,44
100044,276
100070,283
100000,570
100009,133
100058,450
100035,690
100029,683
100070,7
100030,934
100038,320
100009,861
100044,901
100092,856
100034,423
100097,508
100038,881
100028,653
100064,474
100095,724
100027,928
100033,266
100019,703
100012,95
100087,357
100004,312
100018,272
100082,442
100009,774
100052,961
100084,364
100060,69
100034,565
100000,572
100010,385
100021,646
100038,507
100066,474
100008,879
100006,84
100093,640
100042,87
100016,381
100081,994
100086,251
100060,262
100063,696
100006,196
100008,520
100037,444
100088,878
100026,959
100003,616
100093,933
100025,474
100032,225
100028,243
100070,429
100023,171
100028,978
100069,881
100039,472
100048,803
100021,700
100080,622
100004,573
100006,980
100054,544
100028,218
100097,584
100019,785
100088,135
100038,243
100064,211
100055,34
100077,181
100097,170
100076,139
100010,395
100056,161
100062,926
100042,43
100090,77
100035,442
100073,349
100085,305
100056,377
100026,928
100052,411
100046,385
100046,748
100064,921
100078,203
100055,33
100078,512
100000,915
100049,103
100063,734
100011,639
100014,969
100051,213
100026,816
100074,197
100082,913
100053,359
100075,960
100079,705
100097,635
100021,967
100084,918
100035,975
100011,592
100083,592
100068,479
100068,303
100063,864
100089,388
100090,701
100011,698
100095,683
100057,501
100005,777
100072,369
100004,530
100015,91
100013,276
100072,94
100074,231
100026,615
100003,106
100089,361
100075,508
100046,808
100032,562
100040,211
100097,588
100013,387
100070,568
100006,728
100061,896
100090,337
100042,996
100045,294
100040,875
100032,193
100075,145
100075,289
100016,748
100097,990
100029,992
100047,214
100097,64
100004,75
100075,715
100017,590
100077,388
100030,481
100076,224
100045,386
100071,676
100053,8
100084,55
100087,294
100052,556
100064,860
100038,810
100064,989
100077,867
100033,457
100095,408
100073,146
100017,465
100006,897
100094,771
100016,641
100088,27
100003,118
100027,414
100085,304
100047,316
100095,769
100037,930
100028,531
100062,815
100048,718
100029,303
100050,369
100034,838
100062,659
100062,960
100030,994
100074,260
100009,993
100033,428
100072,544
100042,898
100014,492
100007,338
100055,696
100084,774
100065,701
100043,139
100005,209
100051,295
100042,342
100037,841
100012,484
100006,975
100098,217
100069,82
100064,348
100049,432
100003,790
100042,96
100023,367
100070,97
100015,275
100009,222
100050,916
100050,728
100002,289
100064,57
100032,78
100013,597
100066,239
100076,707
100078,690
100019,253
100006,737
100061,187
100097,839
100057,917
100060,43
100008,780
100060,911
100005,258
100073,146
100070,72
100048,537
100093,806
100098,739
100031,558
100042,396
100018,940
100083,733
100019,824
100054,976
100018,80
100061,647
100003,213
100046,506
100067,789
100074,703
100045,18
100094,42
100071,632
100050,428
100049,564
100025,845
100084,945
100081,198
100027,836
100064,64
100002,858
100065,14
100090,210
100057,498
100074,392
100009,605
100099,30
100077,571
100031,662
100002,806
100006,103
100054,305
100094,983
100048,93
100084,947
100091,396
100043,911
100064,657
100009,150
100094,970
100018,46
100051,521
100099,900
100099,203
100097,185
100070,130
100041,308
100094,210
100097,89
100070,813
100071,904
100071,26
100052,986
100036,561
100048,769
100050,474
100067,150
100071,764
100092,170
100079,461
100094,365
100043,449
100023,905
100024,963
100067,390
100068,251
100076,789
100068,629
100042,710
100066,244
100030,162
100092,624
100070,490
100031,895
100056,669
100007,163
100016,272
100030,966
100013,991
100065,66
100005,530
100090,613
100059,637
100006,221
100010,18
100025,715
100021,755
100074,295
100038,270
100086,274
100003,74
100025,514
100097,61
100098,410
100024,180
100099,307
100096,674
100074,81
100028,415
100079,435
100045,155
100094,639
100063,91
100086,613
100072,733
100039,323
100096,970
100091,929
100030,270
100011,18
100070,563
100010,316
100054,549
100005,733
100009,820
100004,932
100027,480
100005,829
100013,654
100045,27
100012,643
100035,756
100099,766
100028,293
100001,405
100043,537
100080,256
100012,835
100032,110
100081,409
100060,270
100039,64
100058,322
100043,689
100065,665
100023,372
100008,305
100076,837
100018,547
100049,8
100019,587
100035,849
100033,896
100036,527
100034,668
100051,576
100043,796
100088,425
100004,295
100079,518
100071,703
100026,459
100084,965
100093,664
100017,721
100001,170
100075,399
100040,139
100096,639
100056,2
100070,587
100011,821
100007,782
100080,739
100042,642
100026,86
100021,894
100085,407
100013,563
100061,310
100084,100
100023,760
100019,781
100098,501
100068,842
100043,942
100042,922
100024,624
100023,437
100024,576
100095,545
100072,718
100009,585
100030,368
100091,318
100015,833
100062,159
100066,763
100085,74
100099,151
100005,125
100094,681
100072,965
100083,106
100039,157
100011,40
100029,749
100021,364
100060,393
100002,926
100080,578
100049,764
100089,925
100096,66
100004,756
100062,554
100061,385
100035,16
100011,438
100009,898
100051,56
100083,752
100073,603
100059,414
100097,764
100070,734
100081,529
100053,260
100005,551
100031,835
100072,255
100063,891
100050,315
100075,136
100048,934
100002,891
100089,814
100018,243
100017,966
100095,770
100020,346
100071,580
100082,902
100035,44
100016,924
100020,674
100037,353
100075,546
100040,371
100036,455
100001,95
100043,470
100008,391
100049,575
100088,196
100081,741
100040,473
100023,586
100044,382
100022,238
100081,826
100021,375
100088,834
100075,69
100062,780
100028,228
100044,252
100000,584
100060,334
100052,979
100065,108
100069,841
100089,552
100071,356
100074,971
100012,598
100085,645
100091,541
100054,491
100097,993
100051,152
100017,715
100028,318
100029,15
100096,320
100073,532
100089,104
100078,822
100059,425
100031,190
100061,922
100067,589
100071,572
100064,930
100040,717
100043,603
100053,417
100069,363
100062,207
100040,301
100014,493
100048,919
100056,407
100007,482
100044,322
100031,123
100063,988
100093,23
100010,479
100050,466
100052,430
100082,285
100003,126
100083,511
100045,262
100068,437
100033,253
100027,399
100024,198
100033,157
100085,202
100094,186
100049,641
100081,984
100082,866
100007,411
100043,840
100091,164
100001,828
100073,701
100006,203
100079,142
100098,997
100061,998
100044,200
100033,409
100084,32
100033,271
100075,134
100060,659
100042,983
100008,634
100093,956
100062,216
100043,493
100002,485
100060,758
100016,156
100082,913
100059,550
100053,823
100077,240
100061,898
100066,29
100013,269
100018,655
100078,187
100040,752
100070,437
100097,273
100092,821
100093,332
100032,901
100042,32
100016,187
100057,951
100040,376
100003,148
100088,732
100017,526
100070,542
100071,236
100047,414
100067,279
100037,730
100060,968
100064,226
100076,40
100049,807
100025,357
100099,469
100042,816
100082,931
100034,762
100040,224
100048,278
100030,583
100056,566
100000,325
100002,260
100008,879
100008,79
100087,815
100022,743
100011,358
100064,852
100055,794
100086,342
100046,246
100007,497
100042,676
100094,185
100091,317
100098,27
100035,514
100074,665
100036,844
100037,816
100041,636
100064,755
100005,368
100087,423
100065,689
100091,41
100097,810
100001,560
100054,951
100028,793
100013,205
100074,584
100076,880
100024,913
100001,159
100040,19
100094,608
100014,126
100045,39
100084,616
100009,600
100092,895
100095,862
100011,638
100059,103
100056,781
100087,284
100087,350
100069,278
100090,538
100097,627
100055,58
100067,399
100074,725
100046,173
100071,899
100071,189
100044,429
100062,33
100055,52
100043,672
100088,303
100071,177
100060,887
100064,73
100002,932
100079,846
100036,837
100098,722
100001,734
100004,587
100030,633
100075,754
100091,167
100024,687
100047,503
100070,314
100029,914
100082,898
100014,464
100052,456
100043,638
100072,20
100031,833
100043,647
100086,809
100046,397
100069,993
100008,80
100029,367
100032,161
100013,40
100017,993
100069,76
100016,19
100013,119
100005,791
100087,30
100069,199
100054,986
100001,594
100069,628
100061,932
100008,337
100024,835
100045,863
100040,60
100071,639
100067,837
100094,869
100080,721
100088,150
100020,598
100075,270
100067,580
100000,202
100052,511
100031,490
100056,962
100028,464
100032,879
100046,43
100024,797
100026,152
100052,29
100034,888
100001,135
100066,838
100085,635
100098,497
100037,724
100097,704
100015,594
100094,367
100026,143
100098,595
100008,461
100024,498
100042,194
100076,280
100030,471
100053,711
100068,564
100052,550
100086,616
100069,663
100099,138
100027,757
100058,310
100015,644
100075,346
100058,329
100076,158
100093,667
100032,276
100009,771
100096,65
100058,787
100027,759
100069,623
100088,787
100088,261
100037,125
100023,901
100066,915
100076,131
100058,670
100049,612
100003,206
100095,151
100034,508
100094,878
100074,754
100067,613
100007,665
100039,67
100068,943
100059,414
100032,883
100037,524
100095,456
100038,806
100012,860
100093,494
100045,249
100008,291
100021,868
100039,57
100025,358
100071,5
100090,839
100016,84
100078,765
100047,19
100018,44
100061,47
100030,681
100004,739
100003,629
100093,189
100080,55
100053,521
100085,285
100056,555
100056,22
100064,704
100017,249
100020,7
100053,655
100077,750
100038,956
100082,583
100064,978
100024,435
100047,88
100058,156
100016,862
100058,254
100076,558
100037,695
100038,36
100054,731
100003,27
100020,287
100076,198
100000,705
100095,96
100076,124
100051,837
100035,965
100068,345
100008,921
100040,50
100004,514
100012,759
100057,756
100066,587
100019,291
100079,296
100011,254
100012,289
100051,688
100034,987
100017,874
100094,6
100042,222
100061,884
100095,841
100083,132
100003,727
100093,829
100033,325
100075,613
100055,488
100022,781
100088,502
100080,275
100006,593
100033,21
100038,280
100038,498
100067,220
100090,725
100085,439
100099,324
100039,511
100068,424
100069,345
100007,940
100081,20
100075,830
100052,719
100011,600
100017,170
100025,314
100020,173
100049,255
100076,91
100008,333
100093,219
100099,698
100023,889
100067,413
100025,798
100011,320
100060,817
100014,257
100041,706
100009,833
100018,802
100056,48
100055,9
100053,909
100055,623
100054,249
100005,963
100091,339
100048,186
100084,429
100029,781
100027,644
100098,70
100016,876
100061,970
100055,247
100047,22
100036,708
100081,70
100091,468
100003,748
100045,939
100053,589
100057,490
100065,87
100046,997
100020,193
100014,931
100007,546
100082,277
100044,243
100086,969
100074,735
100019,881
100065,927
100034,625
100010,941
100001,467
100055,503
100025,344
100003,863
100000,769
100024,828
100097,405
100051,555
100089,980
100031,614
100049,893
100093,125
100044,595
100011,492
100017,4
100021,370
100034,31
100048,305
100081,428
100034,95
100083,868
100076,267
100051,802
100025,402
100094,521
100062,985
100071,462
100004,419
100052,426
100019,677
100031,312
100091,158
100099,631
100045,150
100082,452
100021,52
100029,73
100063,114
100095,382
100045,320
100041,874
100023,877
100081,69
100083,612
100023,430
100023,127
100016,355
100076,72
100023,924
100072,417
100066,931
100099,670
100063,780
100046,526
100003,909
100050,205
100052,659
100060,165
100038,33
100071,713
100009,527
100082,193
100077,986
100093,639
100045,17
100037,501
100096,326
100095,228
100011,760
100074,842
100001,263
100074,561
100021,433
100018,264
100011,145
100076,236
100055,81
100066,203
100068,881
100091,12
100001,966
100092,609
100032,263
100037,946
100043,527
100099,760
100048,11
100060,171
100038,503
100019,786
100004,842
100038,30
100053,285
100015,276
100051,902
100068,47
100092,552
100010,130
100017,633
100044,901
100041,492
100064,45
100097,587
100033,160
100007,323
100018,118
100020,346
100030,895
100067,115
100072,472
100090,83
100028,346
100051,915
100074,578
100038,451
100087,766
100075,481
100049,149
100043,962
100052,489
100095,27
100094,358
100081,210
100065,881
100067,515
100050,629
100049,450
100032,198
100029,768
100003,446
100086,919
100063,545
100029,467
100017,284
100097,346
100040,489
100023,504
100084,47
100066,856
100051,637
100021,902
100066,971
100007,841
100042,362
100078,56
100017,907
100051,244
100022,515
100042,17
100058,513
100074,795
100080,374
100080,737
100071,308
100063,20
100030,997
100096,981
100028,450
100029,454
100026,230
100004,305
100035,559
100000,411
100063,47
100026,506
100029,663
100048,286
100013,893
100063,112
100035,189
100059,923
100073,984
100074,484
100061,787
100085,903
100008,761
100011,489
100090,595
100013,36
100038,738
100093,467
100048,859
100038,828
100035,697
100095,493
100015,571
100029,130
100040,776
100094,104
100035,568
100079,583
100019,42
100000,758
100057,25
100001,392
100079,970
100059,967
100000,537
100004,180
100069,657
100094,742
100024,965
100008,845
100044,876
100054,916
100063,225
100061,777
100079,349
100021,412
100055,933
100027,857
100049,18
100065,784
100066,37
100071,437
100047,557
100089,588
100026,89
100012,520
100097,603
100041,889
100073,575
100032,266
100097,915
100072,393
100035,68
100048,851
100099,157
100091,896
100003,567
100068,91
100001,870
100089,839
100068,605
100019,536
100000,593
100034,51
100004,562
100015,987
100035,162
100073,766
100074,277
100039,223
100093,592
100004,312
100094,174
100078,436
100033,85
100075,729
100096,691
100071,82
100079,399
100082,119
100086,808
100036,62
100035,230
100086,627
100019,663
100088,211
100088,911
100019,946
100095,680
100009,776
100016,480
100029,630
100000,785
100020,555
100062,35
100050,693
100058,369
100038,815
100053,445
100042,817
100095,619
100027,612
100036,952
100065,593
100091,233
100059,656
100034,968
100075,900
100044,966
100045,724
100004,512
100023,221
100073,887
100034,182
100063,744
100002,989
100069,396
100023,533
100046,938
100058,514
100052,311
100014,801
100025,451
100052,587
100020,459
100080,866
100077,605
100037,409
100077,612
100038,866
100085,409
100062,977
100049,926
100047,158
100079,736
100063,136
100059,835
100057,988
100021,783
100031,600
100060,850
100013,337
100094,988
100095,637
100083,586
100001,16
100042,520
100047,903
100077,975
100076,60
100022,13
100040,658
100086,768
100037,702
100044,782
100037,168
100090,967
100035,146
100056,324
100032,606
100056,36
100085,707
100035,777
100074,311
100010,216
100086,762
100012,489
100044,190
100012,400
100017,819
100096,806
100071,294
100054,784
100005,15
100051,456
100042,311
100072,34
100052,829
100064,208
100031,954
100003,665
100013,72
100062,483
100058,582
100000,309
100073,687
100068,790
100003,841
100085,361
100081,843
100035,317
100008,242
100015,19
100057,31
100061,431
100035,322
100077,73
100006,765
100063,979
100076,981
100041,764
100067,553
100053,44
100084,447
100035,710
100056,513
100073,5
100073,448
100011,117
100059,981
100066,493
100038,344
100032,907
100093,78
100065,287
100009,188
100035,381
100047,246
100080,583
100061,743
100055,218
100073,462
100048,726
100052,66
100024,341
100056,196
100082,765
100046,892
100049,778
100021,593
100053,758
100055,229
100045,667
100011,428
100008,446
100019,262
100022,504
100066,658
100056,390
100023,917
100000,497
100068,65
100088,561
100077,865
100062,895
100005,899
100041,917
100024,929
100035,65
100099,879
100049,574
100028,240
100079,250
100007,109
100046,768
100056,905
100051,115
100025,394
100070,330
100054,830
100024,948
100005,883
100034,312
100066,299
100057,426
100061,421
100001,928
100090,886
100015,342
100079,293
100057,492
100053,143
100043,494
100037,166
100097,403
100092,772
100082,362
100089,969
100038,792
100026,527
100043,643
100051,635
100042,670
100048,981
100012,46
100037,278
100082,358
100096,754
100047,811
100080,979
100094,685
100005,296
100074,415
100060,957
100035,535
100028,597
100027,679
100040,604
100029,53
100036,440
100068,525
100041,325
100073,429
100017,68
100014,544
100063,166
100007,485
100059,723
100053,658
100076,311
100081,522
100004,869
100072,779
100064,170
100046,547
100019,568
100041,514
100042,420
100002,535
100057,747
100004,77
100058,267
100033,201
100064,827
100013,584
100021,825
100072,275
100007,626
100047,37
100064,709
100009,832
100018,346
100091,476
100067,682
100009,805
100003,239
100087,292
100096,489
100033,610
100038,386
100056,780
100055,517
100061,172
100066,229
100055,22
100055,383
100092,754
100000,707
100024,955
100016,61
100084,119
100035,48
100031,365
100077,770
100075,445
100012,78
100009,769
100083,793
100058,819
100032,244
100076,550
100005,411
100021,90
100041,243
100083,164
100094,644
100047,379
100089,736
100074,717
100025,480
100099,578
100004,529
100031,813
100081,540
100009,546
100092,246
100073,477
100054,856
100042,897
100040,955
100038,94
100038,475
100045,7
100075,364
100027,491
100088,621
100051,212
100053,453
100043,841
100060,144
100026,865
100012,486
100075,529
100063,746
100051,171
100029,693
100021,749
100017,819
100016,442
100043,703
100078,323
100078,926
100078,531
100089,817
100075,846
100034,262
100039,580
100056,761
100077,161
100076,307
100009,743
100040,303
100022,661
100011,796
100047,793
100012,810
100008,569
100034,924
100012,422
100009,22
100052,448
100022,821
100089,489
100040,606
100063,926
100007,941
100024,158
100001,635
100099,254
100071,679
100037,557
100078,264
100078,278
100015,268
100070,680
100070,941
100023,189
100038,644
100037,219
100039,441
100017,606
100085,761
100028,479
100002,837
100005,95
100026,698
100031,805
100055,39
100009,471
100075,778
100013,691
100056,217
100095,243
100096,457
100081,211
100032,675
100031,240
100036,596
100010,728
100034,729
100041,72
100097,1
100097,928
100025,647
100046,785
100019,973
100047,413
100051,503
100071,142
100019,534
100077,591
100039,644
100004,969
100014,358
100019,843
100076,183
100028,101
100075,474
100031,415
100031,419
100074,595
100083,500
100081,176
100070,524
100010,172
100060,336
100054,784
100099,748
100013,685
100055,555
100050,174
100090,534
100021,630
100078,73
100034,741
100018,431
100088,905
100006,317
100010,389
100098,383
100085,866
100087,516
100086,540
100049,421
100069,53
100003,921
100055,903
100079,679
100033,397
100083,903
100013,642
100084,372
100084,583
100001,98
100089,637
100083,348
100007,946
100095,443
100060,943
100057,634
100049,276
100024,797
100014,561
100094,334
100076,128
100094,420
100042,654
100003,376
100050,887
100039,152
100003,344
100043,438
100024,752
100014,679
100076,881
100056,180
100085,61
100019,653
100079,634
100056,836
100007,189
100053,182
100072,32
100017,150
100027,129
100042,870
100061,455
100025,218
100020,873
100013,13
100073,192
100090,819
100021,982
100020,215
100078,868
100045,444
100073,703
100029,150
100055,671
100055,733
100002,263
100062,49
100064,649
100007,23
100085,852
100050,412
100048,790
100080,355
100032,885
100049,619
100086,644
100043,210
100005,867
100019,197
100026,139
100019,111
100047,298
100023,38
100037,225
100040,312
100032,107
100055,846
100059,303
100086,747
100048,836
100060,903
100081,385
100066,382
100090,259
100081,349
100035,865
100063,20
100016,175
100056,430
100056,855
100096,813
100051,610
100004,359
100064,697
100071,588
100020,702
100036,783
100051,95
100046,80
100003,419
100090,423
100072,300
100012,690
466031
550826
589246
444988
479457
416003
499407
497794
477921
554979
417476
422683
436706
468978
561118
403408
509298
509710
475871
407746
503739
411274
580054
417239
537459
523493
554584
453872
587069
519781
452994
430213
430141
573954
469566
445818
478386
577938
587703
595064
482672
531666
540282
534887
498316
568897
582434
570575
485776
548417
413314
597742
517953
437607
441233
444707
549648
518877
449920
407887
464569
486876
585388
521267
553316
510265
422169
553909
576980
533978
546943
415900
514937
598568
436451
578995
451148
507705
439422
403723
450834
548571
593650
509444
561805
436971
412327
540640
510173
417266
599036
571762
490503
452469
436730
554784
529060
438688
517806
564960
505350
400851
424946
401952
411541
476256
458047
464196
448250
425227
524914
418008
549999
480663
594011
578702
524760
577469
483174
584475
573337
410752
415610
547670
497186
416428
574417
576368
463749
468881
599895
502208
416497
570899
501783
523161
529721
535308
597824
446193
504311
519259
499357
420518
458817
454944
581850
475313
591977
418279
409061
488322
562868
450690
479575
463596
444632
527217
454808
431224
509602
445540
595856
409501
524695
566474
566950
525317
520116
447007
490134
533932
412422
506655
596746
440602
419535
592997
535545
435403
523545
475565
492433
502829
451216
512020
493637
580101
582471
408247
591737
495208
508156
415248
563373
475691
578642
565529
511747
504353
555157
569163
419175
432216
544671
495041
492633
406549
517878
593831
582744
485597
437121
409377
580162
445954
411461
597824
403435
505337
479277
452324
468181
527380
509895
455296
510877
450900
459413
455013
542935
526739
418226
514622
423621
570069
555871
582282
580793
540996
568359
575577
496798
506291
455006
417400
563264
542176
561797
449627
426558
555038
420712
438448
441542
519295
474696
597300
579774
486060
426423
405845
557960
421069
565969
523487
568048
586289
498359
572589
527324
539826
575796
449472
436722
440677
420735
490272
464886
483908
439895
439586
443501
576494
424014
513975
508129
426067
525980
498433
448927
479356
400629
414274
414059
563734
479060
416336
534103
426234
570360
422716
569276
576707
414688
577380
572576
580068
500588
430702
455133
519059
478456
457573
471078
502475
465140
401345
532450
447743
454487
540791
585085
409695
510537
465469
532793
516077
588967
422400
532065
424089
402974
582572
580810
485623
588966
437021
547525
534765
547508
419747
424248
419291
463158
447401
545133
595797
408707
440665
566068
583895
524171
521842
520967
472076
466692
438102
419921
593340
557427
554164
463365
443436
437302
410138
544750
586007
521909
460100
409483
527774
527145
486255
530585
454966
458642
495037
577000
480037
451072
502963
479236
421773
446322
589856
437915
566007
421365
534422
403490
594487
594857
573605
531629
424032
408695
561227
443959
451467
564643
493727
534908
532993
494369
499077
455788
474639
545635
519050
525379
595648
485953
542423
404424
435369
580012
414509
428849
565186
559986
478144
443267
498797
571913
506053
453724
573562
456111
446284
535908
497751
572655
560119
499272
425107
500108
419481
438403
531488
568409
510001
575878
594616
483389
532823
462514
424723
481019
498185
568624
528684
503607
419550
544675
479257
403431
544783
504560
567234
403688
580057
556044
400844
497633
574331
417793
474411
434774
548815
453392
422148
547209
432647
513653
437900
513048
593720
491347
569069
498254
511724
558933
541434
551551
565492
562159
473650
447382
579933
412225
538663
544569
480838
462029
547185
499724
578947
514419
425369
519974
539735
579935
521226
584265
534695
532386
560897
473011
468776
596010
438284
440007
538102
466286
404722
407858
425892
543679
540907
583216
526822
412016
496258
444506
543171
596510
584873
495823
458349
420062
502807
498948
402434
436218
495384
582914
440011
440062
594035
556324
467714
519547
570025
516560
460930
511693
498198
468709
542724
490755
497076
507336
570914
404898
543354
533733
590854
546426
454452
538633
452697
565289
561352
527184
441055
449790
557781
567232
580206
450720
581741
553549
441373
527247
539610
465840
543557
500841
559880
418560
579007
551526
466529
592928
592152
505817
592265
483584
457400
576670
417646
459853
519879
592283
562406
587977
403880
410539
572317
588241
587157
590197
502394
427027
485888
427126
510160
453393
412478
516281
542151
412696
423825
476290
579029
436569
464463
462730
413814
556618
590837
549766
454301
459470
510540
425285
532043
451834
483733
575364
543217
526447
411002
519756
582949
475052
446138
440081
518408
455276
567529
517109
587223
494001
521913
547550
440775
573870
593332
571975
524420
440995
421350
567362
406176
434890
443768
507512
454144
406944
444694
462594
522170
422931
402448
437877
597128
409124
508584
514247
532847
473438
518256
470410
447409
458459
510071
592636
432880
510893
524333
570000
432787
413593
489478
593059
531618
407543
467979
576116
444442
556135
500329
588120
460335
476357
522198
596359
505996
588914
589517
553967
553218
415261
516139
443992
478746
449855
480682
430824
493282
568158
411128
558054
579728
519233
501200
461346
542979
597356
459424
422648
524616
411561
466605
592690
555229
473489
550903
420492
520790
520175
579858
443510
403448
400442
578463
569451
567314
554817
536557
478240
588502
419675
572025
515580
432615
537060
533368
452241
546094
529443
552189
503404
555835
529117
418396
528064
591472
531847
510780
403088
539244
593273
575596
569063
507371
542744
509027
482165
459417
592122
423815
535744
478575
546855
474102
447150
544611
467256
448281
488000
594168
430985
554174
573308
589633
480090
478913
507344
573517
452631
476556
506626
594289
504307
414767
438082
504370
