8354,8960
6989,7471
3508,4104
1899,1470
342,1301
2706,1983
5015,4126
1796,1857
471,-235
9320,8528
8324,9303
6412,6930
4283,4411
2044,2088
3501,3241
210,-53
5049,4223
4994,4313
854,350
1129,1657
5716,5962
1222,1337
1486,541
5745,5336
2786,2913
4047,4352
7314,7235
2443,3224
1727,969
2875,3641
1354,631
2105,1518
5372,5699
4698,5638
2427,2429
6590,7161
5468,5430
489,1209
5548,5146
9418,10081
8499,8679
9167,8273
3992,4160
2055,2567
9179,9271
6637,6733
1559,843
4233,4787
7626,8015
8034,8227
3845,3397
3457,4406
8640,9538
9213,8773
1845,2028
7336,6559
9273,8318
5109,5919
312,225
79,425
2680,3510
3539,4386
2681,2308
8392,8536
4814,5488
6680,7518
678,-216
6732,7158
6099,6737
797,804
2167,1872
8826,8583
1494,1076
9448,9914
9631,9757
2877,3170
8694,8782
6812,6220
9699,9134
8030,8895
7430,8313
7973,8129
1183,631
6244,6299
2316,2827
6301,6225
7706,8239
3633,2768
2268,2600
9753,9240
3533,3089
7028,7216
5286,6227
8606,9604
8905,9727
7307,7175
9093,9797
301,878
6673,7529
9797,9314
7221,7007
965,224
7947,7243
2738,3576
5227,5798
4674,3723
2906,2846
3056,2169
2587,2732
9113,8412
7266,6492
1482,2212
4069,3749
3503,4053
4667,5316
6072,5721
8162,8715
2646,1695
4798,4000
3793,2827
4491,3898
6518,5785
4681,4830
9693,9235
6400,5943
369,404
2167,3067
3356,2672
6197,6523
8591,9060
1561,886
3853,3543
1004,776
4314,3783
2870,2987
8637,8925
4785,4068
1763,963
2537,2159
6348,6583
6725,6946
6772,6328
6416,6477
8491,8070
2380,2058
7750,7169
3325,2798
5871,5934
3438,3084
5759,5306
349,503
9106,8559
3478,2931
9097,8898
8157,8853
6579,7532
631,1040
2594,3030
2063,2148
7591,7333
1988,2008
5225,5281
2996,3940
590,245
1248,799
9760,10542
4696,3816
9522,9646
293,80
2596,2687
2184,2188
1082,2081
609,284
4371,4477
6338,5572
7617,6668
3203,2813
7086,7218
7735,7930
2788,3443
5252,5054
9896,9762
2928,3338
6907,7532
1679,2198
1021,537
537,-389
6164,6211
283,868
753,175
9470,9926
9901,10553
7682,7695
2360,1542
8529,8689
3716,3341
258,-451
3193,2856
9597,8843
8547,7666
3331,2568
8854,8257
5209,4590
4161,5044
8934,9871
5159,4647
5245,4319
7314,7739
5678,6319
2694,3028
9065,9211
8265,9161
2150,1294
8957,9800
4,-59
6540,5756
6692,6752
5117,4498
7724,8350
7550,7397
7748,6783
3390,2544
416,-32
3443,3474
4337,3488
9550,9533
8406,8504
3536,4029
6714,5810
7024,7198
756,770
6312,5839
564,1325
4125,4279
3820,3552
9752,10736
1166,632
5531,5354
6448,7067
7601,8523
8451,9283
7934,8748
6436,5603
4283,3967
7218,7547
5181,5727
8352,8681
7026,6603
5598,5069
9747,8904
22,665
9128,9173
4083,4373
386,509
8919,8170
9680,10055
7401,8239
5372,6157
2006,1611
1171,1382
1726,1414
519,476
3367,2602
9,874
7531,8362
6558,7255
4679,5325
3438,3319
8832,9831
449,166
2397,2866
7710,8028
7059,7673
8201,8196
5607,4872
5274,4657
4964,4061
7733,7991
9614,9173
3100,3389
9948,10636
3695,3338
8667,8085
5718,5346
4027,3276
4906,4685
6373,7194
2461,2492
6427,5676
1022,886
6399,5629
1865,1228
8130,9071
6986,7802
7744,7193
4086,5016
1469,969
4900,5724
3561,3289
2205,2022
4560,4309
8579,8302
7210,6922
5205,6080
3084,3365
8622,8077
4688,3769
1577,2351
9960,10625
7305,7690
5218,4351
9296,8383
2347,2220
7172,7581
5112,4609
7067,7137
785,1431
6199,6947
1608,2096
6148,5455
153,176
1839,2713
7365,8030
9603,10481
4646,5501
1054,291
4831,5397
8048,8086
9132,9859
4320,4993
1456,1427
1294,1736
2868,2999
4059,3956
7294,7995
6660,5929
5800,4828
8178,8810
7759,6909
2305,2932
6847,7269
2011,2069
5087,4748
4090,3253
2959,2803
2101,1785
855,1326
3012,3807
4990,4776
7594,7108
6128,5363
2493,2009
7959,8035
8606,8919
3286,3818
7577,6765
4746,4706
8596,8830
5339,4441
7128,6842
3077,3873
7962,7175
7898,7734
4798,4013
1677,1281
1945,1001
4154,4652
2159,2635
6202,6444
1953,1754
3262,2812
511,-288
7623,8584
7827,6876
7881,8154
2378,2823
6505,7403
5300,6216
1293,1605
9813,9789
2125,1153
9738,9617
2335,2068
1547,1353
8461,9382
3980,4261
8959,8575
5051,5493
8910,8644
4567,3657
6657,6559
6739,6038
7061,7566
6678,6933
2695,2728
1795,1250
5153,4836
7039,7814
3133,3157
1457,1910
7570,6753
1762,1991
7907,7382
2517,2175
4020,3167
4259,3653
5367,5853
1660,1596
1242,325
8017,8474
8288,7950
731,-57
1530,606
2749,3099
1485,1580
8642,9162
322,1124
5591,5303
2293,2382
9069,9947
6182,6206
4651,5354
6983,6499
5857,5807
1439,1382
2518,3219
15,-543
3126,2742
3260,3109
8977,9128
6070,6521
1118,752
1609,668
4322,4133
6151,6564
7419,7978
7591,7464
9571,10019
1841,1038
2002,1343
2511,2356
1483,1993
3430,3816
5670,5323
997,1080
8222,8941
8799,7859
1065,91
7118,6565
1646,1494
6235,6568
1561,1064
69,-389
195,-258
4903,4968
3942,4919
5113,5361
7826,7172
9571,10514
3971,3204
3289,3528
9293,9408
1676,1096
8661,7696
60,-233
1136,1802
1970,1015
9979,9872
6346,6325
2914,3019
5370,5185
3178,3130
1058,453
7472,7184
2638,2829
2503,2416
2655,2871
881,580
5293,4996
4713,5004
6775,6171
3977,3163
233,875
7127,6741
6598,6834
7654,7527
5926,5960
2214,1737
6037,6016
1594,1736
9388,9836
4580,3790
2127,2977
1735,799
6691,7281
4107,3915
9729,10165
1980,1822
3374,4339
1462,1516
2508,2728
9269,10162
6304,6004
9971,10811
9714,10121
3999,4511
5535,6308
2435,2879
8492,8625
2802,2872
2124,2670
1051,457
5087,5637
1585,1300
3064,3973
5209,6171
5474,5555
3873,4614
169,394
8951,8189
6220,7149
4303,3358
8908,8416
1464,1614
9478,8776
7242,7575
4995,4093
7934,8361
6451,6413
6489,6924
6355,5584
880,739
8553,7729
3858,4652
6790,7585
9552,8571
9216,9909
1339,1919
5963,4972
460,1141
5478,6028
9323,9381
8015,8333
9409,8519
8770,8945
8251,7703
1977,1547
9699,10647
1542,1251
7976,8076
6680,6190
1673,911
3992,3060
1961,2572
6708,7127
4488,4990
3522,3440
6148,6717
6307,6320
9893,10149
9141,8951
3082,2605
8660,8844
9654,9504
1658,787
1808,1150
5740,4818
9317,9317
6819,5985
4109,4109
6459,7399
2648,2249
7911,6949
3943,4910
9270,9820
3517,3929
9957,10019
2193,2633
1776,1830
4123,3756
751,479
6342,5529
6631,7529
5351,5362
1716,1879
1092,403
9267,10219
7963,8901
1105,1431
7675,7593
370,1084
4097,3465
227,-640
114,-311
2930,3717
4660,4112
175,-200
5409,5796
7918,7030
8703,7832
4888,4846
533,229
2395,1920
7216,6754
7643,7566
5704,5179
7819,7393
1043,303
586,1264
7203,6713
7146,6711
2967,2428
2579,3538
6954,6052
2834,2774
7143,7554
2518,1815
1806,2246
6684,6982
7065,6328
8262,8058
7337,7949
6363,5788
7694,7060
3547,2774
7206,7516
7160,7149
7680,8257
8419,8598
441,5
5984,6074
630,868
6536,5935
1462,2249
167,186
3408,3089
8187,8104
2118,1679
5947,6261
9323,10092
9869,9112
9041,9797
1664,855
9754,10386
5219,4720
6192,7080
4084,3296
3711,2720
5604,6142
8588,8027
4539,3965
9706,9255
749,815
7949,7301
329,342
5743,5651
9315,9139
5243,5831
5589,5072
9049,8610
6111,5536
3885,3816
1789,911
9166,9528
3225,2989
9176,8914
2624,2775
8798,8353
1465,1313
4585,3596
9645,9944
3273,4026
9262,9781
2848,2799
6132,5957
6211,5645
1995,2650
9952,10155
2332,2075
4765,4030
4361,3781
3093,3635
3765,4554
5547,6370
1977,2255
7941,7250
3835,3413
9318,8803
513,-164
7350,7268
8229,7339
9214,9962
6237,5676
1010,814
8824,8869
1313,1265
6762,7580
8419,9194
9909,9362
7641,7446
1534,1230
5905,6196
9367,9562
1532,1418
9184,8763
7749,6763
9828,9803
2952,2619
8750,8271
2786,3447
3454,3383
2488,2246
3496,4468
4521,4001
8456,7962
9268,9919
1062,1561
79,905
5283,5554
5420,4444
815,1121
1877,2612
7754,7088
2184,1679
4964,4071
7382,7038
9435,8660
665,1200
9665,9408
8188,7315
3019,2074
8756,9674
3302,3453
2130,2607
839,1225
8747,8058
189,750
4123,4158
8462,7627
6437,6594
9765,9978
6372,7268
8673,7844
6916,7820
7459,6878
7190,6821
2250,2416
5219,6181
5545,5697
3679,4431
2512,1761
8968,8580
9859,9021
7146,6537
2775,2371
4155,4640
7159,6966
5697,5288
2679,1983
4403,4209
7967,8691
6926,6701
9254,9736
9224,9191
9169,9879
2648,1763
8986,8629
1126,1166
3947,4618
4066,4849
1833,978
9914,10667
6014,6466
8024,8511
9729,9853
2620,2000
518,1209
7308,6337
3301,2818
7105,6512
6850,5948
5202,5686
6944,6740
9857,9341
6758,7338
9726,9897
2435,3100
7042,6697
7786,7540
6292,5517
9387,9281
5889,5020
2240,2500
320,-51
3389,2908
7047,7222
4413,5258
8843,8770
6875,7770
3284,3529
9152,9707
3608,3509
8704,7789
2558,3215
3776,3508
1095,983
7065,7679
7141,7127
3514,4125
1033,767
1077,994
2270,1972
3568,3364
2727,2153
8751,9132
7503,6706
4169,3466
7489,6996
1805,2129
105,124
2905,2106
7373,6834
1888,2024
2817,3705
6415,6582
2380,1989
3780,2824
7261,7304
8400,9230
5774,5129
9256,9013
6825,5939
9915,10165
3606,3730
2006,1793
1666,1210
3334,4077
2843,2889
7088,7006
5567,5665
4933,4454
4161,3224
6025,5663
9009,8437
2570,1641
5580,5380
4980,5194
7392,8000
286,1031
2425,2274
3052,2206
6807,6615
8714,8751
953,1063
2690,2644
9511,10273
2093,2219
9271,9206
7508,7100
4189,4893
3415,3525
5677,6364
7670,7997
9483,10288
8699,8444
7268,7115
7665,7336
7258,6671
8049,8510
1494,2362
7557,6712
388,1304
8478,7775
4562,4143
8976,9085
8768,8115
9197,9903
5533,6526
3447,2988
1584,1455
6968,7619
1861,2177
5687,5059
6152,7121
9044,9930
1340,649
4003,3216
1262,1297
7776,7726
827,239
6344,6432
6536,7146
4812,4644
7727,6792
2306,2081
7025,7006
8941,8020
4653,5508
4563,5476
5935,6685
3945,3521
7451,7367
580,-381
4774,4139
8352,8182
8720,8532
6662,7061
1037,1592
1029,1745
280,-527
4414,4536
1738,1942
6412,7131
2203,1656
8595,7862
2979,2014
2368,3171
8550,7936
8778,8216
2208,1933
782,345
1373,1133
2471,3321
5930,6232
5453,5927
368,21
8652,9084
1261,2048
2359,2803
2571,3049
9972,10039
2098,2562
708,560
4410,4235
8018,8873
5486,4657
5645,5258
1343,468
9922,9032
1119,863
576,-179
3646,3686
6555,5941
5385,5745
3582,3487
1369,1416
8926,8755
551,1391
5205,5964
9038,9199
4640,4452
3744,3849
9742,9497
4738,3765
4935,5444
1874,1727
439,291
8554,9254
9827,10457
2397,1880
6714,7370
5108,4427
5446,5274
8606,8977
9469,8753
8762,9675
831,251
473,-478
1232,1322
341,-431
8628,8782
9695,9824
5746,6664
6107,5593
4346,3706
1025,1204
4619,5398
7826,7470
2889,2124
1074,1077
8085,7958
1628,2538
3896,4640
7832,6936
4382,5112
7641,7181
4640,4589
9978,10113
8440,8094
5699,5837
4042,3401
3440,2815
6439,7233
6398,7248
3047,2767
8341,8118
6496,6271
267,119
3085,3419
6281,5876
1976,2444
4873,5048
3653,4310
3829,3972
9110,10063
2753,2613
1416,1856
3394,3965
497,75
2665,2405
9557,10484
4129,4645
2870,3852
9368,9354
2923,2209
9652,10083
1197,2037
6485,6152
4176,4129
2024,2237
9469,9943
6065,6038
5582,6003
6238,5665
694,-303
7038,6969
1099,977
7585,8435
3719,2911
9490,9651
8644,8966
2311,2000
3726,3853
4560,5230
2264,2934
1832,2420
4902,4328
2407,1696
2304,2982
4352,4666
7927,7400
219,400
8978,9075
6558,6358
4769,5169
5613,5565
8366,8695
7028,7575
7977,8929
4703,4155
3620,4433
6583,6457
9540,8938
5908,5968
4637,5381
1051,469
9241,8520
2956,2103
7358,7334
9337,9424
6463,6611
66,463
9310,9715
6239,6818
3512,3796
6220,5396
4962,5508
8388,8654
9528,10234
3320,4066
9469,9964
896,1328
3843,2905
6749,7276
271,1105
8216,8348
4549,4499
6085,6459
2517,2690
3120,2373
7053,6941
6936,6604
9565,8595
3238,3989
6292,5697
7596,8577
1959,1806
5649,5150
2687,3506
7928,8451
46,1022
4165,3176
1960,1689
1079,370
6596,7311
2114,1749
2096,2129
2639,2134
840,331
4004,4022
7569,6879
5564,6200
9810,8924
3666,4290
7958,8148
4345,4389
6666,6851
4813,5283
214,53
5159,5681
2102,2587
9699,9589
792,1442
2514,2415
1562,1720
3290,3282
2153,2316
7300,7029
7645,8043
2300,3299
403,-376
8591,9035
7866,7609
5970,6204
7337,8148
7468,8053
275,485
249,-545
7543,7360
8404,7580
9895,9554
1764,1504
6608,5877
3132,3654
3962,4871
9450,8997
5847,6779
4593,4471
4316,4633
4203,4717
3239,4190
9352,10192
6132,6466
2540,2218
6446,6455
2642,2682
3732,3649
6709,6758
1941,1742
9135,8482
4553,4219
6247,7184
3178,4150
7042,7577
4822,4804
2115,1852
2603,2376
4937,4691
9929,10373
1537,867
3907,3222
940,484
3524,3811
6936,6935
5313,6060
2233,2392
2841,2318
9128,9489
5787,6131
327,-97
6694,7567
84,-684
7050,6797
6647,5961
4797,4487
7595,7775
1965,1805
3056,3601
8291,9035
7446,6552
859,512
9394,9805
3846,3147
4553,3899
1552,2388
5270,5011
825,1596
9783,10760
6761,6991
2708,3618
5274,4523
1132,958
5721,5139
692,1343
7589,6833
940,440
7921,7110
3566,3289
6173,5507
388,566
12,-824
5493,5627
2090,2337
1298,630
2195,2173
6624,7523
3787,3029
4214,4812
6615,6177
8876,9286
1280,1938
3743,3987
5202,5029
7145,6643
6849,6454
8731,9261
6326,6581
5342,5872
7288,7183
8419,9375
3907,3747
1145,518
6420,5937
5925,5707
5417,4828
8581,8330
5727,5053
3631,4599
7486,7164
5736,4817
7724,6931
1503,974
4081,4099
864,473
9564,9852
7957,7668
7871,7201
9488,10421
9492,9786
286,948
6590,7242
1316,581
7508,8292
8282,8669
5717,6576
233,-702
2262,3100
4847,5126
9797,9309
1050,1841
6084,5547
5352,4845
752,941
325,-385
5543,6283
4505,3546
4756,5247
6601,7125
954,44
1949,1708
88,978
3513,3807
1569,1240
1694,1655
4216,3865
3138,3987
3005,2505
6383,6967
5377,5746
6183,7145
4295,3729
6312,6344
7990,7177
8162,8733
386,-604
4800,4099
7786,8131
4439,5135
6553,7061
867,1024
2458,1728
7654,8184
7276,7432
5922,6067
1924,2843
9064,9445
444,180
4771,4750
6020,5837
8866,9546
4486,4637
6118,5671
3744,3045
7913,7891
7114,7834
7820,8795
477,-220
166,-496
1266,2130
2066,2496
1775,2354
6600,7269
2494,2966
7074,7528
830,489
873,1852
234,-244
7369,7561
6538,7340
9960,9374
1755,945
8614,8057
1760,1388
5934,5898
7474,7244
1613,1280
4089,3315
5640,5308
4050,4546
7734,6835
4539,3574
2857,3301
8047,8247
3338,3941
3804,3981
205,-155
5684,6547
7029,6206
4831,4589
1351,2141
531,703
8095,7752
2694,3455
7703,7263
8046,7881
9376,8488
8659,8581
2187,1294
6805,6078
2837,2387
1111,712
5268,5546
9578,9068
5557,4697
8073,7905
6096,6948
6508,7344
8459,8322
2998,3164
132,994
8180,9056
6154,5860
9483,9511
61,374
9344,8565
3770,4727
4355,5169
2253,3033
470,1292
5289,5453
7062,6785
911,1848
6079,6493
5415,4508
3470,4372
8077,8122
5488,6450
9788,10154
108,-592
9196,8372
8157,9108
6907,7743
4418,4959
4430,4386
5430,5169
1080,560
1726,2064
5180,6118
453,-472
4917,5098
6691,5843
3586,3334
7240,7620
6093,5344
4168,3899
9533,9147
175,495
2216,2858
5252,4951
3523,3158
9139,9329
4594,5136
4213,4247
5015,4661
1853,2323
2102,1362
9490,10007
182,-359
9362,10043
7307,6448
347,200
1146,474
2693,3053
1519,2469
2247,2186
1006,350
8077,7389
4059,3679
8223,7557
1584,1762
758,955
7482,7495
9492,9787
8869,8760
1535,785
4399,5057
9160,9483
9524,10091
689,606
2150,1575
8309,8531
6650,6358
780,522
737,909
5202,4811
6614,6344
2777,2583
387,1193
2718,2928
2240,1426
2189,2551
2279,2640
3146,3378
6833,6245
6998,7379
8606,8278
2052,2310
1454,1367
1580,874
8020,8291
9388,10161
3891,4078
5650,5437
390,-3
7496,8384
5995,5438
7749,7394
9222,9280
5453,4853
9670,10334
234,-233
8173,9077
1469,2043
927,470
5335,4631
9787,9697
2074,2654
3924,2954
6779,5939
6290,7230
2378,2470
7933,7066
2437,3009
6195,6129
4493,3614
7304,7178
7078,7543
2524,2931
6757,6682
921,816
3039,3564
2197,2711
1458,1442
9500,9380
9981,9868
6506,7391
5298,6054
916,-20
4322,4494
24,545
7333,7813
2379,1765
1950,1255
9943,10612
1517,1260
2578,3555
8165,8249
576,-368
2896,2999
4122,4359
1438,1916
2200,2082
5189,5603
6077,6955
4382,4983
2649,2657
1584,2336
6727,6225
2534,2551
1915,2602
635,1021
8979,8228
7732,6959
5493,6291
5883,6834
3787,4072
9425,9878
6636,6737
815,1208
1442,658
3199,3841
2338,1383
9396,8996
3101,2559
5598,4793
1320,790
4010,3196
8651,8085
3355,2676
1263,680
3859,4720
8614,8434
5863,5456
7630,7104
6483,5879
1073,367
5505,5919
325,-314
3954,3746
5785,5877
5325,6160
3792,4731
8939,9164
3600,2857
668,883
4506,4893
1161,1371
5816,5524
9618,9619
4424,5164
8634,9367
874,723
3992,3354
9975,9622
6273,6811
2953,3395
8964,9354
6938,7487
8873,9596
7361,7491
6731,6463
9530,8724
6523,6084
5468,6074
383,-226
5411,5664
5616,5600
7514,7057
801,1436
1137,1980
6665,7467
4487,5406
2821,2897
9567,9392
5697,5278
8506,9313
859,92
676,169
4363,3997
5434,6270
4913,5292
6966,6299
395,-19
5221,5969
1348,590
5327,4688
1811,2711
1346,621
9198,8646
7088,6262
9954,10888
9586,9132
5952,5567
4155,4834
5682,6140
6283,6580
822,-24
1679,774
9825,9357
8957,9679
5281,4738
7277,8082
8081,8019
9614,9374
5182,5430
7067,6100
4242,3531
4072,4118
6206,5814
7900,7923
7591,7601
8812,8381
3092,3586
897,547
5340,6047
6596,7010
2368,1479
7332,7710
8527,7856
9317,10049
5756,6105
2433,2475
6041,6298
2172,2194
4608,4543
1617,2399
8502,8767
2797,2001
9510,10072
6973,6355
2249,2757
3764,3391
7474,8371
1186,1300
2093,2845
6901,6069
6438,6212
7435,6790
6061,6806
4407,3519
1743,2153
6131,6962
3767,4052
9544,9800
3672,3652
8027,7634
3449,2786
1948,1971
5437,5544
6340,5842
722,-209
6060,5651
7911,7523
2005,2751
55,-511
2672,2691
9059,9166
8135,7545
7231,7721
4806,5766
647,55
9059,8728
3637,2778
2050,1880
664,1523
5381,5478
9799,10717
1176,485
3395,4026
2903,2238
8641,8728
8529,9071
117,-91
6580,6966
7438,7301
5082,5944
8508,8599
1930,2190
6195,6209
6623,7062
8220,8026
8582,8547
8040,7747
3388,4359
8661,8185
838,1031
3283,3345
690,344
3589,4011
5196,5896
339,1142
3830,4234
7518,6750
4573,5200
7702,7512
8825,8777
2863,2685
984,33
7278,6332
3529,4171
1280,1230
4035,4049
3954,4091
3621,3625
6087,6833
5179,5527
879,-91
4801,4140
5391,5665
1337,1745
696,-74
9042,8261
3842,3359
376,398
9700,10208
9316,8442
9550,9333
3683,3895
1274,1674
6931,7580
61,466
4863,5412
4696,5090
5080,4534
9473,9504
5462,5393
3822,3995
4826,4945
8798,8499
6626,7292
9356,9912
1378,1700
215,185
581,-81
5671,5144
3593,2680
6818,6186
1630,1460
6768,6462
4021,3762
7920,8839
5408,6191
7597,7430
4829,4440
8761,8245
8322,8718
4608,4382
7423,6583
7951,6999
4168,4467
1909,1702
6622,6148
8061,7800
9383,9454
1152,568
3870,4187
521,-335
4309,5237
8932,8318
4053,4973
9669,10497
7994,8414
2535,1706
2931,2961
3091,3772
3468,3260
9957,10484
53,503
3277,3537
3161,3771
3047,2414
6135,5166
8682,8761
7068,7879
7449,8441
1879,1722
1685,973
8698,8321
2305,2375
4161,4134
1074,621
388,171
5886,5607
5233,5219
549,1534
4974,4123
5840,5412
3302,2693
3832,3248
4851,5505
5503,5825
8851,8843
4544,4625
8981,9448
4243,4852
6230,5984
6267,6208
6079,5654
9413,8978
4471,4036
2267,2857
9917,9193
8201,9120
1156,1120
9788,10733
6515,5958
1750,1467
8967,8877
9497,9262
1802,1316
5140,4304
9715,10330
8880,8654
6779,6342
648,820
7616,6970
7667,6731
2957,2773
2918,2095
7993,8157
9778,10073
1978,2629
2587,2663
7631,6871
8649,9575
5469,5059
8653,9092
615,1393
7601,7790
6703,6284
3815,3519
5598,5129
3275,2400
1593,1435
5912,6803
9228,9618
4236,4496
1425,942
3411,3789
1785,1909
4419,3829
4461,4944
4493,4155
5124,4249
8176,8357
7215,6842
6986,6280
2841,1901
1435,781
2257,3145
8586,9100
6218,6150
5128,6101
4877,4192
947,445
4603,4877
4364,3399
2406,2540
9441,10088
5190,4584
3846,3256
8933,8619
9008,9190
6304,6860
3853,3532
7248,7395
6229,6051
7164,7923
5715,6692
8577,8124
1324,1508
5018,4763
7724,8677
4212,3858
633,887
4966,5159
9819,10657
5098,5554
8718,8171
6641,7327
9198,9634
4978,4662
31,-576
6964,6651
1893,2161
8382,7944
3887,4368
2542,3510
5121,5508
9102,9647
6972,6821
3044,3463
1767,2727
671,-67
8215,8083
934,-62
4888,5711
1860,886
2879,2695
7821,8572
5538,5306
4130,4773
1677,1941
7250,7934
1908,1461
9418,10010
550,209
3481,3797
5633,6380
5466,5774
6453,7324
5391,4826
3452,4035
3665,3304
7986,8102
5992,6595
8469,7791
3198,2276
4492,3972
489,1441
1450,682
3365,3865
2832,2988
6306,6363
6093,5708
3812,4054
5264,5938
6345,7155
6280,5791
7216,7698
5085,5476
2167,2905
317,907
7324,7002
4084,4260
9194,8490
2464,2916
2705,2065
381,834
2441,3386
92,313
4301,4227
6189,5345
2830,2891
4322,4949
2949,3517
3801,3835
7773,8511
4597,4855
1383,962
7254,6848
2197,2601
7814,7171
568,-403
8886,9214
5121,4376
7777,6911
3042,2074
438,1048
8448,8136
1701,1836
2690,2740
82,540
9400,9661
6188,6198
5860,5550
9076,8291
5888,5500
4392,4398
7575,8318
5113,5552
201,-178
9023,9513
3597,2661
1957,1248
2921,3822
9918,10268
3798,4695
6700,7626
4877,5860
7217,6673
2794,3202
9995,10955
6086,6498
9220,8588
5664,5311
4596,5569
9487,9716
1809,1125
9167,8678
1730,2366
7505,6695
8697,9256
8088,7832
5291,5560
7405,7112
6980,6397
6390,6376
5850,6681
2136,2302
732,919
4729,4254
9203,9959
6818,6613
711,1460
8993,8874
8038,8333
2541,2996
8844,9098
9654,9743
2677,3461
3947,3302
4469,4976
9247,10039
9687,10445
6673,6507
6556,7128
6812,6488
8193,8538
4521,4034
1472,2046
482,-512
2316,2485
3131,3084
9727,10709
3290,2438
7293,6696
7304,7172
8803,9382
6893,6737
5788,5828
2340,1422
3058,3571
3490,4056
1584,840
2140,1175
3075,2544
7460,8260
2470,2739
1353,419
4053,4942
5736,5273
8639,8561
1402,1801
9589,9628
1883,1944
495,775
483,-15
2921,3694
3332,2604
3415,3823
3278,2571
1652,1639
7622,7727
8873,9337
7007,6556
693,877
7305,7172
2269,2321
6474,6299
1554,955
2544,2286
5629,5945
3947,2959
9991,9264
5933,6683
2006,1021
6422,7030
9772,8907
4384,5016
4207,3694
4979,4801
1909,2884
3064,2167
729,243
1485,1606
9378,9536
3385,2485
9272,8691
3001,2866
1351,1721
2603,2856
2991,2304
4008,4206
2286,2621
8042,8309
7302,7139
3934,4030
3391,3178
4508,3915
6603,6142
4072,4023
6673,6652
1789,1685
9355,9643
4956,5299
2123,1804
8604,8888
5013,4675
213,878
8203,7820
3587,4211
9257,10154
8781,7935
204,-489
3283,4058
8016,7636
2405,1744
4567,5455
7935,8281
1134,1057
1203,620
1019,89
1866,2154
2414,2179
3543,4299
6758,6105
5373,5813
8581,9542
4316,5067
7477,6653
7185,6765
4826,4766
7490,8106
2878,3664
321,-574
5588,5947
8229,7382
470,-14
502,594
6184,7089
9049,9405
7898,6931
3351,2906
5692,6138
6364,7125
9645,9321
2383,2023
6769,6198
9148,9553
57,-809
6619,6373
260,1082
6773,7084
3867,4171
1090,236
1753,905
8263,7384
5890,4924
4135,3719
6439,6317
172,-721
1534,1345
3813,4209
6544,6306
4631,5630
487,186
4243,5022
4506,4423
4444,4938
5341,4825
7470,7199
7797,7279
5151,5652
1631,2365
619,1518
2028,1119
949,492
762,67
4661,3731
8742,8841
6017,6871
14,-983
5018,5153
2985,3823
2368,2796
2021,1285
4536,3903
3793,4397
4117,4688
5239,4924
8496,8095
1868,2002
3320,3999
9940,9189
810,1172
4666,4044
4096,4265
1563,596
9903,10763
8588,9353
1785,911
8290,7435
4731,4007
6070,6734
2473,2064
787,363
1016,774
3964,3526
9321,9155
6189,7039
653,464
4919,5745
8120,9078
6378,7279
6132,5192
8898,9353
2173,2059
5728,6054
9569,10533
4764,4324
4183,4300
3221,3063
4820,4009
5972,5985
8856,8660
6801,7167
2011,1599
2723,2704
7917,7744
9873,10355
9767,9651
6100,5241
2791,3173
3330,3436
2640,3330
7916,7823
7597,6760
1568,1052
6222,6274
2572,3271
5451,5686
1855,2192
4516,3556
6676,6854
4753,4634
1609,2487
3297,2318
1153,955
8195,8791
1607,1866
2669,1683
3582,3037
2919,2414
9914,10132
816,291
1504,818
4338,5213
4398,5365
3640,2657
6323,5509
2504,1994
3367,2858
3279,2904
2388,2516
3367,2848
4110,3506
8559,7981
261,1206
1197,1815
3751,3022
2171,1929
9717,9103
2401,3330
9290,9800
9568,9150
6551,7134
7167,7754
4368,3476
6725,6503
8771,9701
4060,4166
6768,6987
2772,3267
4080,4048
7403,6924
896,1548
8551,8126
7047,7227
1724,1766
662,-323
1554,694
74,-297
488,967
8578,8613
7795,7275
2545,2069
6291,6681
829,1025
5460,5220
3723,3104
1992,1430
4669,3673
7211,8182
5768,5130
1461,1600
3406,3833
1229,989
2351,2903
5190,4319
2271,1291
7073,6540
84,-754
7610,6641
3732,4574
1183,398
5828,6386
6247,6325
7604,7961
6885,7292
6432,7309
1295,1506
1035,60
3355,3919
4505,3595
313,249
5079,4915
6830,6364
4711,4250
322,1196
5605,5355
5279,5281
9060,9598
3244,4162
7097,6140
6041,5258
5031,4100
3071,3934
8462,9040
6295,5317
9032,9405
534,809
8172,7202
9422,9225
151,-547
8998,8728
348,-623
5770,5006
9420,9830
4215,4761
781,-31
3702,3303
7682,7284
5523,4747
3128,3590
217,-224
888,404
1961,1084
4509,4612
7904,8217
7471,7276
1517,644
930,62
9639,10416
2349,1700
9276,9844
7816,8310
6941,6931
2701,2807
2691,3525
2567,2200
3975,3883
6744,6484
6085,6587
566,29
9579,10429
6370,5887
8065,8506
1861,2648
5440,4961
8056,8153
8788,8312
3370,4361
5512,6014
4510,3641
3625,2728
5925,5946
1364,2112
2882,3300
1578,873
6007,6305
3320,2758
4895,4750
1180,219
1247,1247
5574,5203
6332,6013
1738,1527
2179,2939
8111,8043
7816,7136
2578,2335
1269,1238
804,964
962,294
5250,4470
598,1489
7168,7692
6399,6070
9730,9252
6963,6207
2795,2374
3246,3361
7602,8323
6557,5862
1733,2713
8676,9579
6085,5699
1414,816
9347,9133
116,-49
9660,10628
2763,2944
5352,6036
5851,5099
1951,1693
1114,992
9304,10271
6907,7874
6738,7334
2179,1480
8477,8204
4443,4655
6276,7043
7920,6933
2130,1766
3701,3912
7998,7866
6578,6566
4111,4261
1684,2680
869,1798
9,916
2873,3637
8666,9417
2910,3348
2163,2784
928,1044
7915,7713
2276,2882
3061,2174
2483,3433
4997,5323
9316,8618
5213,4434
4113,4256
9230,9434
5189,5349
868,-8
8525,8983
4069,3835
6212,5413
2972,3537
9774,10042
3414,3647
3000,3854
5039,5808
8500,9321
9765,8807
7890,6971
971,1309
9824,9721
5488,5962
5564,4975
6348,5631
660,102
4505,3686
875,391
5362,5504
6283,6732
5247,5346
5199,4310
9036,9395
2101,1963
3688,4475
1265,844
5550,4700
5325,5363
2440,1841
2032,2926
842,1504
4183,3543
8165,8520
88,638
1161,1165
2056,1178
8801,8942
8838,9293
2378,3117
9847,9503
8508,8304
7522,7359
5955,6672
1708,2587
2757,2242
1586,1566
2332,2980
1263,306
6573,7141
5333,5556
4080,4660
1222,2116
4765,3807
1704,1308
3645,3158
2952,2662
2701,2227
1409,1925
4778,5279
8405,8165
5311,5345
9370,9722
7782,8627
987,113
6662,7078
4888,4686
7138,6964
5840,6131
7453,6554
13,993
3406,4014
7589,7236
1963,1562
5510,6120
6624,7569
6645,5855
1074,1031
8056,8963
9864,9124
8660,8730
4420,3978
4497,4666
1057,875
8944,8035
3577,4426
2259,2843
3861,4339
4285,4755
8111,9109
9998,10207
3601,2806
4680,4565
784,1006
7853,6895
9875,9308
2770,3050
1243,1629
1684,2257
7188,7766
5657,5511
6352,5539
124,-529
3062,2814
7249,8227
507,917
811,267
4441,4898
2928,3143
9857,10666
1694,1431
8164,7641
436,-174
6583,6832
9182,8281
3493,3240
5747,6573
5890,4974
278,-213
1440,2367
843,1265
9348,8532
5691,6319
9548,9435
752,-198
7047,6373
9905,9948
7178,8009
9961,9874
1272,671
2201,1412
6308,5423
9149,9307
325,629
6248,5450
9176,8596
6265,5862
4441,4349
4598,4739
1237,1355
6047,5717
5794,6497
6977,7805
5404,5253
530,-249
4203,3311
2833,2390
6087,5620
3663,4605
5261,5208
8967,9287
8192,9119
5044,5406
1996,1042
2663,3159
2889,2323
1611,1328
1964,2172
5484,5766
7954,7172
7927,7206
6422,7356
4866,5086
5938,5371
1558,2313
4916,5650
7613,7678
8273,7820
7580,7266
4451,3927
6293,6459
740,1730
7539,7656
4663,4784
3368,2809
4559,5214
742,1000
6195,6946
1068,1038
9234,10228
6288,6026
9949,10776
2349,1747
8911,8536
5672,4965
9769,10227
6844,7699
7255,8108
4736,5460
2549,3311
773,175
6635,7048
1103,826
121,35
74,-386
1705,1184
8103,7541
3716,3900
5612,5109
7167,8165
6405,7278
4995,4616
3540,3936
6255,6648
6141,6450
8450,8419
8230,8171
4465,4509
7738,8675
6999,7236
169,493
5458,6374
6936,7633
3670,2786
6792,6766
2894,2084
5169,5924
5812,5316
413,826
3633,3620
5021,5685
2609,3601
3643,2762
5725,6377
8001,7693
8920,9169
8875,9594
1554,2017
3708,3897
5369,4776
3326,4102
5064,5301
6535,7185
699,870
1682,2371
9224,9083
18,-79
4063,4594
2228,2949
3348,3334
7734,8313
8660,7904
552,892
4217,3767
2390,2484
9889,9675
919,1233
1707,2025
7990,8387
3076,3908
5470,6248
9991,9651
6625,6122
4851,5470
8607,8846
755,341
508,-405
8891,9192
259,-142
4287,4566
4868,5647
6307,6789
8942,9612
1798,1322
6619,6047
2102,2032
721,684
1746,2405
6152,6151
5759,5385
6400,7112
1081,912
6389,6560
4918,5448
4506,4282
1444,508
9847,9687
8235,7656
9824,9719
8194,8727
3486,2716
9785,8985
9330,9740
7547,7095
37,382
5939,5067
5229,5203
9228,9291
7693,6754
3466,3722
5485,5310
5118,5934
1551,2427
5517,5108
2815,2358
7748,7536
4522,4445
1958,1047
6238,5668
5795,5196
5930,6069
1313,769
8895,8374
1542,1338
8359,9358
7806,7468
1030,1645
7084,6948
1260,1563
4352,3366
7329,6734
6564,6973
5830,5688
5301,4737
8185,7223
2310,2718
5245,6019
6213,7077
591,639
8683,9253
5421,4949
827,822
1975,1180
4998,5534
7655,8637
8824,9571
9874,9034
6115,6201
277,66
511,1248
3847,4821
691,1072
7870,7412
8840,7938
1080,532
6512,6861
8359,8279
3230,3312
8525,8225
2401,2062
7517,7458
452,738
425,31
9034,8344
53,-702
9087,8959
8428,7550
7395,7560
8148,7192
184,790
1097,1219
623,130
6587,5680
3676,4171
80,-428
9347,9553
6882,7667
59,-629
4949,5235
6634,6661
2363,2415
1220,899
4766,5418
9221,8531
6225,6594
8576,8314
113,220
1974,1023
3716,3911
9067,9652
322,141
8517,8579
2503,3324
7006,6432
1864,2497
3683,3971
5987,5035
4180,3701
3856,4383
1286,1499
3114,3577
4052,4996
1047,1181
9575,9293
390,-202
6309,6880
5002,4528
6598,6884
3104,2656
6699,6807
3557,3376
8719,9110
6410,6379
8438,8677
8864,9722
4805,4770
518,-479
9002,8160
3526,3693
4457,4023
5805,5017
5815,6599
505,-235
4894,5647
4866,4368
1540,2422
4974,5786
4818,4147
6810,7057
8934,8013
3987,4284
2234,1956
9633,8687
1002,1929
5159,6145
1373,1002
6277,5696
1833,1799
301,122
8158,8803
376,1301
9430,8646
2639,2659
1254,323
6839,7231
8599,8754
4886,5270
65,-714
9868,9465
556,1329
5988,6979
4375,5083
9703,10495
1675,833
2302,2199
6546,6488
7561,7167
4445,5356
8659,8081
901,59
1747,1545
8909,8312
8156,7774
2734,2864
1887,2291
7008,7335
4195,3926
1608,1701
1631,662
4967,4100
2995,2265
6572,5895
7352,7208
5075,5605
3538,3320
8977,8054
8933,9700
8927,9416
6492,6354
992,951
2607,3577
9191,8849
3030,3856
2731,1772
9366,9416
1077,1805
2959,2094
4409,4009
5138,5274
629,432
1517,2220
7001,6092
6389,6198
9398,10271
249,864
2691,1982
7780,7310
415,-415
8081,8416
4614,3741
9569,8816
4349,3503
1844,857
4470,5151
3904,3352
8224,8107
8006,7365
4101,3747
802,508
1552,1071
3704,4038
698,-221
8931,9361
9900,9731
9067,9649
3053,2140
104,-413
3968,4612
1573,1395
8484,8806
8749,8040
2555,1741
7236,7867
5458,4836
4276,3986
8169,8127
4982,4557
213,221
8373,8324
2791,3025
7721,7049
5030,5450
3578,3562
7287,6986
198,511
3444,3017
2912,2695
3581,3424
4919,5859
7325,7420
4827,4379
9266,9338
5338,5323
9867,10485
6952,7663
897,238
7581,8213
824,894
6436,6764
8220,8884
4959,4376
5674,5537
4508,5394
2764,2091
4288,4229
6406,6396
6570,6424
9736,10232
1474,2201
1120,1383
658,586
6386,7153
9957,9630
7152,6703
8262,9083
5493,5978
1420,623
7849,7472
7818,8339
4842,5761
5594,5811
9658,10020
6380,6731
4604,4905
8746,8037
9834,9968
4495,5072
7897,7285
3457,4201
3608,4368
510,1238
6694,6550
7755,8278
2665,2597
8001,7174
4433,5281
9444,10229
2869,3213
489,1292
3076,2471
9122,8520
557,253
6295,6614
1233,1428
7624,6715
9254,9894
7330,6993
329,1094
9181,10131
1036,615
6323,5443
8178,8009
2575,1963
6617,7061
7677,8444
8585,7880
3896,3788
820,427
4022,4664
9338,8641
6858,6623
9846,9514
6492,5890
5024,4435
8316,9277
8680,8222
8837,7959
6563,5919
9202,8979
4616,4868
3317,3640
5140,5805
8159,8263
2538,2228
5740,5541
5593,6116
1284,1341
2501,2859
2092,1286
9824,9603
1490,2174
8833,8135
3596,3079
2546,3289
8577,8220
745,187
2986,2855
3036,2569
2193,1697
9423,8488
5457,4925
2665,2479
284,323
5930,6450
9175,10154
9702,10227
9077,9130
7223,6574
416,-479
3530,4302
3345,3525
3022,3702
8878,8844
222,-613
9619,8881
6204,5908
4218,5158
8390,9023
640,1387
4981,5797
5652,6508
3793,3838
3659,4393
1238,319
2302,2478
8239,8454
2193,1946
6992,7074
7667,7331
3858,2923
3175,3766
6479,7422
6970,7416
4742,4771
6319,6860
4448,3710
9190,8691
49,393
3917,3600
6192,5940
7757,7766
6376,7220
3981,3547
7013,7198
124,-870
8361,8698
3669,2848
6728,5978
234,316
6977,7204
9788,9049
7344,6817
4186,4822
8440,7497
2668,2009
1143,1765
5086,5748
5708,5309
5753,6391
1962,2099
4952,4744
2343,3042
3013,3070
5418,5379
4440,3661
3818,4706
9054,9574
9936,8983
8124,8163
3275,4232
181,875
1930,1866
7687,7879
5039,5844
9560,9086
7489,6505
6731,7030
969,1525
9067,8626
4490,5023
3288,3642
6685,7642
1016,267
8705,8729
7909,7212
1940,2871
6656,6023
4153,4575
1552,2386
5554,4760
3009,2450
773,187
6889,6504
5095,4762
5063,5477
6674,6342
8635,8959
6400,7088
1171,470
7371,7263
4217,4725
3086,2970
3469,2522
2890,3436
8886,9689
2211,1538
3325,2435
9188,8872
6413,6855
7907,7168
5796,5175
183,81
7493,7884
6249,5798
4701,5629
4838,4507
9397,9388
1835,2628
2563,2267
6400,5849
9297,8832
6713,6316
298,-167
7217,6463
4510,4861
6598,7577
5398,4973
3167,2885
59,14
6163,6255
6827,6362
8090,7817
475,-222
9355,8737
3156,3272
2828,2953
2923,2806
8000,7202
3949,4561
3118,3331
3288,2389
1470,1015
4741,3809
8013,8842
4322,5280
4765,4676
3952,3027
9222,8960
2731,3684
8696,9227
301,-320
863,1555
1842,1688
6744,7649
9338,10329
4191,4911
2978,3026
6083,5476
5013,4714
27,396
2613,2329
5347,4665
904,710
9233,8792
7683,7049
2819,1871
6080,7075
1274,1008
2392,2936
4682,4780
7389,7159
4540,5140
2970,3062
5374,6125
3031,2645
5118,5592
2531,3186
4194,4636
3780,3812
4654,5121
2022,1464
8003,8935
2161,1313
7855,8683
4542,4330
3622,2834
2859,3104
992,1962
5184,4890
4595,5016
2985,2865
7351,8218
4574,5450
2897,3324
7282,7064
1412,1951
2475,2064
9493,9033
1366,1173
9983,9311
4097,3468
5417,5153
9829,9207
2616,2377
2600,3340
2113,1725
944,-10
9665,9545
5001,4584
7887,7505
9791,9173
1598,873
1698,2000
8964,8243
2326,2418
7423,7771
1772,822
5683,6007
9251,10024
1243,1516
7879,8875
152,565
6011,5137
1632,1441
703,1640
7954,8815
7232,6392
1345,1378
4237,3969
8453,7967
8872,8782
2390,2232
190,666
9245,10238
2906,2734
6014,5115
2244,2064
3162,2344
5528,5829
9540,9924
5476,5258
4192,3211
8073,8356
9872,10568
8766,8871
299,-688
1785,1596
9665,9200
7425,8349
1592,635
6687,7255
7273,7599
8825,8296
3739,3695
4192,4311
3753,3446
9769,9298
3731,3419
6695,7598
2177,2075
7263,7453
7117,7895
283,-284
3155,3644
840,428
140,-123
1833,2276
4333,5098
6495,6553
4952,5201
9275,8602
1725,1925
2769,2028
7187,7043
5320,4466
2281,2889
9965,9628
8865,8001
508,1280
8964,9165
4305,4188
4316,3633
3689,3608
9680,9570
63,-715
3620,3473
988,825
7070,7024
495,1280
722,100
2964,2154
5702,4983
1915,2068
8180,8751
4079,4923
9357,10331
3853,4362
6812,6087
963,1610
7250,6820
7781,7498
7252,7263
2557,3410
61,143
3203,3259
6712,6677
2139,2808
2644,3358
9581,9604
619,68
5157,4762
2966,3851
1932,992
3781,4318
6976,6776
3065,3947
435,29
4608,5229
8548,8263
1209,632
2121,2052
2774,2034
4312,3502
5415,5057
1827,2155
1752,1357
3509,3083
6962,7613
1044,855
7444,7533
182,-546
2217,2294
4556,3888
656,674
6484,5680
751,702
4127,4317
1753,2487
630,258
2993,3797
3264,3263
3085,2114
9648,10134
3147,3920
2243,2970
4429,3647
3185,2987
3569,4289
635,44
640,271
2812,3217
9343,8351
4784,4532
5278,6100
3586,3180
247,1026
7262,6580
4054,3872
6108,6260
7749,7465
2472,1881
8891,9596
1853,2045
9650,8945
4179,4109
4433,5249
5572,5212
225,405
9064,8423
5717,5015
3514,3354
7228,6365
5494,6364
1130,1472
9877,10334
6239,6816
4930,4795
940,1691
547,1459
3301,3254
1348,2082
5015,5732
925,550
697,649
7891,7352
6235,5842
2296,2686
8946,9479
7982,7746
8755,8501
7677,7373
4894,5549
6880,7553
3089,3179
9482,9949
8319,8735
3514,2871
1858,1037
3545,3500
3454,2595
6815,7054
4277,4938
9038,9240
6336,5884
5274,5853
4296,3716
1655,819
4226,4187
3005,2984
588,450
2967,2473
6831,6875
7403,8273
925,936
869,910
1023,830
8946,8498
9786,9801
247,125
1941,2016
3883,3132
4368,3902
7910,8296
5640,5358
9490,10048
4390,4760
2915,2447
2437,1647
3634,3498
3486,4063
8147,8744
916,1330
3282,2649
4602,5240
3164,3215
6727,5802
2875,3362
3101,2508
128,864
4980,4962
9966,10168
1259,918
578,833
884,1815
8168,8570
1569,2280
870,1391
2787,3426
7844,7540
5324,4408
3613,2809
5540,4687
6189,6318
8127,8387
4353,5115
8761,8811
3270,3486
2838,2301
4604,4106
1912,1655
8044,8952
2075,1839
7308,7842
5944,6869
8721,8463
5483,4829
8248,8662
7185,8084
3797,4171
4738,4824
3014,3771
932,1426
4849,4657
4290,4431
4858,5027
8581,9543
8898,8534
9104,8571
6996,7112
1314,1991
1429,865
9522,9081
1604,794
271,861
8515,8152
2694,2845
1137,802
7234,8118
6797,6202
2961,2097
3420,3348
4565,5346
487,-305
6092,6482
2052,2509
3021,2695
945,1665
9838,9010
840,1104
1084,208
4886,3908
1823,2621
625,1530
5321,4994
7553,7033
9097,9993
1029,157
3955,3133
7878,8483
6835,6259
9742,10635
2690,3280
2161,2328
9485,9214
4135,3278
8541,8890
4257,3567
2014,2353
6810,6156
4327,3795
5355,6279
7786,8271
6381,6918
665,488
5531,4664
530,294
874,1181
9506,10102
9594,9427
3536,3207
3252,3429
2853,2759
4150,5116
8872,8952
1443,729
4151,5146
7970,7380
5585,5766
4842,4893
5657,5588
3722,3508
4115,3289
8075,8268
5901,4954
3745,3941
6999,7010
147,337
556,1152
8151,8852
6236,6297
2175,2059
7930,7377
1084,621
2596,2067
2937,3456
205,-30
7899,8871
9206,9117
5654,6316
6433,6840
9601,10173
600,1035
3274,3716
7431,8130
7753,7854
643,1410
6363,7016
3087,3842
4003,4423
5105,4539
7082,7577
1169,1742
9487,10312
6737,6463
7087,6290
4938,4037
1595,1746
6059,5637
806,1016
1217,1416
6947,7330
9891,9318
1484,669
2723,2813
876,34
7015,7379
5356,5648
5088,6042
6370,5529
5984,6097
451,1225
8717,9323
6837,6180
9595,8748
6654,6311
1137,315
3898,3121
1833,1337
6962,6625
9861,10656
7436,7967
9370,9167
6347,7195
7985,8302
6970,7018
8738,9031
4940,5013
7193,6327
4551,5110
126,-447
8812,9312
5237,4750
4986,5854
9439,8698
5426,6386
3002,3247
8091,8300
327,-176
1361,1029
4074,4131
537,659
2611,2852
3868,3213
5442,6147
6816,7386
9018,9642
8679,8864
3924,3667
3463,2700
2815,3766
3965,3978
9462,8877
1487,875
3162,2532
6798,6854
8694,9685
4810,5703
9041,8347
6347,7073
5210,5657
5865,6170
2568,3293
2525,1546
4286,4504
1531,1845
9987,9821
1912,1800
9667,9599
5319,5259
7387,7408
7533,6588
216,390
7759,7654
9295,9119
9098,8250
2356,2466
1217,849
8099,8821
8432,8410
5318,6244
9495,10430
953,590
1918,1539
2376,1705
8358,8193
8539,9279
5865,5765
9826,9857
8189,8123
9783,9578
4074,3093
1819,2384
356,1042
7061,7159
23,-909
5541,5691
6803,6653
8130,9121
9984,9296
4772,4954
2920,2603
7300,8196
3277,4075
2145,3048
1683,2199
9771,9930
8040,7911
6189,7008
8909,9227
3145,3036
8215,9096
9053,8239
7883,7536
719,952
9608,9507
3319,3631
3434,3474
2663,1744
1255,2199
3212,3508
2057,3019
9282,8820
7075,7891
5795,5047
5347,4626
7435,6929
1990,2406
6044,5837
5506,4639
2598,2341
7244,7556
5165,6106
5431,4612
367,744
7438,8426
4256,3875
1423,2294
748,506
1822,1328
8993,9660
3995,3655
7527,7787
243,539
8720,9041
204,293
8695,7940
2853,1942
494,51
9166,9743
7714,7574
5038,5128
3221,2990
5044,5426
6153,5483
6102,6979
2431,2573
6163,5199
9171,8703
8201,8626
5925,6135
4805,4226
7808,8024
5383,4653
2409,2566
1689,850
8571,8626
8036,7082
3433,4188
1916,1822
3932,3592
3781,2992
9953,9798
9942,10356
5647,4938
9046,9297
6816,6077
6187,5849
736,699
3356,3336
1748,1811
922,-73
8034,8655
2128,1718
9930,9249
7005,7541
5355,4829
5839,6746
4939,4472
3158,3478
3087,3496
2138,3119
9308,8798
9367,9913
4980,4033
2417,2694
7222,6280
4608,4114
4799,5223
1248,1705
6336,6870
2207,1840
9782,9763
3952,4529
4918,5365
7721,7561
7501,7842
3213,2368
9646,9376
4164,3616
4048,3831
1843,1525
6389,6892
7516,7045
5121,5639
8652,8999
4761,3916
2488,3425
9327,9330
6447,6384
7297,7968
50,-755
1009,1739
5006,5305
1378,1441
7054,6065
733,492
2702,3096
8694,9417
4047,4498
5583,4672
1579,2555
4600,5017
5108,6097
3276,2498
6238,5911
8255,8539
6350,5754
1766,2200
2393,3209
1148,900
8567,7614
3209,3141
1859,1225
1692,2235
2096,1789
9156,10033
4781,4659
5058,4993
2672,2083
1418,2009
2541,3006
8848,9111
8146,8467
5712,4977
7260,6719
6851,7211
5616,5896
3044,3119
9177,9401
6164,6928
8664,8595
5461,4736
1898,2543
8349,7465
7581,8200
6309,5980
5937,6081
7367,7627
1490,1271
3546,3058
4568,5560
5937,5694
2674,3331
3286,3208
7644,8394
7307,6383
8558,8500
3485,2948
1132,931
4415,4033
9295,10055
2001,1700
1908,2193
7850,7295
482,-402
5013,5352
6656,6124
5142,5115
1872,2557
1150,1017
336,876
5985,5770
2915,3534
4823,4074
6381,6750
9000,9763
1389,2282
1500,1394
9773,9092
6723,5726
662,-240
5093,5469
6267,6871
3247,2626
3140,3946
1335,1750
2846,2701
1655,1483
9356,9663
8779,8780
9936,9069
1559,2096
2774,2295
4129,4314
1091,514
4587,4522
5407,5275
4511,4198
6631,6894
769,1596
4543,4731
4394,3709
9491,10189
6055,5780
66,-55
6118,6903
3258,2731
5300,4928
3539,2994
3193,2464
1480,2088
7764,6888
1618,1351
2934,3895
4926,4409
1972,2644
1755,2752
1246,1452
3295,3600
2823,3182
9010,8408
7690,7902
10,647
7565,6746
8206,7980
8047,7313
5481,5765
8388,8944
5074,4607
4154,4953
3057,2983
2091,1314
746,1047
7890,8180
8369,7629
1706,1840
4413,4976
919,1724
5139,5837
5292,4479
2957,2403
8319,8749
838,1749
5194,5103
5029,4994
5530,4989
8464,7680
7547,6677
7084,7530
2824,3363
3463,2719
3958,4531
2577,1665
7778,8076
5490,5098
7344,7250
4001,3214
1225,530
5437,4650
1477,1737
8529,7723
4416,5354
8857,8307
3157,3060
6872,7495
1401,2088
6566,6834
3795,3999
4100,4135
5062,5989
1519,1956
7491,7530
8648,9046
4429,4545
5096,5091
791,309
3803,4527
6382,7216
697,1135
5148,5650
968,30
3612,3256
1337,1397
6679,6316
6297,6086
2679,2500
6663,6726
9897,10867
4627,4422
4818,5142
2146,2977
1923,1137
3747,4449
4187,4886
8698,8234
1338,986
9624,8637
8995,9955
7599,8177
8950,9232
5487,5631
6199,5818
5285,6151
6118,6668
6936,7440
2577,1801
5036,4166
1794,2124
1065,765
4467,4278
6021,5797
8516,8020
1897,2882
2637,2380
2560,2849
4613,3766
2538,2565
9476,9006
9718,9591
4224,4245
4603,3842
8918,9073
4275,5112
4524,5173
7842,7724
6920,7293
4651,4305
5808,4921
6628,7095
8767,9100
7276,8212
9334,8438
2513,2985
5730,6277
131,982
4386,5197
7563,7609
1520,1015
193,1113
5193,4762
7115,7702
7765,7435
5211,5745
3684,3140
5402,6100
6025,5599
8895,9783
6767,7218
287,-525
1790,1759
2361,2070
6240,5479
580,1266
4658,4684
9771,10370
503,618
9127,8782
4690,4425
4817,4994
252,1002
5197,5137
91,492
3247,3474
8700,9008
1914,2021
6507,6140
743,729
7247,7342
112,-788
8129,8857
3199,3858
6794,7008
4808,5307
973,1028
8140,7586
6190,6199
5734,5022
4500,4586
709,-233
4322,5122
3768,2947
6742,6870
1918,2068
8104,7209
6765,6982
8429,8555
1117,497
9704,8734
4766,4195
5431,5772
9806,10292
7691,8198
5712,5111
997,1064
4988,5813
6070,6062
9790,10438
8066,8484
3287,4256
8607,9602
2842,2039
6628,5827
4626,3840
940,136
1753,2212
8767,7833
1228,1124
4501,4396
1403,1782
8510,8991
2863,2003
6720,6908
2322,2707
167,-521
2164,2812
7208,6463
1492,735
6285,5485
1670,2261
6697,6725
9042,8104
6576,6998
8639,9448
5817,5279
4019,4854
1729,1404
3691,2880
1728,746
9260,9513
3932,4250
6930,6036
7472,6480
7061,7102
7958,8844
3426,2872
7195,7289
4604,5154
1763,2572
3079,2565
3580,4312
7183,6514
4581,5334
5801,6000
6247,5704
8614,8490
8977,8692
810,530
4894,3989
4125,3682
1010,935
8240,7517
2903,2357
935,17
7893,6935
523,1176
1984,2232
8679,9566
9514,9426
9259,9839
8267,8347
4944,5269
3698,2749
2173,2237
1625,1726
3875,3854
8520,8546
2619,2743
4383,5197
6222,7099
6813,6549
8369,8640
825,433
7850,7561
2267,1473
6036,5212
4707,4166
6190,7127
8191,7335
40,-398
7298,7721
4350,4251
8946,8094
5246,5862
7893,8672
9902,10280
5918,5325
6574,7533
1441,2172
2046,2959
7454,7956
4234,4658
428,1286
2423,3327
2010,1634
869,243
2716,2740
8625,9302
127,308
6177,7010
8516,7622
2530,1953
4148,4285
2250,3112
3166,2306
636,140
4768,5386
5779,6384
8386,8597
95,372
9637,9219
5881,6319
3427,2506
1818,1743
6913,6244
6696,6519
6184,7122
886,587
2494,3161
9613,8853
8824,9682
4103,3464
8425,7500
6433,7371
7741,7454
2430,1884
1642,2433
980,1702
8020,7267
8283,7392
8666,8494
6704,7431
1382,1524
1878,1173
3801,3922
8346,9074
8193,8896
7298,7381
5841,6189
6460,5790
5349,5700
9761,9431
5618,4874
3766,3637
9084,9893
9695,8768
9163,9510
7745,6801
7403,6502
506,1356
197,-174
6529,7239
7779,7070
1702,1369
5783,6530
8457,9084
3165,3438
9469,9640
3713,3129
383,-283
3069,2237
2676,2919
6494,7011
7242,7409
9450,8705
566,-407
9545,9333
1770,1208
1011,353
3985,3797
7082,6604
5507,6079
4,649
6483,5500
5478,5759
9599,9520
9878,9104
3483,4094
9800,8827
2750,2341
7718,7119
6182,6176
1064,89
155,1112
8576,9436
8158,7245
3554,2900
1986,1903
2916,3466
1244,2209
2905,2459
3459,3230
5977,5938
8397,8893
9213,8223
3096,3629
4147,3159
1135,1264
9377,9123
940,1801
4065,4665
1467,1687
2941,2411
4957,5524
2760,3628
9312,9083
6497,5593
8603,8088
5175,4287
6466,6244
3289,3590
4338,5167
3860,2982
1161,1168
5102,4313
2922,2476
5067,5613
1762,1748
5645,6149
3438,2648
7771,7552
4808,5185
4261,5247
7633,7782
2981,2024
5971,6285
1422,502
5693,5450
3426,3046
3093,3787
9630,9289
9632,9659
4489,5183
845,1587
9011,9764
9118,9627
7938,8318
9931,9189
2323,1600
9341,8975
3675,3754
5187,4341
1353,1665
5891,5862
4175,4674
8800,9659
7948,8147
6117,6681
6247,6075
3779,4620
3852,4658
6221,7034
628,449
2480,2506
4024,3878
2730,1934
480,882
1897,1657
9388,8935
7675,7609
3055,3273
3369,3487
9190,8648
4970,5552
3825,4393
1189,561
7863,7127
6409,6811
5389,5683
603,339
9281,9175
460,1051
824,480
1804,2229
7164,7554
1008,1613
3898,3406
9203,9287
2078,2834
4703,4010
3881,4050
4450,3643
3161,4031
3759,2824
4209,4379
4280,4527
7332,6797
6132,5763
5817,5711
7510,6991
3795,4046
4481,3641
3659,4588
5703,5953
514,1383
6255,5328
3842,3973
568,-409
4663,5496
5343,5653
512,1103
257,-113
5799,5629
9111,8838
8435,7638
6892,6503
9013,9719
4738,4184
3770,4525
9106,9706
6085,6142
2531,1629
4170,4450
7958,8950
1445,1107
6169,6989
4132,3171
2139,1838
9307,9533
7674,8388
6214,5633
6457,5899
288,511
8290,8324
4299,3608
3613,2783
1388,2283
2365,2640
1586,2580
7150,6274
6524,6426
8201,8024
1552,2310
7619,7685
4449,4107
8854,8264
3871,4347
4994,5769
3460,3177
5269,4771
5015,5730
7419,7492
8581,9508
583,116
2571,1928
444,842
8532,8621
4853,4789
4639,4111
1352,488
9723,10634
1284,450
1003,1193
6456,6227
1912,2795
4135,3474
8665,8722
2865,2916
9772,9555
3992,4959
6750,7409
284,767
227,259
9661,10619
8190,7911
2299,2441
98,-748
2077,2685
4482,4196
7027,7742
7121,8101
8879,9378
5325,4835
1258,1001
6995,6686
5901,5065
5596,6472
5792,6596
6714,7454
3842,3439
5431,5146
7438,7779
8356,9343
1762,2527
7340,6936
5730,5805
9991,10440
1424,889
3594,3122
8200,7948
3434,3382
6814,5984
4289,4166
7669,8371
6263,6884
5973,5427
3145,3973
7476,7854
8096,7153
9185,8221
6959,6407
1598,2264
5906,4945
2450,2373
5861,6778
6070,5819
4227,4756
8758,9734
3733,4192
9162,9085
9396,9337
996,1388
2818,3810
3786,3625
4019,4977
3548,3029
8740,7789
95,457
2878,2085
1047,1988
4357,4451
7872,7644
5268,5212
8707,8662
842,1761
5256,4541
910,136
7191,6764
3226,2665
6736,7432
3043,3887
3592,3218
322,-203
5241,5826
9205,9570
3913,3988
4454,4194
2239,1647
6104,5248
4560,4862
2431,1514
7287,7019
1960,2432
4390,3828
8151,9032
778,853
1858,1060
5929,6543
7909,8772
7354,7473
1340,1529
719,1641
3921,3558
4243,3578
1329,516
2938,3741
4358,3624
7087,6678
543,638
7204,7658
4308,5075
7833,8509
8940,9709
230,1014
1796,1408
5238,5880
3643,4408
4422,3424
1431,899
6139,6301
4208,3777
9097,9960
9106,9960
2290,1364
299,264
6291,6562
6149,6998
9733,9981
708,238
2850,2310
7113,6166
321,-84
3427,4059
5681,5603
3338,3510
3820,3234
2514,1743
1869,2728
28,188
9631,8992
1470,719
5154,5555
8243,7503
1375,2144
3607,3837
7907,8875
8930,9076
1508,2356
3495,4169
4566,3725
2324,3000
3852,4527
1889,1925
8016,7156
5210,6158
288,-394
8187,7264
5900,6890
9720,9355
9283,8389
5192,6141
1529,1604
630,-309
4655,4734
1107,1510
7922,8623
9072,8662
3723,3613
3906,4534
2895,2722
1665,1766
7583,8308
581,1361
1660,2205
7247,6999
6258,6070
6735,7153
4099,4893
6566,6177
6192,6634
3783,4738
8731,9481
9076,8665
7524,7629
8391,7470
9438,8462
9731,10534
2544,2503
1421,1444
9550,9289
2304,3095
2528,1920
5379,5945
4517,4301
7057,7328
9967,9832
4237,4523
3914,4084
1245,2213
8204,8936
6391,5526
3875,4668
3310,3179
9892,9190
3521,3619
2374,3047
9115,8951
4121,3368
7979,8975
5502,6039
711,801
5032,5027
3186,2769
3514,3110
1792,1738
9559,10484
6507,5871
5428,5844
6547,7408
6849,6952
3850,4462
3120,3420
2722,3129
3478,3997
1304,1219
6089,6824
8312,7898
3862,3312
8123,8442
1430,717
2947,3300
3319,3174
4832,4744
8862,8023
2784,2142
8058,7923
3343,3440
1256,1183
1094,645
8238,8812
7154,7966
3171,3276
2698,1917
749,630
1843,1865
9608,9469
5736,5098
1371,717
9899,10092
6196,5618
6917,6279
637,-112
7828,8164
7076,7361
5946,6632
3451,4388
6346,6663
9298,10180
67,1063
4819,5120
134,521
1764,1175
7027,7633
9450,10267
2306,2543
8630,8648
8094,8163
4398,5163
9259,10206
3454,2618
5314,6142
9872,9998
1994,1180
6296,5729
6279,6114
9956,10873
1586,2345
5285,5737
1711,2566
432,193
17,-661
8858,9349
9964,9042
1624,655
5103,4150
4498,3967
6270,7211
7096,6748
686,779
5800,5037
3618,3172
8076,8822
9037,9492
581,847
1706,2196
5710,4924
35,809
6836,5935
9785,10209
9461,9998
4521,3832
4340,3900
6526,5948
3080,3877
4802,4991
1796,2692
2371,1843
1873,2719
7962,8028
2473,2149
6955,6066
157,-814
3596,3322
3387,3586
7806,8007
2096,1866
2475,3269
2266,2538
472,1197
5732,6704
5260,4726
1689,2607
4740,4496
9872,10536
1293,943
8523,8748
7251,8164
8887,9409
5436,6067
84,-804
3013,3212
9076,9108
606,35
2236,2931
8239,8273
1311,870
6073,5225
6254,6468
391,781
7946,7179
5748,5692
5916,6882
8555,9220
7937,8843
5197,4989
8519,9308
4415,3794
4793,5439
970,1479
9391,9048
8426,8693
4677,3683
2336,3027
8401,8139
6218,5362
5528,5282
3495,3146
6888,7220
7219,7362
6157,6860
9402,8815
2893,3713
9547,10371
3511,3767
3744,3862
5065,4312
8632,8715
2545,2882
7166,6545
7395,7995
4563,4793
73,7
3074,2814
1391,2003
6374,6691
1325,1829
4871,5730
8769,8133
1377,682
6858,7515
1108,1141
3596,3429
9654,9125
60,-175
2543,3033
2173,2041
8899,8056
7948,7140
3970,4709
4765,5645
27,-789
2096,2650
6082,5986
6972,6052
5967,6672
5082,5212
3126,2648
7826,8740
2645,1801
2682,3341
8372,7958
1205,1094
882,1328
8542,9278
955,283
5871,6244
7155,7711
4164,4716
1666,1949
1991,1644
5053,5418
1427,924
1366,1154
7566,8510
9572,10467
1885,2255
884,129
460,112
105,657
6073,6690
1797,2673
2050,2978
938,346
3457,3759
3575,2709
3309,3213
6093,6999
8630,8004
9064,9742
8727,8807
5116,5554
2739,2508
8746,8981
2588,3535
6505,5609
4020,4258
7171,6724
1234,262
9734,9079
9190,10135
6027,6049
1401,575
9410,8411
834,1176
6097,6212
4469,4183
2938,2267
2233,1347
9261,9763
7048,6715
2347,2659
9050,9991
2446,2838
9954,9542
8950,8625
9402,10373
5010,5285
2959,3208
6220,6599
3075,2132
8094,8286
4641,4235
2214,2098
4021,3099
7824,7788
5059,4771
8526,9192
4632,4166
436,-37
8483,8790
8639,7952
3925,4492
4188,4506
1333,602
317,-359
3117,2994
2367,3126
6843,7357
7072,6883
2479,2150
1326,1972
939,1023
6402,6360
174,-252
9602,8654
1260,1077
9248,8548
6373,6439
8087,8859
5717,5200
2894,2654
1457,1756
4130,4525
9391,9582
7476,6573
3536,4423
7623,8541
1550,850
1444,2309
690,-212
8544,9201
642,-49
8568,8402
4817,4752
3825,3865
4525,4580
6470,5924
9529,10122
6386,6832
2414,1918
8801,8295
3565,4220
1501,1225
7750,8228
9455,8863
5302,4344
6594,6567
1982,2369
2132,2344
4749,4314
5130,4451
7259,6978
730,-172
1613,762
1805,1894
7393,7879
9288,9791
6056,6807
2471,1640
8993,9275
8667,7846
4508,4711
2450,2005
9162,9286
7268,8230
7012,7877
573,806
7100,6439
5248,5538
2313,1548
7186,6748
7609,7924
1926,2317
7483,7800
1366,1554
6389,6429
5225,4378
600,1221
5521,5494
6003,6656
2308,2601
594,1376
917,1347
7021,7396
9368,9460
7805,8705
6954,7177
7162,6508
3967,3355
4346,5147
972,843
18,745
7254,7516
3561,3323
9763,9590
8091,7196
1040,957
3609,4005
6008,6383
6254,6286
9017,8918
1870,2499
5186,5161
2719,2266
5858,6815
9824,10007
2133,1455
3809,4488
1010,1374
8271,8041
9455,10187
8920,8450
8923,9643
1091,339
2438,1908
995,1005
4747,5716
3696,3200
6341,6636
5862,5085
883,-73
1680,1119
1066,1227
1514,1090
9804,9099
5126,4589
7865,7538
811,509
8085,9007
7100,6507
6205,5863
7416,7259
8138,7475
7205,7357
8846,8620
1089,1097
8083,7153
8111,7837
6757,6092
9216,9919
8742,8283
172,249
5945,5783
436,1233
9626,9853
842,-85
1751,1814
2847,2590
4638,4486
9730,9729
8370,7589
9326,8408
2544,2874
2626,3258
9885,9011
5692,5500
7593,7357
4777,4525
9951,9954
622,615
5458,4820
5620,5591
5520,6226
383,-55
5501,5020
8898,9193
8529,8308
9706,9937
1344,573
9746,9635
3440,2517
8607,8522
8799,8566
7041,7668
4890,4190
7765,8084
4171,4259
753,865
448,-181
6515,5679
4211,3810
4055,3677
5552,6535
7632,7038
4655,4462
3219,3303
8610,9492
3061,3889
3216,2825
1206,1313
801,845
8774,8736
8982,9778
7560,8017
2517,3231
8343,7881
9108,8637
9437,8688
8675,9540
5155,4299
209,-628
3301,2830
2245,1563
1186,1848
5922,6594
2578,3316
8977,8905
4175,5156
8633,9234
5248,4953
3529,3014
1553,2318
5346,4427
3812,2871
5008,5476
159,815
8478,7844
8059,8195
1626,1714
6300,7219
5885,6200
3285,4059
1993,1063
9456,9644
2531,1945
296,-278
707,1649
7304,6640
3434,2768
6746,6784
9638,10578
743,830
6263,6983
8577,9556
2335,2898
6618,7105
2479,3389
2990,3166
5959,6014
4349,3573
2456,1829
3510,4350
2468,1942
9328,9189
7398,7186
6214,6850
7560,7580
3678,3520
8426,8232
5444,4770
8847,8743
5124,5575
4916,4735
5587,6078
6382,6124
5576,5727
4984,4322
3699,3952
2574,1948
2067,3024
8836,8621
2670,2211
142,-267
8107,7384
4138,4312
7044,7889
5995,6138
8606,7877
4948,4456
9929,9655
5707,4786
5156,5329
1707,1979
17,-494
8102,7258
510,486
2057,2984
8236,7855
545,-43
5554,6279
2127,1336
7343,6797
3929,3726
9731,10275
4409,3448
3143,2669
2392,2067
2808,2434
5111,4407
5303,5938
1260,1103
9376,10286
8188,8207
823,693
9941,9884
3599,3433
5878,6707
441,883
2289,1866
8420,8680
2230,1714
3406,3738
9823,9834
8439,8134
3546,4166
7797,7082
6208,5980
700,974
9240,8506
5645,6051
5388,6120
8168,8356
2132,2132
4113,3190
7111,7849
1456,1723
5475,5210
9175,8183
8675,8837
7154,7384
9060,9439
6227,6883
8857,8534
719,1672
4942,4613
5910,6244
856,399
4236,3485
7061,6578
9685,9867
5728,4794
8016,8801
4405,3554
2629,1961
2261,2929
176,898
7332,7708
1452,1928
7922,7691
1375,382
2469,3271
5266,5581
7185,7926
1786,2112
828,376
5258,5358
5430,6059
2317,2324
526,524
8476,8232
9033,9021
856,497
1221,1447
5284,5472
3811,4046
1808,2189
8019,8516
1818,2259
5216,5600
1909,2004
7044,6982
8519,8636
8949,7999
9578,10548
8516,9456
5539,6085
3947,4097
1066,427
3051,3677
7587,8088
5565,6351
3904,3121
8779,8922
2147,1322
7739,8305
723,349
7968,8906
4043,4270
9030,9237
1515,1066
1015,2011
8411,9145
6963,7877
3027,4011
2137,2156
8941,8652
1758,2625
6624,6114
4544,4615
1072,964
7068,7611
9089,9631
3893,4222
4141,3810
4477,4068
4103,4422
7573,7320
3548,3332
1370,954
5050,5195
3195,3940
4923,4974
9573,8821
2176,3150
1174,1343
8139,8253
7702,7478
2980,3344
9483,10012
4809,4309
9164,10073
2189,3059
693,20
4699,5389
6705,7169
9296,9123
9446,10015
459,-410
925,1199
2160,1989
5514,4618
544,1027
8174,7779
7251,7940
7024,6813
4736,4104
4797,4921
9420,9951
6206,6870
1835,1522
7897,7999
3642,2676
7110,7087
6237,5881
4454,3509
5421,5329
5951,6736
5638,5241
459,721
8373,7894
2767,1774
6699,6604
2621,3395
4828,5620
168,931
9345,9933
598,1421
1882,2674
8417,8390
5427,6289
9493,8802
2835,2280
468,1023
9735,10631
8228,7579
7598,8294
4562,5246
5364,4474
3783,3331
3838,3148
8719,9437
7420,8280
4339,4815
9537,8582
8964,8644
7841,8396
2889,2350
8630,9498
6657,7310
7445,7953
1464,2429
900,1770
6304,6380
2266,2157
3555,3083
8037,7561
4775,5635
3431,2586
7617,7566
5062,4369
2416,2996
14,-930
9473,8769
9794,9672
1608,1188
5974,5352
9093,9108
3748,4610
5450,5240
311,1204
9423,9645
1417,1440
5991,6566
8957,8575
6486,5827
348,237
3245,2848
6749,6783
833,1475
4590,4627
4500,5452
6193,5758
9413,9865
9296,9921
526,228
156,-661
9820,9570
3801,4626
9890,10597
9235,9357
1457,2369
3901,4256
8581,8796
8644,9567
7714,7295
2974,3186
2986,3163
2408,2825
3555,4027
1923,2426
4703,3897
8508,8425
5801,5209
8139,7647
8159,8987
7199,7262
6963,6837
732,1703
8310,7497
6109,6307
8965,9745
1280,2167
8007,7324
1787,1971
9078,8541
1672,2335
9219,8342
6077,6685
6615,5804
2088,2094
7885,7400
2346,1443
2523,1925
1001,1436
3738,3730
9371,9998
8976,8467
7123,8060
6660,6566
6316,5925
1063,445
659,-269
7987,8228
7896,8552
5380,4779
8726,9153
1649,2101
9949,9873
578,1327
4109,3343
8029,8102
8396,8705
7095,7309
3083,2690
317,544
207,1183
1632,635
9381,10159
1561,714
5175,4758
8141,8200
6328,6048
1418,2296
2865,3560
5036,6001
789,-133
146,-72
8498,8297
5415,5544
6751,6634
1721,1124
4735,3976
8354,7856
5549,4556
2354,1464
5780,6134
1013,1588
7854,8096
2485,3094
83,-439
4924,5310
5331,5038
7993,8856
5672,5294
5307,5817
2812,1836
1682,2574
2589,3300
3156,2444
663,1077
1875,2630
2476,1605
2133,2792
7722,7580
2706,1768
8986,9605
4521,5423
6662,6106
9491,8591
7363,7188
6016,5621
8155,8783
4792,4563
1620,1789
8240,7375
2490,2682
5309,4836
10,133
6148,6428
7564,7832
3614,3747
941,588
9893,9139
6246,6052
9242,8269
8448,8967
4571,3711
9176,8533
6048,6948
7262,8074
9162,9235
6591,6999
3407,3687
6138,5613
5102,5302
3429,3774
1187,1666
8637,8442
6234,7173
5527,5153
9003,9979
6179,5608
9305,9850
7110,6731
7980,8134
3024,2442
8864,9105
7592,7320
4256,3445
6317,5742
1554,583
7942,8793
6564,7024
7935,8374
407,-183
2115,2257
4731,5717
9735,9404
2154,3114
7790,6946
6358,7333
9270,9035
8801,8671
7971,8745
9263,9090
3306,3714
7250,6792
4103,4898
8181,9077
9865,8949
4688,3830
9177,9250
3642,3799
3626,4619
9396,9265
4407,4625
2151,1533
7043,6127
4017,4262
7381,7349
1726,858
572,-29
8835,8677
9396,8533
286,708
4993,5270
4877,3965
2719,2514
3092,3019
3953,2957
1524,879
3243,3864
2499,2218
6345,6360
6820,7486
9645,8646
7916,7436
8096,8320
6253,6449
8887,8893
3355,2571
4013,4940
2913,2945
1501,1075
1877,1360
3557,3304
7185,6501
7034,7534
6242,7149
993,911
2472,1486
9330,8600
1609,1914
7636,6649
3062,3664
1001,1444
3563,3333
2446,2885
2058,1058
3331,3676
9930,10094
4595,4298
6982,7506
6405,6772
5348,5376
9445,8701
9436,8962
1077,782
5849,5577
2585,2405
2100,2178
1394,1411
8042,8558
933,770
815,612
2324,1448
4744,4207
8753,9033
6185,7090
569,-408
2996,2338
5019,5815
7235,7479
2776,3556
8805,8346
1358,2340
2953,2795
6399,5721
9392,8879
4713,3929
993,113
9928,9833
6518,6252
8743,9245
3434,3415
9726,9109
3177,3877
7382,7901
5352,5841
5943,6102
844,801
491,72
69,-523
4803,4048
2428,2894
4113,5065
7641,7690
3119,4025
6441,7040
836,1213
1290,2020
1422,859
1352,1334
989,89
6772,6905
3810,4640
3704,4323
3220,2305
958,1299
4071,4955
8483,8892
1662,1653
7721,8645
5549,4555
2661,1929
8599,7739
8722,9421
2909,3810
784,320
1840,2219
4456,3609
2626,3541
285,678
232,389
1892,2462
5336,6116
8084,8750
8946,8052
9107,9254
9761,10327
8730,7740
7863,7353
5052,4242
9932,9886
4100,3824
462,1090
7538,8521
4120,3174
3776,4573
5693,6137
1097,1292
3047,2694
4927,5311
7505,7003
8350,9266
8953,8265
8537,8258
8056,7340
5334,4494
6408,5788
5668,5360
4840,4387
3103,2901
1945,2717
9342,10293
197,950
413,1074
865,1265
7450,8146
2135,2442
6243,6794
3991,4944
2189,1213
9720,9780
7357,7888
1437,1329
1325,1817
9754,9843
6391,6326
696,767
699,3
93,-385
7289,7561
1323,1593
8017,7956
6,873
5321,6144
3450,3869
9615,9946
4933,4544
8858,8042
9892,8904
702,1580
1381,2240
8174,7890
8074,8390
2588,1764
4822,4148
5456,4515
2952,2004
820,1467
6306,5328
8359,8903
762,1218
5779,5023
6390,7069
36,569
5686,4748
4245,3844
1845,1408
2841,2035
929,164
4630,5548
3048,2941
6340,6204
6979,6316
5903,6762
2390,1443
7762,6784
9324,9596
8564,8866
7341,7112
9465,8519
4079,3197
3079,2205
6729,7146
4719,4611
481,114
9369,8666
6442,7197
5079,5365
6224,5434
7994,8253
8179,7836
2906,2939
198,-515
3376,3242
3932,4728
8093,7972
6785,6269
6491,6507
7179,7446
2242,1897
465,458
7663,7930
7729,7697
3038,3049
941,67
2853,2541
8603,9463
6356,7141
7931,8583
2283,2700
2446,2681
6692,7156
971,832
5008,4109
6580,7480
9127,8337
7470,7326
2887,2557
1393,1138
9422,9059
9320,9194
3035,3758
3537,4269
9626,9327
3312,2531
1944,1676
6913,7067
5650,6069
6280,6663
2033,2378
7832,6939
9180,9877
2908,3426
6848,7067
4839,4802
2044,1524
3537,3654
8434,8170
5531,5226
1569,1633
610,731
4384,3689
8227,8224
991,196
5818,5843
5803,6752
4156,3876
1740,1033
8998,9205
2503,2707
7148,7756
4667,4942
8012,7982
194,796
4133,4730
9310,9879
9941,9615
112,540
6621,5971
66,-732
2171,2745
7729,7800
8463,8398
8530,8094
1678,1930
4781,5627
5434,5755
1955,2414
3679,4295
6790,7331
9930,9371
9584,10503
2009,1345
230,-95
8651,9490
3392,2439
6491,7316
7654,8064
5025,4398
9465,9518
5145,5320
3552,2738
2084,1203
9807,9059
4674,4202
5435,6128
9509,8765
301,545
1864,2381
4596,4487
182,-122
4682,4379
1682,2132
7125,7640
5015,5140
6041,5043
1546,1575
330,-444
9821,9815
7228,7501
8541,8581
8280,7889
2528,2285
5596,5289
9122,9278
6720,5905
1018,249
7210,7935
2718,2937
4246,4493
2779,2991
8069,8512
4646,4930
6931,6481
7669,7422
726,543
9850,10843
7242,8117
1919,1705
3418,2467
591,0
7798,7113
5354,5777
5632,6114
1006,1929
1592,2381
7868,8482
7184,6518
2091,1137
9368,10327
9688,8718
6876,7714
8249,8075
1,424
1854,1199
418,334
8780,8987
9457,8872
8548,7813
3227,4185
9036,9972
8821,9691
2485,3322
1106,1588
5566,5300
2194,2834
3753,4502
6431,6520
3788,3502
9350,10069
8670,9594
6374,6780
7469,8456
1592,2221
2173,2350
3727,3873
7021,6517
2576,2344
3595,3834
5575,6494
4213,3719
9177,8610
3667,3648
5915,5367
8018,7725
4851,4348
3299,3770
3158,2456
3956,4655
7119,7801
6597,5724
3047,3511
1271,1158
6101,6875
9189,8490
181,911
4895,4560
7094,7697
2392,2928
8692,9105
6443,6094
8788,9604
1293,520
2998,3286
2300,2957
7477,7577
3346,4214
7308,8235
9177,9323
5508,4892
3334,3274
2104,1391
5486,4711
8069,7411
4587,4099
2274,2675
8335,7940
1593,1267
5178,5746
6435,5724
8132,7891
9264,9258
8690,8174
1512,2398
6414,7192
342,944
3171,3637
8425,7480
7975,7110
4487,3761
4121,4867
5387,5177
8696,9464
7562,8071
9910,10635
4643,4059
1367,2047
1897,2855
4823,5240
4632,3845
6985,6326
9222,8847
4241,3852
9407,8651
1017,1574
5469,5261
2646,2591
8711,9608
6451,6934
1500,2111
6823,7080
7029,6411
5956,5042
9054,8455
7287,7463
2878,2542
8519,7735
6885,6269
4051,4320
2045,1688
7766,6938
9814,9977
4708,4014
9504,9036
996,1081
8160,7762
3115,2565
1037,1906
2863,2474
968,1830
9163,8688
6938,6554
830,381
3873,3846
1736,828
7855,8698
5719,6248
939,909
6642,6450
1836,1419
5888,5065
9571,10467
165,-609
7512,6809
2144,1365
6643,5752
5639,4713
7565,7125
3901,3746
5779,6623
6339,6384
892,1589
1153,1561
1478,981
3309,3548
9131,8335
4648,4937
6149,6710
7925,7171
212,-7
1108,588
390,1275
413,982
7805,7314
7561,7778
7194,6272
9138,9526
3170,3376
4040,4228
2638,1671
7737,8339
2465,3415
1358,1723
5756,5862
5427,4927
2274,1397
2208,2795
3374,3482
4583,3693
6213,5912
6937,6445
77,-543
6117,6656
128,1101
7292,7909
968,1167
7004,7990
1492,2479
3943,3065
1577,1632
7635,8530
2087,1197
1383,1912
4436,5326
6839,7273
7354,8015
275,725
7105,7472
70,-512
8438,7905
4498,5036
4328,4549
5846,5612
4859,4486
6803,6366
6871,6914
6469,6428
1994,2760
6507,7287
5310,5643
1498,733
2284,1836
6785,6504
1952,2375
1135,844
9618,9960
7809,7788
7980,7434
8311,8043
5318,5718
3004,3203
6867,7738
299,37
6883,7268
9529,8886
8442,8506
7272,7735
4305,4860
3817,3667
2070,1139
4231,4880
2020,2659
1625,2493
4885,5280
7568,8057
7045,7040
9184,9362
296,1002
8224,9126
4181,4880
5271,5399
2987,2427
3496,3559
1501,1734
5472,4651
4907,4220
6547,6899
1823,1881
9636,9724
8286,8124
9723,10315
8637,8193
8281,8940
3758,3571
8826,9812
7190,6595
3333,2679
6848,6311
9003,8454
2706,2051
4710,4710
8497,9033
976,907
9857,9037
3045,2810
7151,7202
8334,8654
4778,5741
7146,6410
6245,6978
7582,6617
7337,8055
5361,4675
2422,2541
8020,8343
5859,6375
386,749
1693,1278
7375,6931
4229,4638
9327,8800
4448,3910
1104,1322
1349,453
7953,7485
3455,2760
2954,2240
1740,753
6854,6077
7947,7441
2736,2254
7317,6516
3425,3318
4538,4816
8775,9767
43,252
4066,3103
3032,2089
8992,9129
6387,7041
4503,4305
5093,5204
1217,1124
7791,6902
3617,2806
3504,4494
7809,8177
1438,2260
7874,8174
5156,6131
4721,4331
3188,2552
4522,5097
3547,3608
5491,5948
3949,3410
3878,4166
1932,2861
2727,2261
2809,3068
1533,1280
8034,8901
7817,7046
5945,5823
4276,4038
1994,1407
6893,6985
7379,6383
4846,5773
7170,6357
7641,7909
4877,5369
2729,3704
7523,8297
5644,5087
5825,5083
807,247
3169,3021
6400,6972
1914,2793
5477,6206
5333,5149
4284,3326
1232,437
2274,1308
2566,2542
8315,9078
688,-11
7261,8248
9217,9466
1248,891
3008,3933
5043,5322
2663,2238
6582,6939
4197,3784
6288,6744
6974,6029
8174,8004
6469,7246
2404,2025
9961,10146
954,1917
9229,9328
8208,7811
4667,5029
6298,6878
5290,4961
1649,2102
1321,551
7617,7844
9770,8991
4142,4184
1915,2544
4647,4325
8190,7207
2278,2617
7824,8396
3306,4074
4465,5299
3839,4255
7207,6643
235,568
9995,10948
1819,2070
2436,2410
1324,1910
7480,7881
4336,3958
5263,5543
633,1235
42,205
2542,1712
6621,6941
4563,4304
7242,7995
114,-615
6511,5916
5614,6583
7349,7571
6213,6506
725,1698
6821,7138
1534,648
8305,8023
2891,2728
8697,8685
632,337
7277,7457
1460,1879
4418,4148
9574,8883
5353,4590
4975,4842
5843,5597
8940,8476
5496,4875
8875,7960
3640,4621
7883,7101
2321,2510
2917,3774
9927,10277
930,1786
2538,2204
7388,7041
7153,6743
5403,5067
5286,6221
5849,4853
6082,6892
3863,3767
1822,1855
6253,5798
4583,5512
8107,8323
8206,7933
6128,5955
5556,5979
6751,7259
9642,9196
7161,6658
5152,5796
8304,8980
8000,8796
7197,7516
6202,5786
3260,3590
8586,8750
37,574
5489,5543
4018,3219
3308,3963
1486,756
9328,9945
4232,3545
8669,8679
9252,9945
3459,3757
434,378
8169,7945
325,1242
7012,7468
1874,1359
4486,5072
2166,3100
7758,8202
131,-432
711,-16
8407,8418
9163,9327
9650,8866
5447,5890
6827,7083
2808,3023
5876,6498
9598,9830
2836,2946
3318,3227
4166,4604
3794,4441
1495,1642
7087,6965
6463,7439
4810,5146
2721,3054
7142,7869
617,-84
1544,905
2479,1496
6915,6340
1697,836
711,-74
6513,6120
4304,3916
4941,4144
1659,1497
2513,2663
2620,1926
1978,2481
4902,5213
4324,4060
133,220
400,-462
8562,9538
675,841
7350,6824
4207,4130
4786,5149
87,-530
2941,2932
8446,8141
6151,6738
1025,1697
4161,4749
674,1275
6554,5695
2841,2181
7147,6351
8676,7830
1286,2083
2058,1803
7708,7700
8987,8822
8953,9507
847,1759
4371,4885
5341,6262
7521,7856
9587,10479
5137,5004
8298,8355
8604,8139
342,435
6407,7392
5609,5933
1444,1893
6689,6332
7815,8680
8313,8382
1645,1245
8778,9243
6741,6970
2689,3591
2186,1800
1973,1927
483,1400
316,713
2842,2452
4552,5424
221,-763
5814,5740
9977,9110
9218,9167
3679,3306
539,54
7879,7309
8004,7098
3844,3960
1756,1369
203,588
1483,1225
3458,2668
936,48
9665,10446
3824,4000
2936,3874
2344,2602
5671,5994
4437,4022
3867,4579
246,849
3481,3283
4461,5170
5216,5108
1495,605
175,-410
2026,2557
7821,7831
9513,9202
3040,3732
8382,8305
4229,4011
3994,3579
7804,7837
3980,4119
4756,4945
5512,4834
2734,2847
4313,4104
2909,3327
9983,10419
4538,4152
1858,1196
4564,4339
1499,709
5838,5895
2056,2154
2263,2316
4666,3957
6524,7040
9645,9802
5072,4567
3099,2731
3592,4395
5386,6008
1920,1872
5277,5894
4406,4708
1435,1069
6978,6222
5039,4139
8923,8675
7561,8469
9722,9227
7274,6961
1366,2058
5062,5047
4957,5344
1693,1385
7266,7359
5619,6417
1868,1169
2987,2488
7048,7976
4582,3876
6248,6458
1304,2276
7254,6957
4630,5386
6053,5086
6969,6106
484,312
1378,531
2772,3268
5800,5857
1832,1255
1086,404
7532,8489
3346,3551
8580,9309
5181,5607
3092,3354
707,1390
8653,8122
4181,3903
6778,5949
9198,8917
3083,2798
2916,3254
9436,9636
5891,5176
1941,1062
3744,2832
8985,8139
6130,5200
5434,6381
726,717
2104,3008
9581,10207
8644,9569
3610,3981
8743,8582
5645,6388
2544,3376
4521,4060
6208,5572
2319,1823
14,635
1898,1536
7026,6074
4657,4914
779,895
2033,1690
2223,3159
88,-106
4465,5024
8582,9357
4145,4427
5248,5213
5594,4602
4188,4465
7076,7023
2105,1259
4815,3862
3048,2833
7207,6773
3971,4602
6530,5941
7109,7001
2537,2694
6382,6607
7491,7631
5711,5346
8049,7286
8632,8280
4784,4606
3058,2102
3484,3182
3964,4365
8737,8264
2188,2625
5146,4781
3514,3422
905,651
7297,7906
3904,4655
3828,3378
675,397
3992,4501
698,-104
3950,4072
5644,6630
9835,9278
8263,9008
9672,9537
3280,2646
4560,4136
1678,1845
9671,10511
7318,7348
1119,2089
5122,5112
9408,10239
9513,8515
6972,6211
2142,2980
3275,2795
456,-268
5621,5983
6930,6248
5440,5224
4498,3535
9415,8903
5262,4738
9959,9797
3678,3453
2415,1994
3440,3970
7713,8369
5713,6432
8984,9277
1399,1068
6814,7084
525,1443
1801,1738
631,912
7921,7958
3898,3369
6425,5538
2493,2825
8188,7398
6204,6606
5582,5131
41,15
1589,1940
2700,2450
7716,8014
1769,1219
6616,5623
1513,1164
9975,9014
3594,3627
6156,6980
2750,3328
8974,9614
3213,4139
6520,6973
7725,7726
2763,3249
1950,1851
6286,6147
7331,6568
5436,5036
1483,2015
8527,8670
4650,5055
5339,6326
8642,8608
5237,4540
7268,7756
3581,4431
3632,3927
3963,4305
2720,2297
2216,1570
6570,5820
1529,1580
7975,7636
7456,7340
1817,2418
6806,7478
8785,9696
6317,7308
9417,8568
6396,6038
5843,5998
6886,6150
8336,9019
1395,1697
934,1342
6984,7124
5199,4735
220,439
8169,7857
710,-260
4078,4502
4188,4405
9586,10391
6284,6665
3132,2561
6860,7084
6171,5722
8295,8817
2768,2709
2330,3079
8906,8523
5682,5381
867,-32
8902,8911
2649,3303
4741,4286
990,224
722,977
3782,3368
3158,3325
9886,10409
4346,5031
8780,8116
1405,486
6151,6539
6160,5664
7985,7707
7068,6613
1264,2045
8109,7675
5937,6366
9621,9215
3423,3177
1961,2269
2358,3302
7391,7854
1475,1043
5174,5997
3503,3954
189,273
8739,9125
8101,7235
1738,2354
2942,2610
8713,8290
5144,5008
1477,2307
8592,8723
4594,5085
8094,8740
5975,5861
7981,8130
8951,7962
1507,1792
6615,7482
98,265
1356,605
805,1282
8258,9196
1019,1096
1573,2437
2783,3239
567,-112
1214,563
428,1384
2088,3068
8162,7275
3714,2994
2644,3328
1135,1679
4811,3983
9781,9331
6538,6430
7133,7473
9686,9588
9451,10423
300,-557
324,636
9082,8712
9747,9399
3249,3086
1919,2910
1596,778
8895,8232
3739,4290
3650,2972
4466,4478
9542,9166
8717,9467
9888,10392
975,1696
990,527
8816,8908
9596,8941
1235,1391
3029,3616
5047,4277
218,613
5323,6044
159,-655
5983,6031
3887,3116
5017,5085
6212,6918
9906,10017
3151,3435
447,-118
6393,5708
2232,1263
5420,4931
1408,1235
1749,2402
356,612
2335,3014
3035,3815
7915,8087
3742,3355
8943,8736
145,737
6460,7134
3539,3341
8103,8955
9953,10318
4559,4123
3203,3275
6125,6774
5698,5521
1265,1554
2299,2603
6174,5403
2484,2147
1562,2316
989,1338
5595,4998
5995,6601
7007,6248
4341,4763
8631,8397
1300,1066
1232,1958
4996,4185
2466,2978
7694,7396
1626,2049
2047,3011
9662,10074
6466,5638
2308,2424
2252,2360
8388,8230
7132,6523
8096,8820
6701,6819
8657,8163
5556,5415
3579,4191
9425,10242
9502,9490
7612,7352
3708,2855
7273,8067
7485,7540
6338,6194
1263,1537
8911,9492
4638,4111
2189,1374
2068,2065
6643,6073
4365,4455
426,168
4602,5215
5400,6313
7375,8012
5383,4819
9228,8912
8367,7704
4704,3750
6144,7068
2895,2263
7969,7785
9085,10042
5265,5140
2616,1765
7699,7615
1475,1098
2059,2493
9780,9296
2308,2992
3237,3233
6779,6104
2504,1650
3757,3096
898,1837
6653,6968
4335,3837
6129,6665
1619,2137
3985,3738
7760,7119
5337,4629
5218,5562
1080,1889
5723,6692
4385,3855
8587,7747
268,422
6034,5512
9101,8587
8015,8142
1327,2199
1698,762
9719,10690
1361,1963
1680,2673
9208,9632
173,91
8679,9266
9023,9089
506,-127
9329,9827
9736,9897
2677,3465
7604,6639
815,158
624,-33
5782,5376
1437,2356
7209,6816
1877,970
6384,6032
5646,5287
65,422
3421,4315
8523,9259
653,1603
69,763
9058,9656
2301,1652
6362,6971
2376,2094
4382,3408
3555,2801
1726,1749
3950,3454
9422,9738
9335,8519
1294,534
8987,8530
5820,5358
9435,9403
4683,3990
2500,3181
5965,6958
3897,3109
1243,470
4477,3982
9163,10130
2856,3782
7758,6910
1950,2308
9249,9474
7580,7250
4817,4646
7217,7387
6759,6008
7232,7478
4151,4662
9008,9281
211,136
8641,9070
2208,2049
1774,1992
8919,9551
4525,4515
9106,8330
1045,628
6846,5930
3353,3627
554,1162
8720,7728
7660,7392
6342,6374
4527,4404
7368,8148
161,-478
5504,5442
3628,4539
9678,10535
1144,1585
6771,5994
4851,4845
1765,2584
2460,2804
4497,4346
3006,2049
183,202
5450,5219
6464,7136
2349,1809
7812,8294
7154,6960
5163,5061
2568,2065
423,604
4001,4950
3248,3308
124,-791
2396,1655
5491,6035
541,-430
9960,9306
9627,9675
8087,9048
6664,5840
6977,6089
470,339
2179,2911
3965,2969
7422,8379
4384,4155
6525,7133
9563,10130
602,-382
8393,8397
3370,2737
3685,2867
8759,8764
7888,7155
8845,9078
2663,3382
2214,2812
2636,2224
4456,5010
6949,7906
7700,8234
7115,7764
1602,2529
3289,2759
9626,10175
2538,3447
4647,4088
7613,7068
2239,2011
217,418
6622,7374
6744,6363
2542,1952
8995,8856
5189,5377
7786,7408
1125,1925
5268,4886
8918,8922
8474,8829
217,673
2379,2565
3137,2839
7029,6803
1308,1619
8285,8903
1821,1701
8634,8433
2024,2033
2136,3127
2065,1859
2415,3011
9350,8774
4951,4455
3339,4273
8361,7949
370,666
9987,10542
1240,459
6124,5204
7254,7152
503,1363
59,-523
8929,9285
4572,3597
7168,6792
3818,3320
7948,8029
4838,4379
7078,6982
887,1301
5073,4401
5306,5078
6212,5360
6004,5786
1359,2148
4837,5796
9979,9695
4010,3146
2042,1239
817,741
9597,10142
7704,7186
2734,2342
8611,9474
1412,2197
4567,3999
3972,4361
5786,5270
4913,4807
9855,10081
1994,1846
5136,4248
7953,8229
8503,8868
8421,8338
1659,2348
6257,5721
7096,6348
7264,7364
928,1188
5218,5271
4041,4087
6513,6121
2206,1826
3491,3152
2574,2231
6307,7269
6613,6779
1067,199
63,159
7160,7489
788,193
6419,5659
9470,8626
8521,9282
140,444
3701,3056
3250,4183
3433,2810
5779,6115
162,568
3886,4034
8414,7935
7492,7752
9921,10326
6301,6601
5069,4899
8787,9257
4276,4488
4124,4308
248,-234
1453,810
6664,7303
2461,2364
8135,8106
9646,9873
3222,3431
7712,8374
4476,3535
3730,3203
3429,3821
7279,6710
2468,2608
9533,8559
8186,9079
5994,6327
7109,7853
8330,7361
3153,3524
1323,1856
4091,3367
3347,3470
5533,5806
5063,5059
8093,8461
2955,2648
1966,2796
9092,8118
4670,3912
4437,4461
7816,8727
5548,4929
6879,7071
1140,1097
1462,1734
7248,7365
2029,3018
6989,6498
7579,7009
1172,624
65,-182
8773,8948
8717,8811
9242,9570
439,44
224,100
1141,2107
2535,3449
5028,5911
7273,7336
1652,2185
9911,9735
6548,6516
7655,7159
4898,5652
7862,6910
7901,7427
3957,3643
2718,1885
7849,7267
9745,9180
2558,2663
6120,5693
5717,6575
5375,4531
2559,1912
9737,9605
4988,5725
6292,5918
3421,2710
8350,8230
580,1428
4848,5003
6859,7220
7461,6569
2844,2105
6482,7412
8696,8681
4272,3570
5662,5694
4571,4532
7826,6828
8304,7905
7412,8202
3083,3560
4469,3494
3532,4357
1991,1429
1131,861
1603,1278
1221,1052
4033,4474
2522,2145
3693,4547
6532,5853
2493,1647
1930,1636
8815,9678
5183,4868
1303,360
7964,7461
4293,4900
4195,3224
5782,5212
2438,1995
5693,6606
2157,2193
5945,6419
2015,2209
4916,4972
6302,7109
656,126
870,1419
6542,6983
3672,2900
6453,6371
7376,7644
5834,5923
3764,4430
9466,9867
9180,9868
2943,3650
476,286
2958,2438
3180,3762
7889,7675
6963,6335
2684,2562
4579,4551
3363,3980
2479,2669
1390,1214
8291,7464
7056,7887
8055,8175
3649,4124
811,963
127,-350
4366,3689
4372,4526
5937,5949
4201,4213
3008,3741
1571,2137
6602,5705
8324,8731
331,-98
6835,5883
6655,7325
2488,2784
5846,5491
9591,9433
4535,4001
5789,5653
1051,652
141,-721
1206,645
3090,3247
2959,2645
6433,6009
2247,1907
7866,8243
7876,8841
8133,7471
1439,1583
8329,8512
3636,3941
9809,9248
6411,6600
1539,1656
4006,4554
1234,497
7295,7299
6103,6913
3731,4488
2516,2651
458,1295
6711,7219
6299,6539
4703,4859
8896,8936
6974,6590
1882,1392
335,-446
8098,7236
890,1401
1332,827
768,693
8545,8305
4919,4560
5093,5798
7662,7472
2358,2957
4061,4484
8336,8006
4095,4232
9241,9610
338,784
7016,6782
3367,3695
8314,9279
6930,7056
3556,2914
4621,5352
8358,8542
1037,804
5504,6041
4070,3434
8472,9444
7308,6433
5980,5710
3113,3430
9617,9667
1387,1812
4525,4932
5001,5042
7807,7037
4274,3383
9974,9450
5834,4878
2943,3049
2839,2443
8017,8964
6620,6377
8036,7515
7156,6709
7181,7091
2766,2159
8030,8272
4273,4951
3410,2532
542,157
4236,4419
3957,4625
9724,10317
9105,8336
1414,949
8524,9335
2584,1947
6885,5965
1864,2490
3100,3222
7171,7214
4804,4821
8155,8827
2320,2798
7205,6862
2590,1603
6260,5317
3862,3734
8158,7190
6718,6211
3116,2307
4193,4975
6987,7806
6150,5700
4010,4800
5905,5258
7494,7887
5244,5172
4223,4540
420,573
7681,7498
1951,1979
83,-851
5437,5752
6894,7227
4557,5366
8094,9042
8216,8880
6296,6445
5726,5638
8929,8019
4414,5109
7578,6984
1370,1606
5763,5256
9986,9029
6026,6959
2744,1973
1529,2095
5270,5659
3893,3286
2020,1365
1731,2525
8077,7982
1889,2556
5155,4617
8956,8629
8124,8612
1220,871
6536,7460
8516,8852
6128,6379
917,1112
5835,6032
5098,5836
273,-590
8783,7958
7618,7818
3170,2395
2615,2571
748,1507
2842,2249
959,174
1547,749
2758,2576
6805,7172
9235,9174
4585,5260
9020,9461
5420,5410
3548,2735
4311,3449
8902,9478
3672,3841
8297,8076
7419,7578
2862,2089
8196,8991
9965,9743
2523,1916
3235,3241
8382,8592
9202,10092
6237,5688
268,-226
8702,7807
6531,6843
2646,2023
5255,6033
9049,9164
1733,761
746,-102
1359,1273
7148,6392
2874,3679
923,313
399,553
5476,5477
4074,4419
2046,2013
3199,2874
3991,3124
1470,1714
7500,6876
5220,5792
59,962
2275,3115
1927,1805
9393,9452
7322,6702
4926,5357
7295,8219
7996,8879
7654,7035
5365,5313
9611,8699
6711,7588
4349,3868
7284,8275
1519,743
6721,7102
1682,1543
9181,9119
349,-260
8604,9081
1982,1249
7125,7270
5538,6231
538,601
9332,10079
7210,7396
3178,3050
2692,3206
6213,6945
3588,3309
4988,4900
1232,245
5657,6293
9300,9149
4659,4249
9778,9995
3691,4203
7327,6764
4060,3576
9826,10394
176,976
8323,8907
6218,5294
9608,9585
8258,8889
3282,3894
2818,3295
9186,9711
7187,6303
7905,8819
7524,7474
9475,9000
5325,6205
5735,5631
6282,5901
2,-450
9391,9262
6308,5694
1908,1317
1695,1123
7932,7446
5823,5444
4357,3926
9084,9957
8233,8617
4784,4814
5551,4837
9851,9884
4756,5368
8131,7553
7008,7301
5971,5315
9664,10059
1614,2529
2885,2076
4573,5278
1421,1106
4152,5050
4734,4685
2652,2181
1133,200
3860,3264
8124,8566
9976,10927
2075,1839
8170,7630
1709,1460
9329,8853
1352,612
3727,3303
57,-275
6430,5826
1587,590
3561,3997
740,4
8878,9007
7973,7714
4733,5520
305,1249
1762,1704
1009,382
5095,5965
3947,3940
1063,150
3978,3304
840,975
6076,6692
2158,1610
1070,800
6615,5719
3995,4567
8996,9722
3145,4083
4002,3293
9401,9947
9490,9189
3083,3031
9119,8866
5043,4915
8344,8731
6118,5604
6260,5320
9564,8945
7810,8328
1355,1913
3435,3198
2924,2851
4292,4923
7418,7539
8359,7886
5509,6285
1077,1790
8163,7610
7971,7150
6753,7551
7618,8540
6729,7035
945,1193
4809,5617
9742,8820
3279,4049
6520,5687
2943,2920
2773,2536
8809,8006
1143,426
9943,9998
9794,9517
7041,6747
6472,7167
5768,4973
6895,7062
2519,2792
8231,8748
8386,9101
1158,2128
5159,4805
6233,5286
2273,2717
52,561
9147,9835
3285,2883
9954,9635
410,170
7879,7915
4057,3952
7200,7519
9643,9339
7683,8308
688,374
628,1162
3999,3777
8260,9109
5743,6343
2899,1932
1345,2004
1614,2083
4907,5420
542,-225
2377,1956
9735,9379
464,253
8518,7868
4389,3692
271,839
3360,2536
1594,1878
1074,441
1494,2405
9417,10108
917,274
8566,9023
1133,1288
7760,7942
198,41
3126,3056
8510,7657
8142,8063
3745,4623
5965,6852
7244,6631
3409,3511
4510,4616
1297,1089
1399,1766
2022,3013
7295,7460
5679,5718
5190,4968
7587,6745
5699,6570
2364,2437
6257,6687
8476,7531
6252,5830
2698,3592
7458,7812
7737,7015
1910,1066
2613,3539
980,488
9184,10142
6128,5730
85,-679
2686,3131
2209,3150
6242,5946
2171,1326
1661,1176
8094,9067
9133,8802
671,-83
4366,3453
3587,3304
184,-134
5878,5382
1172,1061
7940,7656
7613,8452
7739,7821
2434,1493
4122,4389
6042,5358
7637,7948
6915,5940
3757,3495
7946,8512
577,1459
9652,8664
9276,8757
5544,5212
8743,9419
4250,3782
7039,7429
1238,414
1048,361
2941,3228
712,938
5370,4681
8493,8495
3926,3238
4127,4460
5318,4350
7747,7842
7352,7356
6062,6004
8556,8083
3571,3419
2704,3414
4988,4621
4671,3677
3727,4368
3444,3821
87,-198
4409,5079
8036,8972
9875,10470
902,943
2562,1739
336,841
6326,5336
4440,5171
7087,6296
7562,7409
2830,3752
8371,8840
74,95
9985,10928
8636,8238
3655,3983
4023,3118
2630,1935
2216,1247
8804,8959
8797,8820
2600,3479
4512,4732
9387,9717
9566,9718
5357,4756
7247,7594
8281,8837
3272,3043
8892,7945
600,1557
7819,7785
5918,4937
2594,3266
1160,1697
5633,5669
3877,3770
270,267
4394,4723
6419,6288
1603,2207
6464,6189
7100,7469
4637,5618
3014,3252
7732,7153
7165,7968
8508,7567
2569,1766
2763,3169
8636,8254
9058,9011
3385,3838
3422,4318
7206,6547
4695,4631
8055,7944
358,1047
6663,5760
4870,5350
2186,2513
4245,5218
7877,7419
9590,8657
3694,2981
8325,8664
2305,2030
7805,6886
509,629
7087,7940
8840,9352
6716,5872
6236,6893
8849,8821
7058,7595
7396,8041
3533,4321
6456,7340
8364,9078
3269,3528
7581,7964
8683,9619
2160,1874
3758,4223
578,58
9503,10329
5461,5805
8184,7652
704,-9
1134,588
6671,7154
5137,4587
895,111
4544,4799
9984,10484
3471,3608
7357,6742
5716,5701
4470,4771
3312,3258
8362,8944
4536,4937
2478,1876
5976,6334
3460,3425
2022,2079
7997,8414
1924,1413
6042,5639
2096,2804
7950,8460
4417,5167
5925,6444
6620,6788
4794,4564
2993,2740
2142,1707
6701,6452
4574,4240
2217,2337
2248,3046
1060,139
7007,7492
6102,5967
3598,2793
5515,4585
7512851
5888428
6309476
1266402
2859928
1339597
981815
2217836
1411828
2045812
1782323
747523
838423
397518
635348
795337
429358
376335
150733
385346
68619
163550
132605
74246
157652
80132
99067
101525
30959
4388
14441
15437
43919
25824
593
44939
41008
14181
38995
27380
13214
3093
13394
11142
2227
7098
5362
7231
8997
1516
3481
6095
371
3878
2234
1940
1013
1575
365
923
1308
1249
601
522
16
602
848
455
207
433
254
72
52
207
209
183
123
76
46
54
59
11
30
15
10
8
26
22
14
8
7
2
2
0
8
4
3
5
4
2
3
1
2
1
0
1
0
1
0
0
0
0
1
0
0
0
0
0
0
0
0
0
0
0
0
0
0
0
0
0
0
0
0
0
0
0
0
0
0
0
0
0
0
0
0
0
0
0
0
0
0
0
0
0
0
0
0
0
0
0
0
0
0
0
0
0
0
0
0
0
0
0
0
0
0
0
0
0
0
0
0
0
0
0
0
0
0
0
0
0
0
0
0
0
0
0
0
0
0
0
