349,395
56,57
773,684
510,519
64,25
89,62
285,191
833,845
476,434
602,517
854,852
675,655
496,461
231,219
337,312
315,259
73,61
472,396
228,242
370,338
64,160
310,225
83,46
346,392
489,585
777,866
812,823
638,547
624,595
665,572
603,525
867,941
208,140
848,818
914,884
474,435
111,64
890,883
918,859
427,330
737,651
140,140
548,641
827,783
120,49
317,320
598,581
118,146
256,241
717,706
481,434
760,775
929,937
669,629
604,672
579,530
804,893
915,897
858,839
710,674
296,211
840,861
307,370
777,843
236,247
167,252
755,836
258,345
455,456
195,270
796,875
733,664
606,695
581,619
310,316
347,371
472,423
805,900
3,63
185,176
892,831
187,240
645,697
829,798
454,371
932,880
39,-29
268,208
47,5
953,865
389,455
763,671
454,442
853,889
867,860
379,392
905,957
589,571
455,530
651,570
442,527
213,258
119,209
166,99
378,285
854,759
149,193
733,771
404,484
263,242
627,718
686,698
969,995
763,811
108,166
496,582
506,487
777,860
971,976
656,645
578,580
31,102
406,312
409,389
504,475
866,902
839,740
196,175
139,66
835,873
298,216
841,871
717,739
602,513
597,656
204,160
746,653
643,563
241,279
103,189
483,534
281,215
292,254
465,467
213,247
602,630
929,888
347,347
180,278
491,464
621,625
914,886
612,644
424,334
573,479
400,450
159,212
505,549
566,517
528,449
565,529
803,773
616,540
2,-32
959,1041
83,121
456,528
363,410
661,622
936,877
479,561
471,383
586,663
831,757
641,611
499,510
325,335
770,697
440,504
803,730
9,-61
257,177
88,120
772,734
958,879
681,763
710,779
564,617
32,20
297,286
336,266
234,204
278,302
963,1041
597,622
647,736
972,1032
121,205
378,452
815,870
693,642
427,470
958,891
649,629
259,251
175,76
116,56
472,434
45,96
741,777
118,128
572,666
100,91
773,726
626,585
583,636
50,114
541,578
331,278
420,517
784,789
172,216
747,782
970,930
148,73
429,353
826,832
651,580
379,456
83,22
227,197
830,905
716,782
170,155
301,219
170,134
142,212
666,651
160,63
844,885
48,14
206,109
867,815
148,194
84,22
30,31
248,346
123,180
1000,919
86,68
167,177
803,814
242,154
850,821
983,1045
172,150
365,271
799,831
775,678
4,55
89,187
295,252
912,956
292,259
400,343
981,1012
676,732
269,303
734,739
879,893
522,476
78,16
86,142
176,131
992,1083
269,230
478,430
878,865
325,303
729,760
895,895
487,474
855,794
954,1035
35,129
329,321
474,445
171,227
949,1029
987,1060
123,86
892,877
802,854
893,958
56,1
636,556
84,131
714,648
232,218
402,313
130,175
106,122
176,222
955,918
647,663
364,323
853,941
292,278
874,847
3,-31
985,909
736,761
922,900
478,400
279,245
598,548
646,585
872,965
648,702
530,474
751,831
198,205
697,627
390,468
351,391
457,535
553,486
178,199
268,174
67,92
91,176
135,56
462,550
169,144
7,-49
549,623
341,380
73,113
167,97
248,258
686,734
586,530
844,837
45,104
830,914
652,640
131,126
567,558
176,91
595,665
889,931
340,429
40,57
255,327
392,382
364,412
707,658
167,242
313,289
587,660
602,564
260,197
859,894
123,169
198,116
251,340
355,257
390,307
487,469
152,175
419,429
807,883
966,1002
347,307
217,160
435,335
283,211
206,221
63,127
725,644
998,985
986,917
814,745
442,355
150,235
525,554
236,331
781,689
881,906
413,400
457,407
355,424
737,706
171,258
652,641
12,-80
592,632
287,299
951,941
411,507
421,509
927,1014
107,133
728,690
521,567
404,501
258,197
241,148
598,589
363,386
953,929
930,901
442,433
85,88
679,589
744,693
258,167
850,895
647,648
626,536
416,327
379,330
599,628
313,313
660,690
304,395
332,362
697,743
909,876
690,721
768,719
78,103
1000,1018
686,749
405,328
969,938
334,364
509,510
877,908
603,602
272,261
89,144
199,254
727,752
639,645
61,7
481,429
928,975
661,683
7,65
635,712
967,995
449,437
714,658
899,959
227,267
577,603
943,964
867,815
981,1028
132,86
637,710
982,914
208,202
587,556
477,459
150,93
853,798
356,351
327,402
248,269
544,453
437,413
582,632
276,365
443,376
89,105
927,1005
315,356
605,625
22,120
965,908
405,389
324,351
475,407
588,522
856,816
758,706
763,734
101,116
294,348
245,291
190,244
542,495
206,252
548,512
851,914
794,701
363,319
477,471
508,477
603,531
964,1033
711,692
267,280
978,939
110,28
991,908
870,861
939,852
854,794
458,389
305,228
117,91
978,911
112,188
863,885
494,404
244,291
186,176
330,271
676,631
977,932
946,1009
314,266
670,680
423,349
863,865
596,613
446,542
246,247
920,1010
387,313
333,345
183,215
18,-4
715,756
626,705
358,286
991,960
833,918
784,798
1,-47
782,721
474,377
496,576
173,173
424,336
662,633
946,977
455,508
121,163
421,463
492,560
657,606
966,885
376,340
84,97
414,435
8,-63
307,217
416,394
196,230
34,118
745,799
525,577
28,-62
719,647
170,202
402,463
320,245
158,159
927,839
198,280
309,315
322,262
409,355
97,29
948,914
417,320
131,99
794,879
525,434
533,606
249,247
163,124
998,1085
311,212
924,953
933,1019
869,790
870,896
521,584
500,465
785,842
286,368
501,577
373,316
419,488
653,643
42,-7
456,463
521,523
256,289
191,103
212,166
522,575
785,875
278,329
688,622
539,605
876,844
859,850
336,347
404,353
668,646
999,998
574,517
262,164
935,1003
168,214
379,465
790,874
505,465
782,841
332,380
746,728
934,1028
440,385
85,79
240,323
620,535
623,640
690,625
794,743
830,867
83,10
746,806
225,189
544,494
622,661
607,603
244,300
530,458
566,473
936,1017
707,656
600,539
368,424
664,611
971,967
326,313
945,854
493,574
706,741
290,366
609,645
767,734
946,938
356,307
368,347
828,862
188,248
553,468
918,824
156,159
884,952
600,616
961,1050
768,706
516,539
550,554
713,631
866,961
842,905
605,612
206,236
998,898
158,244
606,570
620,598
319,376
146,95
72,145
253,199
856,914
115,111
519,441
281,326
425,404
364,453
410,355
745,832
504,543
317,337
692,688
700,677
998,964
320,227
144,69
78,9
68,-6
595,684
607,597
169,116
120,79
40,-13
89,67
1,31
562,516
422,422
114,133
332,403
122,71
510,439
490,400
296,210
724,648
748,716
259,349
184,134
445,354
563,638
751,776
165,167
781,811
668,748
522,550
858,934
308,238
597,529
857,951
450,491
108,99
296,243
448,352
562,541
368,328
484,425
373,461
65,15
867,807
938,913
606,561
480,498
108,93
743,708
45,11
175,146
738,654
713,696
998,977
402,459
259,166
573,501
131,166
809,789
543,519
500,567
878,859
387,411
82,179
597,575
583,500
802,729
19,-15
527,473
478,536
885,884
952,1042
680,778
295,332
185,246
3,95
683,751
426,457
679,734
891,873
486,424
542,460
546,490
386,336
475,438
971,892
238,222
752,720
884,877
824,923
72,104
845,844
42,4
585,536
649,609
253,212
374,415
792,789
358,366
333,266
233,220
578,480
380,342
415,385
513,573
463,470
787,802
970,953
209,134
6,-78
771,713
680,706
815,747
581,555
800,796
345,248
42,109
971,980
440,476
354,302
544,453
426,459
896,941
610,608
859,859
387,287
665,721
802,854
87,47
354,376
899,965
299,325
319,397
976,914
615,660
475,418
368,306
950,932
4,-87
897,799
311,223
269,242
432,525
380,356
489,570
917,937
216,300
245,258
260,315
540,626
724,651
705,651
502,534
243,294
682,622
898,975
330,250
363,294
486,413
819,772
611,639
195,220
342,289
368,413
4,-21
563,643
691,663
255,209
518,448
970,870
750,776
847,834
903,968
677,593
337,351
793,732
887,828
896,846
154,68
433,507
747,706
517,431
854,882
504,459
705,715
821,895
87,155
9,-77
378,475
857,954
530,546
219,126
148,130
583,489
865,906
67,-23
51,119
894,944
998,935
790,708
308,290
862,844
794,867
472,561
388,419
90,60
563,555
160,84
94,128
333,270
351,447
617,641
899,865
311,314
484,550
343,423
801,813
707,607
62,-6
108,149
653,647
542,562
474,384
928,841
423,341
615,706
498,448
471,556
85,83
323,340
12,44
210,259
94,52
137,219
543,485
355,427
417,321
903,1002
673,593
298,206
721,714
298,343
487,518
876,970
949,952
629,555
508,537
539,513
684,728
214,211
282,317
630,532
453,394
607,645
866,869
336,311
545,513
897,966
744,784
128,142
34,82
229,276
137,67
376,375
446,540
312,284
554,579
453,391
640,610
995,987
845,866
802,811
613,680
708,670
224,294
449,512
526,486
469,549
892,841
541,461
993,937
690,663
804,717
785,839
53,17
620,631
618,712
737,639
896,969
58,52
151,140
352,264
74,21
843,785
977,938
107,140
243,162
375,366
266,211
140,123
667,661
125,86
10,-2
692,766
414,327
608,554
985,1053
506,447
278,239
856,800
417,324
175,107
439,465
672,619
982,948
69,23
427,386
180,127
138,165
330,394
285,331
722,738
742,652
793,849
883,970
388,480
49,74
726,759
584,581
608,654
61,157
624,610
944,967
249,300
927,931
69,107
51,114
430,392
977,930
666,685
990,925
888,838
951,932
553,495
19,-63
876,924
888,956
838,891
1,5
874,963
774,816
605,589
398,342
580,561
24,75
401,472
825,774
526,520
679,662
370,321
595,600
554,629
872,812
79,149
353,366
980,940
794,739
531,588
429,405
77,114
11,24
861,794
372,317
115,154
300,376
964,1040
559,626
231,165
308,297
877,886
315,388
788,795
535,632
612,535
314,238
315,325
695,614
338,294
66,140
615,711
23,92
524,443
322,390
20,88
254,293
793,814
129,198
200,129
761,801
842,842
641,729
692,661
334,272
759,695
927,843
274,300
307,266
993,1006
70,-3
427,421
530,622
855,763
342,373
29,-32
23,46
976,1030
406,431
271,212
323,323
417,495
75,-2
775,686
600,623
43,-26
812,785
860,912
593,604
988,898
666,578
400,406
951,980
15,60
195,242
95,19
410,426
124,81
215,308
334,324
759,694
284,243
165,228
896,806
809,741
771,687
406,451
535,474
991,1038
637,599
214,220
600,587
32,109
333,313
411,429
799,753
27,-32
974,905
649,627
698,753
710,801
988,1009
977,921
19,-56
420,338
780,816
14,43
376,425
347,275
895,822
115,121
104,143
377,410
159,197
369,288
117,147
341,263
742,761
485,451
804,728
966,1008
321,412
285,298
469,549
363,383
743,778
166,182
519,546
71,-1
351,359
596,514
372,337
850,782
766,843
769,702
247,201
211,159
692,708
734,811
312,382
517,506
451,479
339,285
64,92
299,382
664,601
41,-18
111,33
464,398
56,-44
117,77
469,397
832,791
801,710
264,206
205,238
232,207
366,441
377,301
429,351
674,650
531,595
89,9
978,1054
344,245
161,250
303,210
96,35
7,8
984,1029
38,26
360,376
771,795
278,254
420,323
40,103
563,632
91,126
760,789
171,105
464,452
163,189
242,322
769,766
499,403
821,833
360,379
973,986
379,436
739,641
465,534
511,546
321,381
199,109
51,-31
776,780
929,980
903,824
172,104
714,806
515,549
1000,1087
500,459
44,98
46,18
426,499
711,657
513,549
289,267
229,140
340,297
21,-32
350,263
755,817
681,589
238,267
213,273
546,541
380,352
979,997
382,290
997,945
29,3
879,957
641,623
369,297
460,415
181,84
454,522
685,770
545,626
830,745
649,712
397,318
757,763
726,825
645,605
5,-82
322,393
240,335
487,513
753,674
709,749
773,713
795,733
112,124
323,261
121,86
628,595
460,532
953,981
419,419
700,798
617,536
782,774
863,935
33,25
927,986
118,174
162,64
800,883
528,549
147,143
717,673
55,154
994,928
855,823
688,652
828,921
789,689
766,774
426,372
733,769
735,661
415,456
277,348
120,160
377,471
405,492
351,441
986,1005
675,688
1,-78
657,644
829,809
954,899
437,341
464,382
311,347
103,174
228,218
992,936
502,422
182,200
632,582
767,821
566,544
961,989
961,880
903,804
880,923
326,363
992,919
254,280
524,552
154,184
852,895
64,146
909,858
696,777
543,594
864,797
9,-47
128,98
964,1051
419,500
500,524
275,308
125,180
673,592
274,188
934,964
432,474
555,487
755,662
668,620
177,128
278,374
286,318
937,948
236,253
730,699
924,890
760,828
997,1083
230,217
963,900
155,175
308,279
29,-22
246,183
946,952
696,706
828,800
277,307
780,701
401,332
880,934
239,199
251,183
331,384
287,331
142,47
226,141
676,581
719,726
312,248
618,655
532,488
466,466
702,618
590,615
906,936
97,99
904,826
347,357
761,732
793,722
740,683
396,455
895,962
12,-18
311,395
623,592
227,248
31,73
478,431
424,422
322,224
365,399
557,527
649,675
907,814
330,309
302,313
479,402
289,237
939,865
686,607
15,-64
918,885
684,588
720,640
156,196
466,434
196,241
733,764
465,454
840,885
952,995
850,929
584,526
866,870
424,520
457,372
468,485
597,633
734,678
218,230
625,672
109,150
644,718
152,65
121,111
253,261
527,505
876,872
659,754
86,103
352,449
263,332
401,491
712,803
582,662
162,92
528,566
86,82
224,230
117,213
357,355
587,636
330,266
184,199
939,946
500,484
38,41
34,-21
522,516
371,309
235,199
728,794
246,233
109,123
67,147
873,884
979,912
229,135
433,447
770,741
282,301
513,486
763,745
368,422
278,369
347,440
385,341
879,805
225,273
974,1062
876,913
260,232
735,678
678,583
227,229
273,189
49,125
533,597
94,66
623,559
257,219
928,872
579,667
390,388
336,379
609,528
741,839
375,397
67,132
710,745
474,564
242,261
418,456
352,423
618,660
396,297
340,284
214,213
604,641
150,211
271,355
688,787
72,21
265,215
392,325
660,754
593,678
814,814
980,920
745,725
635,560
807,864
444,462
144,117
664,622
365,355
983,929
620,609
922,878
744,732
711,744
268,306
610,628
221,179
666,729
157,199
803,817
749,760
34,62
888,931
890,932
440,387
160,117
849,815
320,292
835,816
471,413
896,991
447,471
88,27
2,68
749,847
472,420
714,630
518,427
672,641
713,765
859,957
602,642
701,792
456,376
810,722
582,670
641,577
485,557
724,793
887,919
488,468
782,872
166,129
927,1022
730,802
326,331
498,532
421,331
724,727
570,520
196,126
942,1023
835,860
164,229
274,262
743,840
47,145
851,773
491,435
118,120
396,398
158,242
237,313
903,948
577,663
150,115
450,524
998,937
604,652
238,305
754,715
545,457
582,618
887,972
73,-26
459,541
621,651
949,866
235,178
738,672
694,762
514,604
364,337
601,614
396,305
13,-41
594,627
598,549
40,104
433,461
559,652
191,256
646,590
512,604
934,867
97,6
397,483
567,592
168,216
774,873
890,923
923,876
317,312
230,316
840,764
955,903
1000,921
505,413
470,495
921,854
187,208
590,670
79,101
105,121
20,-11
288,251
552,538
519,495
953,935
45,-1
527,620
984,1061
57,89
456,523
38,74
791,721
70,71
764,678
359,284
502,560
644,709
127,219
657,729
562,640
49,19
764,754
119,218
939,1006
895,883
348,254
244,239
364,302
802,901
281,246
795,730
698,638
527,626
345,409
635,661
689,620
101,65
815,901
16,83
126,208
261,164
372,426
452,464
48,96
293,270
566,572
698,642
854,881
871,783
527,456
33,-52
451,354
996,901
158,105
308,319
263,281
757,689
482,389
863,833
380,441
427,425
620,527
488,440
416,454
61,-26
943,1027
155,66
252,179
770,846
311,272
812,726
83,38
225,286
252,162
202,220
131,66
986,1066
581,641
66,8
496,578
507,561
934,943
800,847
46,105
117,36
171,239
50,101
936,993
34,51
645,739
776,765
993,947
832,910
210,162
154,230
63,153
552,645
444,455
243,241
361,437
266,210
839,761
753,698
518,545
512,527
464,427
306,335
591,616
30,2
424,358
501,415
671,720
677,691
493,522
516,591
633,627
709,680
142,238
46,-21
242,293
323,312
43,87
838,814
998,947
20,34
135,124
54,60
605,684
361,438
455,440
568,569
441,430
505,425
594,595
807,747
357,281
672,668
61,-5
410,397
743,792
656,684
984,901
43,96
732,675
651,741
328,360
526,490
592,555
47,65
479,427
132,36
250,226
347,346
628,533
237,171
313,315
629,712
767,790
662,620
150,115
43,55
407,363
494,462
838,895
958,877
891,974
990,1053
731,723
443,408
196,206
464,401
17,-46
345,367
602,555
187,173
17,107
386,337
238,169
749,844
499,412
401,372
671,632
940,971
222,133
885,899
283,205
103,99
827,893
247,277
853,930
490,571
769,826
560,526
766,767
899,822
990,1042
21,12
262,290
903,892
919,934
3,-4
143,224
329,273
306,249
827,808
187,245
328,358
687,704
290,237
956,955
358,306
843,913
676,763
748,776
911,900
891,800
1000,1075
316,372
331,295
652,608
958,927
513,484
712,669
772,816
770,684
59,44
784,696
262,229
776,745
64,61
886,921
367,295
654,583
341,366
437,505
5,-37
512,498
856,869
679,653
449,413
358,310
650,599
590,511
295,259
966,1037
822,792
986,1037
989,1050
546,592
770,709
433,358
712,681
224,286
18,-13
136,183
652,643
479,499
681,778
293,219
444,495
464,480
927,894
778,769
444,373
781,699
712,639
368,336
671,597
486,428
456,442
622,642
783,802
498,421
363,271
797,870
334,321
435,388
980,902
983,958
483,472
389,481
157,230
930,866
57,81
650,693
480,406
787,736
130,47
425,445
852,821
939,950
688,617
550,459
923,981
749,664
860,909
87,86
274,201
335,401
903,826
679,725
952,973
106,52
881,930
114,95
682,729
797,831
467,487
273,362
777,804
447,517
265,189
675,615
572,546
320,311
626,694
316,380
839,767
839,780
242,207
929,992
107,145
747,662
27,1
38,-53
973,995
129,209
102,16
399,405
226,287
197,159
62,105
952,904
510,418
164,263
331,276
867,865
811,887
709,777
428,333
708,648
468,369
78,-17
466,512
722,682
402,308
212,269
150,185
601,693
894,838
526,589
617,630
974,952
5,52
125,206
669,768
862,829
917,988
584,609
977,957
178,81
775,747
309,323
575,514
567,662
278,328
902,854
627,705
42,90
14,9
937,924
549,623
836,757
748,666
929,989
282,255
627,536
15,-34
169,140
57,37
997,995
684,671
65,45
934,928
468,447
456,477
939,869
386,313
42,136
731,650
422,392
505,441
609,583
915,823
688,625
233,160
482,454
569,501
644,736
682,776
575,499
882,888
278,306
45,80
272,247
417,476
333,372
448,442
188,201
288,207
138,176
652,714
161,119
641,573
989,894
377,388
557,489
323,247
302,316
84,100
749,791
92,69
661,589
354,306
460,379
617,605
346,334
162,121
897,833
900,975
865,869
795,866
479,471
337,277
482,557
456,515
845,768
1,59
515,477
271,275
399,472
716,707
35,26
84,105
849,804
407,325
234,311
766,780
568,470
326,322
539,549
955,927
39,84
165,235
185,173
919,1007
118,174
121,116
526,485
671,626
259,314
734,667
533,511
798,842
679,735
316,286
782,715
572,642
715,809
637,587
173,118
45,70
664,625
609,534
15,39
559,631
481,441
495,448
289,235
549,499
599,657
692,694
155,117
971,1020
760,730
606,539
128,175
776,777
429,385
901,908
397,448
948,962
330,344
597,654
754,758
35,70
348,342
705,678
96,45
467,513
132,212
524,556
841,761
168,96
225,308
130,172
540,482
731,805
408,481
333,259
502,416
31,101
721,755
461,533
500,562
995,978
268,311
579,673
129,184
43,28
870,904
789,874
787,877
439,434
897,950
619,713
278,323
168,142
652,571
112,110
421,421
58,-34
698,742
722,628
721,783
421,408
825,839
750,767
228,162
588,595
974,953
590,537
234,266
205,262
100,37
963,891
842,773
956,872
487,521
681,606
536,613
519,541
658,635
473,479
50,114
136,143
80,97
213,140
425,388
72,3
125,164
818,778
468,509
392,316
976,898
104,32
268,227
734,761
743,785
672,676
61,112
802,795
354,353
911,833
431,428
534,554
881,941
335,346
217,285
580,598
727,807
630,670
646,661
468,522
108,132
329,235
485,532
788,843
168,138
372,422
20,-14
507,501
709,777
778,736
207,271
41,113
866,898
114,95
602,646
429,364
45,96
385,334
837,773
410,360
918,884
517,511
297,202
348,405
207,252
809,866
960,940
397,327
515,471
789,782
825,878
872,795
691,760
586,649
394,474
983,920
67,165
652,596
628,697
965,968
217,204
548,646
475,550
826,863
277,278
389,414
538,493
71,4
442,466
8,8
288,297
794,712
600,692
589,528
485,507
266,352
327,261
961,1051
712,779
1,91
368,342
575,484
233,299
914,965
584,558
694,666
130,78
851,945
676,689
189,193
710,754
422,338
516,490
835,848
567,473
590,590
163,227
78,131
121,74
426,422
878,955
292,211
213,260
341,416
757,783
447,370
459,505
141,55
636,725
410,347
358,433
761,835
82,103
499,516
561,528
806,736
767,781
689,720
653,603
65,116
868,937
575,619
107,27
472,557
755,768
599,510
289,375
193,270
54,-36
890,823
651,679
700,632
307,246
301,257
250,250
769,742
649,644
608,607
221,269
7,-34
504,428
850,851
786,742
440,365
969,991
211,305
762,740
945,966
434,453
781,704
603,570
84,75
730,797
13,83
747,821
580,655
739,821
101,183
521,589
65,100
99,58
748,831
332,405
471,488
515,491
10,33
700,720
976,1012
609,625
509,538
539,587
316,322
129,161
792,757
777,769
796,749
875,844
777,707
909,928
663,708
684,706
789,884
649,744
955,899
438,458
76,-3
472,561
821,759
579,494
618,642
275,274
805,726
136,67
569,657
534,531
958,939
613,649
935,907
59,56
783,718
493,402
936,957
5,39
352,401
942,998
996,1085
287,245
881,888
613,701
843,856
285,313
648,629
448,435
661,688
267,236
93,73
452,365
529,492
857,937
817,828
63,-11
977,924
735,686
551,461
866,799
700,715
204,188
599,500
625,692
334,416
865,831
74,93
15,26
923,853
610,665
141,213
992,1025
803,842
70,49
294,217
157,89
860,847
797,875
327,392
998,1015
885,886
632,620
502,569
148,61
500,551
132,222
438,416
117,44
487,575
494,592
334,317
696,642
116,118
52,52
107,148
472,515
252,288
354,381
835,775
83,6
957,1023
179,97
555,558
52,-31
90,111
158,164
62,27
770,792
54,81
462,403
637,719
575,527
295,223
936,961
365,278
906,964
570,666
728,745
36,-21
559,655
749,823
608,666
837,906
427,488
345,344
948,912
650,587
54,-35
889,939
347,303
228,271
6,16
840,911
400,302
558,653
458,442
937,913
265,256
697,699
760,724
146,173
342,313
676,634
450,501
438,342
370,400
938,987
905,941
892,799
680,622
392,434
859,929
787,692
565,644
267,248
778,697
662,634
90,80
97,77
516,475
975,929
424,337
656,680
244,250
535,575
855,946
945,863
50,92
748,741
990,988
70,-30
969,1027
844,833
19,-49
571,666
702,728
759,691
179,174
461,510
526,506
683,674
519,603
39,-7
627,535
45,116
161,123
453,359
737,828
508,512
769,796
356,314
33,-20
991,1060
981,950
90,7
209,177
78,56
38,105
541,607
442,514
767,675
358,347
205,255
573,628
837,749
686,666
941,1023
50,101
186,175
249,163
450,443
817,813
672,715
162,124
365,270
753,763
308,355
270,202
232,201
42,16
823,855
318,263
342,262
353,262
252,319
190,234
594,655
198,133
903,828
800,725
869,942
216,222
809,879
896,891
29,77
958,1018
578,555
772,676
515,598
481,476
838,792
69,66
635,552
793,709
347,311
27,81
456,380
373,409
643,594
556,552
500,445
135,190
76,105
664,649
501,555
159,257
880,932
225,196
511,515
92,-8
859,761
721,640
602,505
703,607
975,1004
290,281
186,167
306,301
297,286
453,452
435,398
988,998
541,627
529,614
317,314
551,569
165,231
428,476
284,363
35,-15
454,377
662,571
357,363
624,639
732,637
439,363
516,441
63,2
194,283
226,325
672,719
401,442
390,450
448,368
667,601
63,-21
242,236
23,10
950,955
937,979
243,208
314,291
710,620
47,-42
867,814
214,279
36,14
117,45
640,673
638,671
692,642
481,426
545,580
478,503
950,937
420,422
864,955
763,843
731,705
130,45
804,796
368,382
260,201
880,943
966,1044
295,335
519,552
227,129
124,88
421,505
92,168
201,277
58,121
576,623
602,607
504,579
597,521
306,298
478,426
712,672
30,-29
148,85
782,764
692,636
493,464
301,281
723,637
482,392
211,219
873,782
344,408
293,357
990,1063
569,582
465,399
84,154
290,269
865,898
909,965
648,628
658,696
420,459
956,866
996,944
904,909
663,713
27,20
741,742
242,214
38,107
567,662
460,440
343,429
585,597
730,688
718,701
435,393
334,348
674,764
450,402
504,546
844,848
673,578
742,698
638,612
93,50
864,963
859,793
107,166
72,72
764,681
734,830
140,213
752,810
356,413
503,410
704,666
304,382
114,87
299,304
94,74
258,281
332,300
306,220
414,341
660,567
803,789
634,611
832,781
846,935
852,838
421,325
47,125
360,276
531,489
784,812
79,120
949,874
223,184
465,557
912,822
324,249
668,594
575,637
967,868
300,214
570,520
110,155
42,31
25,21
258,229
398,400
119,207
152,54
983,989
769,844
515,456
269,240
626,645
495,578
240,223
891,901
621,668
743,657
309,390
358,371
745,737
203,221
402,416
467,381
828,733
824,787
511,554
386,440
724,765
445,413
773,841
625,710
797,733
14,7
237,144
270,312
221,154
193,93
457,504
678,654
462,448
84,119
718,729
356,327
718,620
249,199
870,956
276,351
493,439
359,366
750,697
626,595
785,767
561,510
877,847
520,533
631,730
896,912
855,883
645,608
17,39
774,811
737,786
589,510
321,374
979,1021
276,233
759,679
345,338
404,493
51,-12
409,370
710,773
680,653
927,967
626,529
917,884
18,-24
62,161
715,808
672,711
151,147
693,773
220,196
847,925
562,517
726,661
474,509
608,549
240,212
996,913
557,617
711,636
468,369
204,163
907,882
279,236
426,359
719,642
957,1022
474,442
428,464
317,345
71,115
921,925
794,699
34,-11
88,160
152,133
732,690
477,565
976,913
472,461
781,715
692,729
785,811
792,726
182,105
733,685
900,879
760,856
304,370
470,394
286,352
393,396
547,472
333,419
438,338
824,833
17,8
674,749
697,620
980,1057
26,-21
916,1006
825,734
471,384
452,471
549,610
462,539
852,864
77,101
833,740
480,517
885,825
554,519
618,636
93,48
87,0
630,717
523,591
221,127
960,1030
867,825
333,369
330,271
845,923
144,51
494,456
724,646
322,272
322,329
669,717
168,121
332,369
582,520
10,60
720,715
334,383
179,82
654,590
428,415
930,864
650,736
696,627
388,466
535,633
30,7
954,1036
942,858
683,746
414,380
698,633
904,914
406,467
628,726
641,728
382,399
120,85
681,686
338,391
997,917
801,702
903,913
460,528
262,336
338,384
90,167
382,338
265,213
615,515
70,65
922,943
350,326
507,578
296,275
606,528
775,726
790,800
293,329
37,-9
289,215
62,-19
844,758
684,750
444,536
643,678
1000,1032
138,229
771,671
111,101
176,130
727,653
517,564
550,491
853,802
133,53
828,780
726,781
191,148
328,400
974,996
711,725
180,194
65,100
910,827
522,495
150,135
28,15
421,498
508,523
153,150
864,811
606,619
18,-38
583,656
132,97
311,353
33,16
522,497
774,702
802,767
385,345
919,986
83,0
967,1040
622,683
1,60
262,226
130,187
324,358
160,244
700,625
45,-3
152,86
696,671
804,849
28,-61
442,406
527,591
180,146
749,781
368,441
573,579
582,533
293,367
52,102
619,640
757,698
883,945
958,999
256,275
246,222
327,321
542,514
43,-44
790,857
711,683
294,373
128,92
589,532
153,113
852,780
460,534
750,844
441,439
437,474
644,576
718,809
775,862
681,686
301,300
792,800
765,706
98,192
295,214
445,375
133,70
360,339
290,309
727,673
434,456
638,641
174,170
320,241
607,674
936,965
100,5
302,390
698,674
810,809
928,963
981,1031
702,727
810,784
536,517
372,275
769,692
27,103
65,129
654,751
124,161
317,351
767,681
298,203
795,707
885,813
95,53
55,97
17,39
663,614
772,824
779,762
252,188
539,464
998,907
1,44
727,632
582,543
671,636
554,564
95,131
991,1043
995,1043
581,596
262,269
836,807
693,645
725,823
140,138
148,245
311,269
531,608
836,932
927,925
45,24
959,975
146,91
276,216
657,563
773,696
508,462
512,489
463,514
75,10
949,930
894,981
341,272
639,627
604,626
582,517
103,46
925,1022
459,493
682,717
581,647
857,949
857,757
997,1043
116,59
4,11
554,580
416,377
386,434
177,247
577,517
736,827
888,903
796,854
102,77
262,338
69,134
900,959
511,512
633,553
402,344
845,794
364,285
437,450
731,788
715,636
376,319
256,339
609,555
511,543
79,85
805,795
128,126
857,786
804,773
530,505
896,971
66,55
847,768
421,517
499,547
690,615
210,254
116,214
55,146
561,599
947,911
360,264
382,350
160,226
168,173
366,323
712,627
91,7
471,405
655,703
115,57
334,340
8,92
703,790
404,378
528,585
537,506
363,453
369,411
216,279
277,269
181,246
269,190
774,796
147,104
48,23
111,70
672,633
992,1038
257,261
35,116
497,491
626,568
275,274
236,269
65,138
452,358
476,425
125,200
565,482
654,681
963,878
384,384
695,629
183,228
910,873
838,805
936,953
614,699
635,703
904,906
745,787
161,222
122,217
128,148
501,409
621,572
251,168
352,439
137,151
433,514
525,492
777,706
759,732
419,411
901,802
260,329
28,72
505,529
343,259
76,2
88,163
117,177
847,892
337,366
729,703
452,365
826,884
157,125
375,324
640,678
744,829
925,954
286,264
68,32
295,372
650,688
363,431
743,695
70,3
68,37
111,37
346,413
891,963
353,447
23,-6
808,763
721,640
663,681
569,473
775,776
548,573
601,516
489,557
681,744
742,683
292,325
701,761
330,262
975,1057
306,234
931,847
979,950
289,330
211,304
6,26
135,228
40,129
109,100
312,384
275,285
991,969
567,567
279,236
896,935
683,782
396,425
545,629
615,535
383,304
756,815
613,683
536,569
31,-43
584,590
570,627
544,493
300,254
280,365
414,501
579,640
171,162
222,212
234,324
149,238
561,488
408,404
47,-28
481,439
487,507
662,722
268,330
721,666
212,281
511,577
420,413
659,728
118,41
380,338
989,924
947,887
38,112
293,243
656,731
874,817
527,542
879,962
176,212
745,658
581,550
933,986
78,168
361,344
65,140
149,165
437,466
660,710
923,831
635,563
131,209
873,914
625,723
784,799
667,736
240,143
89,149
465,539
524,574
510,506
291,211
2,-70
662,760
686,616
351,429
906,890
339,428
440,534
408,368
950,997
833,812
898,995
621,638
518,531
320,322
482,554
660,620
232,257
785,766
989,890
741,733
4,47
473,517
397,363
65,162
264,299
705,630
438,515
964,1005
548,573
825,737
636,585
326,343
843,745
449,357
657,689
806,722
782,730
186,258
534,615
640,723
226,202
794,807
722,776
605,535
679,724
649,704
201,202
152,244
557,616
484,570
415,423
557,654
249,164
309,217
768,708
310,399
686,718
217,147
98,70
411,340
374,274
435,344
195,163
429,471
185,117
642,712
507,515
999,1021
597,519
246,281
11,3
839,888
796,894
590,540
312,393
682,750
770,802
282,371
363,333
678,696
695,725
65,-13
985,890
27,46
821,852
297,273
42,-48
183,207
87,5
493,542
213,250
704,694
538,559
718,639
422,409
195,142
120,143
245,291
470,446
936,926
621,639
996,1070
716,755
598,510
351,448
100,187
10,77
37,72
476,509
277,242
73,114
243,276
508,599
674,647
202,205
219,233
939,883
72,169
649,627
542,617
344,434
885,844
916,930
652,588
452,471
87,125
516,591
682,762
25,-12
473,375
40,94
146,55
304,235
338,390
396,386
14,73
842,869
303,211
856,888
459,371
791,819
699,729
88,84
900,841
794,739
595,505
322,345
497,453
51,85
88,159
310,366
774,810
589,636
743,832
10,12
417,393
394,343
579,533
43,48
130,83
417,515
454,424
411,335
99,17
45,-11
868,953
126,182
998,903
39,34
12,-67
660,667
703,712
405,374
963,1032
106,16
50,117
613,648
151,214
807,880
709,672
153,111
690,742
281,275
71,150
371,314
135,35
747,660
654,599
680,757
890,902
222,266
352,270
859,819
582,537
322,263
410,445
711,670
832,785
274,214
198,128
634,680
753,836
575,603
342,308
993,1000
402,493
104,105
65,155
345,414
622,718
258,189
2,-2
640,630
289,245
843,853
196,125
487,569
500,545
187,212
247,216
206,227
45,-29
661,729
345,284
706,622
35,6
173,173
231,196
236,279
795,699
168,129
630,584
891,822
697,668
810,721
555,556
592,591
729,720
467,564
692,784
695,690
182,195
8,100
141,185
648,635
505,417
752,707
968,1045
40,16
750,818
924,876
159,157
500,552
632,533
559,630
323,337
667,696
782,867
449,377
894,804
86,83
946,1012
550,451
248,290
893,885
778,870
49,-49
277,185
776,750
926,974
675,687
266,311
970,1052
316,265
249,193
260,311
864,809
105,177
526,592
412,441
578,599
735,725
225,178
793,873
162,142
125,25
256,281
85,106
53,-23
829,730
893,876
912,815
305,280
229,180
548,515
857,822
170,153
569,514
274,225
937,951
793,813
996,1073
434,349
978,1028
587,538
246,194
205,267
438,498
194,236
811,865
564,577
824,874
268,213
215,314
362,441
292,370
130,102
561,631
677,669
708,709
305,359
878,852
602,541
258,166
990,1041
74,59
579,517
894,808
107,121
38,109
386,371
935,944
613,648
24,-9
503,554
158,250
985,966
707,616
469,549
345,320
67,96
80,67
125,167
485,426
620,609
684,727
704,665
415,346
242,229
798,739
110,204
503,507
190,260
521,487
406,401
124,119
437,402
83,-6
819,889
158,88
573,594
248,280
696,779
482,386
819,788
153,193
625,672
956,870
687,719
554,609
533,440
735,786
277,366
35,74
136,92
548,535
743,727
346,339
96,37
513,523
429,458
629,595
83,163
727,689
909,913
100,133
374,375
572,603
382,478
981,906
565,557
96,4
534,544
231,324
323,326
471,402
885,939
272,290
7,2
801,868
867,904
991,1090
421,505
294,291
727,798
2,-58
240,163
878,794
543,511
370,394
617,553
780,766
85,77
664,692
914,933
900,870
922,872
795,830
795,890
568,599
226,159
78,103
879,927
502,581
865,902
284,328
68,111
673,687
724,815
366,409
379,460
49,29
929,1022
638,545
1,-80
661,752
947,929
425,515
421,520
328,399
830,819
860,860
134,96
528,456
889,880
425,375
803,717
955,871
149,62
609,645
923,880
636,630
513,429
596,518
480,429
429,424
802,749
296,282
130,200
317,268
59,127
158,126
944,904
245,255
166,178
585,533
796,731
856,887
954,886
873,922
224,176
110,206
88,136
503,569
670,693
890,891
98,179
500,536
698,771
511,460
978,999
406,347
670,581
78,144
442,472
792,770
89,168
926,898
749,724
571,490
232,191
342,244
825,803
979,934
757,826
141,209
443,449
129,197
975,979
271,363
616,565
524,602
182,104
378,467
713,804
269,297
485,459
226,204
211,188
781,819
641,541
847,790
10,26
33,-64
878,826
738,742
953,922
338,261
130,60
410,322
197,256
202,139
812,884
971,999
206,131
775,716
394,403
933,985
426,494
982,1036
847,852
770,776
975,953
359,297
180,116
750,741
151,166
362,413
411,438
838,775
797,751
15,-18
390,421
616,688
864,887
783,812
70,127
134,213
174,214
305,371
984,917
298,336
348,270
820,789
141,146
295,261
436,344
236,324
297,197
264,283
61,6
323,307
926,987
955,1012
565,485
310,276
97,175
277,269
526,532
539,524
563,539
428,363
667,590
832,782
256,241
545,541
354,350
139,98
698,790
766,856
26,119
816,818
217,283
297,281
938,920
904,989
790,805
991,1040
527,616
17,-32
949,964
724,657
672,602
450,538
523,615
126,199
879,865
372,329
136,235
327,392
394,427
958,915
300,331
750,650
604,652
563,520
918,971
555,550
600,632
397,404
81,88
484,419
196,204
137,52
402,422
877,954
248,292
521,587
621,681
990,1049
392,294
453,373
723,818
834,764
380,305
151,175
460,449
421,451
307,257
965,974
647,597
136,82
284,263
879,892
206,167
766,700
80,170
117,195
82,120
215,277
671,590
202,238
509,589
702,646
961,951
966,971
233,210
195,113
733,725
412,448
817,808
833,911
792,842
911,858
170,101
736,787
536,553
379,286
733,719
821,880
995,982
238,330
964,1015
292,249
426,398
53,-19
339,366
510,597
729,707
20,54
387,422
803,891
576,579
472,465
312,308
479,493
427,358
194,244
125,114
771,781
209,118
570,500
771,852
21,82
709,763
160,199
899,908
896,953
44,142
109,154
372,336
989,917
215,131
235,334
434,478
962,1058
31,22
640,737
589,684
745,836
912,848
91,59
362,359
698,741
431,398
306,364
22,-23
526,531
559,478
217,187
74,107
654,640
717,691
822,829
449,378
831,781
884,873
874,903
423,438
837,907
135,119
171,121
982,991
799,714
383,287
115,62
1000,901
695,783
123,178
728,745
732,826
108,8
717,661
382,384
640,676
33,-60
760,691
694,704
629,640
324,272
484,563
692,774
457,401
725,808
937,847
786,816
722,629
336,408
328,247
159,149
583,591
490,414
991,946
81,176
977,885
7,-39
777,863
578,562
270,273
444,378
631,606
864,796
248,323
493,423
900,816
719,678
323,314
961,961
160,128
281,206
349,310
593,612
68,120
492,484
583,673
888,841
63,88
139,109
260,310
283,381
26,-15
179,93
432,426
279,302
940,978
887,867
501,447
211,185
261,295
181,232
628,623
856,791
627,633
338,399
19,-55
442,538
439,464
296,341
114,118
272,305
365,419
594,673
486,546
521,497
590,493
609,661
158,174
77,92
581,525
833,840
120,108
928,917
145,204
322,408
703,726
533,613
427,520
165,111
680,687
438,510
632,730
330,318
371,379
275,218
670,766
789,808
519,513
194,287
454,542
410,337
61,127
898,937
717,628
46,31
903,961
102,73
871,793
627,596
658,621
941,888
411,502
20,-12
287,198
93,115
961,1034
840,746
355,296
59,76
163,162
157,99
218,251
609,513
792,831
808,765
963,982
55,91
594,600
155,165
708,635
129,215
425,495
946,1009
801,764
322,329
235,332
393,345
831,769
305,276
574,500
511,489
82,97
830,839
314,311
69,24
940,847
748,789
273,239
831,878
20,-79
893,822
233,160
271,253
275,262
351,412
718,761
922,996
857,835
593,672
259,205
42,-36
864,931
758,791
844,888
190,167
200,245
689,703
265,244
216,301
26,98
101,123
470,441
226,132
60,8
658,664
387,355
79,111
110,60
415,510
20,-51
610,519
247,284
239,225
987,946
585,503
330,325
187,164
708,721
227,307
536,495
872,898
69,-19
257,264
393,335
806,859
630,595
107,62
147,107
679,766
461,490
983,1031
803,742
757,805
247,301
235,276
996,945
704,759
214,308
420,519
641,592
196,96
468,474
335,325
892,915
831,878
936,1017
581,573
489,410
533,520
332,341
817,870
16,13
494,411
825,762
331,412
90,53
839,768
724,717
847,846
273,230
612,521
514,613
204,225
207,245
454,541
833,824
934,1007
531,582
576,599
764,833
393,429
166,230
299,381
551,492
957,870
758,717
252,268
904,885
38,20
566,583
327,298
506,512
76,92
896,921
104,22
79,110
82,108
177,114
496,465
511,562
280,285
920,829
629,578
336,290
205,182
375,371
656,699
355,265
122,200
509,570
413,464
399,324
795,875
48,123
231,298
861,824
695,619
376,407
412,323
778,849
257,199
463,428
914,872
361,349
90,46
433,406
440,349
857,810
535,506
664,668
690,775
403,494
225,220
491,484
450,429
864,793
298,372
932,846
535,527
490,500
745,786
680,626
934,845
71,115
949,948
933,917
926,843
967,918
374,290
95,86
256,324
90,21
780,739
245,177
499,497
576,587
612,578
6,28
873,899
298,321
990,948
178,143
468,433
450,367
805,713
290,367
37,-49
735,735
960,1045
468,567
697,731
940,846
350,426
759,848
448,456
263,239
115,44
277,224
271,179
917,934
14,70
834,842
902,816
776,722
621,641
214,147
971,933
905,916
752,769
234,264
378,371
625,598
5,97
444,514
972,1030
700,662
477,425
649,643
422,354
108,118
270,200
580,531
139,89
517,521
246,219
947,975
293,231
268,170
362,436
948,895
335,278
513,541
389,335
831,733
438,477
230,287
149,126
49,-14
593,532
787,798
795,761
482,415
975,906
361,396
541,598
572,516
808,778
432,511
693,771
640,719
906,935
213,155
530,542
786,699
563,541
68,160
592,493
15,60
6,4
399,422
326,300
572,591
242,251
684,748
639,673
97,154
501,530
716,812
64,13
692,693
1000,952
190,176
934,986
689,657
332,405
756,804
393,387
654,709
788,713
584,636
95,39
650,640
543,444
462,374
648,652
5,-23
461,393
126,35
801,839
416,413
231,326
739,809
92,-4
2,-86
601,612
815,749
74,118
158,58
354,373
609,572
997,1028
338,274
509,507
844,773
331,238
485,461
353,374
66,124
39,57
819,862
127,198
918,975
11,94
420,417
753,758
954,973
959,874
146,126
379,415
10,33
593,553
40,-26
157,152
814,841
723,645
905,981
933,925
432,413
436,485
75,174
57,21
740,669
415,454
955,1032
370,361
280,274
877,802
557,499
367,306
684,589
779,808
571,499
782,824
893,907
721,818
407,330
969,984
353,414
644,678
641,571
248,179
73,99
444,356
908,880
822,763
597,661
571,533
673,758
606,673
517,439
160,203
287,212
716,720
721,623
351,414
366,322
748,781
999,998
423,506
648,682
359,310
534,482
158,247
482,426
638,550
947,967
202,139
190,202
933,943
966,959
429,358
979,983
733,724
932,880
734,694
28,61
398,428
719,713
576,647
977,901
195,180
373,386
693,657
459,536
708,726
50,103
997,980
765,842
108,34
801,718
138,207
239,211
433,397
899,906
885,813
166,207
685,734
47,45
853,795
164,156
186,120
408,501
832,889
13,44
428,373
85,44
869,911
570,622
462,382
685,727
940,863
343,295
942,965
136,192
916,936
101,197
700,717
802,844
600,518
53,9
756,810
323,310
166,200
658,727
705,709
98,153
797,893
60,79
805,873
163,153
55,13
939,886
240,269
245,219
953,954
536,520
3,-59
612,518
14,-43
657,568
508,417
512,452
343,265
721,656
466,498
129,214
420,355
355,296
315,387
77,39
502,408
837,775
69,-9
203,278
24,39
796,855
611,590
409,349
129,175
976,956
195,183
944,849
711,782
517,581
963,871
72,-13
265,339
515,436
879,887
55,10
934,911
321,300
351,316
192,185
220,141
352,311
497,493
249,225
88,73
742,786
439,446
342,398
302,239
62,83
320,317
327,293
352,322
686,719
286,315
134,68
185,112
812,747
65,-19
604,516
9,-36
44,93
749,734
850,855
122,145
376,328
508,502
724,674
390,477
520,539
206,263
984,1006
839,811
800,802
663,595
354,261
849,882
356,304
919,923
794,882
725,780
624,638
76,87
543,612
740,831
993,995
568,643
722,633
528,523
884,883
622,694
555,643
16,84
973,948
964,877
975,1074
338,371
267,325
582,504
61,153
317,351
229,267
476,473
971,1019
303,205
803,874
803,714
826,855
438,397
123,50
635,608
864,929
656,633
438,442
332,393
517,544
758,739
267,273
47,44
393,420
17,40
738,732
767,706
719,779
823,784
44,54
51,-30
254,266
157,144
251,209
725,770
856,804
595,589
727,696
422,517
279,215
570,476
410,433
311,396
392,350
452,367
287,386
165,185
975,1034
946,993
895,928
669,759
342,370
125,211
685,721
589,541
95,163
467,470
420,509
751,733
209,137
720,753
468,469
232,303
295,351
173,91
935,919
380,317
519,492
165,260
600,569
438,366
967,928
886,869
719,660
545,640
467,431
839,892
976,900
737,693
538,587
662,727
702,683
997,954
420,513
890,869
320,318
592,495
35,-49
380,285
614,708
614,616
732,794
416,341
422,464
798,723
160,207
326,317
5,38
728,723
511,491
438,503
450,512
542,626
692,619
236,179
352,360
147,198
409,505
49,144
612,600
635,693
119,46
9,-13
855,953
334,320
359,408
773,781
958,986
291,306
222,285
651,700
893,973
235,326
686,640
714,639
617,576
560,548
930,902
927,920
352,283
386,457
424,453
925,888
855,837
680,677
663,695
190,108
178,134
171,150
943,857
230,188
648,708
49,-10
544,595
978,958
860,847
663,648
460,470
190,155
345,364
910,963
569,507
538,621
54,138
543,498
275,184
593,660
259,332
626,622
51,139
11,92
901,998
74,92
409,317
483,443
286,262
776,825
879,916
742,715
829,863
960,1030
197,157
492,549
387,398
505,434
141,102
947,1028
939,1027
970,1016
598,557
401,322
768,815
821,769
864,829
336,275
553,641
858,914
348,257
1,-74
583,619
206,296
996,990
339,310
161,187
745,717
171,245
915,944
104,127
607,636
679,669
154,85
739,777
854,848
281,306
684,687
444,383
352,334
703,674
315,236
521,493
480,536
803,735
860,807
917,852
386,485
850,830
773,806
554,621
215,239
795,734
981,1076
321,406
271,238
67,55
424,492
645,579
769,837
279,333
230,293
786,718
223,280
67,55
246,247
372,423
223,145
53,126
804,809
82,-6
571,483
600,655
2,52
466,396
218,118
960,953
875,895
427,440
107,33
605,595
802,814
290,292
448,530
315,412
587,600
405,453
436,519
424,446
753,717
824,736
830,842
811,900
677,728
112,66
741,733
475,489
52,42
881,948
1000,1088
336,268
937,956
565,468
168,196
356,392
208,224
623,559
151,97
931,963
754,755
778,731
70,154
116,149
976,1004
935,908
320,388
494,453
997,1042
267,230
377,379
694,639
946,958
451,479
48,-15
26,-60
553,589
670,596
302,348
860,890
36,30
233,206
522,602
459,382
529,435
737,686
842,891
350,265
71,131
432,341
109,180
963,976
395,414
249,211
162,89
779,721
217,217
753,745
401,495
876,962
119,93
201,255
422,357
415,385
343,367
897,880
550,624
885,841
243,162
332,413
834,932
870,934
218,194
518,496
318,232
386,430
988,1046
241,246
295,254
843,929
578,481
290,205
85,45
343,269
21,-69
726,643
187,268
672,595
230,254
746,676
11,-66
215,169
848,893
47,27
157,216
759,805
580,498
268,341
111,119
406,425
26,-9
533,494
39,104
188,173
392,486
358,404
270,299
149,198
289,237
66,-17
956,972
315,405
107,187
138,141
941,981
648,565
769,672
527,546
793,781
426,411
392,364
744,653
27,11
618,715
399,300
146,209
323,267
329,294
57,12
795,781
561,480
128,32
277,234
412,507
705,627
401,303
729,795
60,149
668,728
675,601
816,814
495,503
280,280
592,643
606,514
624,683
463,424
821,846
350,436
435,440
740,698
156,247
180,238
426,495
140,151
44,122
481,498
591,655
764,804
364,340
564,494
528,496
961,890
870,787
769,775
74,82
131,228
67,111
747,685
93,77
72,105
844,834
392,413
996,924
468,398
771,857
824,863
879,949
198,243
310,345
440,522
489,404
100,56
234,225
387,287
969,1023
290,241
986,1030
372,466
232,181
657,661
931,986
75,50
988,1055
179,90
57,22
205,168
747,757
108,149
475,479
207,302
110,201
291,367
936,864
24,-23
945,953
78,14
987,919
146,115
274,365
197,222
376,343
758,731
787,702
456,481
349,384
860,918
690,590
586,567
473,406
985,1044
675,756
47,73
444,362
206,273
266,232
578,485
483,550
628,695
894,813
930,1001
978,923
787,771
559,583
730,639
870,928
497,557
754,792
4,89
60,85
757,760
73,26
171,262
56,19
80,123
925,848
700,785
608,575
174,271
271,361
998,918
667,698
673,737
243,172
555,502
160,200
907,918
145,220
518,599
869,846
646,660
38,21
763,834
877,829
1000,1061
375,435
764,819
59,66
153,202
244,178
16,86
711,787
723,747
753,832
310,355
668,624
142,195
484,452
467,464
541,477
805,834
960,905
983,950
435,359
783,866
151,207
70,109
167,176
694,790
142,84
971,969
606,623
51,58
32,28
943,962
231,248
189,142
534,560
203,130
828,783
132,204
55,16
893,946
121,191
762,784
51,72
598,580
476,496
843,845
776,812
274,267
698,772
229,233
507,436
959,992
730,675
408,311
338,246
296,250
993,933
160,68
989,1008
201,120
737,728
647,696
248,249
34,58
438,443
885,794
950,957
136,60
871,823
611,581
79,101
813,866
339,259
817,773
876,933
581,548
191,179
765,710
681,626
7,-4
167,241
479,509
696,790
572,479
502,505
674,667
875,803
117,174
742,813
648,591
520,618
972,972
147,114
906,838
622,558
762,686
122,34
71,80
613,578
213,117
994,1047
843,770
723,689
256,252
595,614
571,505
368,328
851,764
618,629
378,458
942,981
689,661
750,678
955,929
534,624
621,629
137,80
374,393
250,169
883,876
172,208
224,138
365,372
404,444
448,386
742,839
782,711
212,137
472,561
817,720
95,101
799,831
788,756
976,920
396,441
595,568
318,226
471,389
535,520
621,690
627,562
126,110
211,144
401,456
657,610
723,655
823,744
510,468
296,351
658,564
324,414
585,618
640,739
369,411
434,385
938,867
85,-12
28,-11
303,346
245,240
177,187
583,672
7,26
679,718
249,152
120,215
423,428
693,663
338,276
373,407
140,85
547,576
184,187
714,709
521,580
684,628
709,609
537,457
712,681
834,758
461,404
971,959
764,671
989,953
446,401
935,838
17,38
92,123
659,589
632,573
462,439
220,171
46,118
352,436
779,807
383,478
551,467
809,897
266,328
843,892
601,502
89,152
630,592
337,242
643,582
360,296
732,793
721,651
850,787
259,219
694,693
244,167
759,841
10,21
627,626
829,906
428,470
114,122
701,693
92,72
743,783
287,301
262,335
486,488
401,380
373,289
950,859
203,260
446,464
262,298
882,812
893,884
933,981
89,47
78,120
877,846
871,969
769,857
290,371
9,-10
353,254
67,47
179,88
637,675
443,536
966,988
489,560
176,151
458,405
99,26
866,896
469,564
128,121
669,681
687,644
746,829
829,912
647,611
415,465
341,316
526,609
798,713
332,260
109,16
196,172
909,890
422,345
466,398
700,766
389,358
616,592
270,342
320,276
293,374
96,12
647,637
928,903
749,728
776,690
372,283
82,-6
710,805
238,283
814,879
875,901
51,132
231,305
777,820
602,515
549,640
285,367
825,881
962,1018
120,42
892,800
792,848
589,524
823,801
366,341
701,700
770,716
319,327
431,516
877,898
723,759
601,648
48,51
153,209
790,825
54,63
931,918
883,928
822,905
925,866
353,426
16,17
233,134
597,551
109,191
457,437
54,4
985,930
49,147
189,214
756,697
215,249
198,229
770,856
314,305
170,163
580,580
580,620
514,414
476,568
286,193
434,358
267,308
207,128
91,22
890,905
814,839
164,229
898,973
116,208
402,313
360,321
535,525
534,552
296,349
437,474
201,200
793,771
305,261
399,319
939,898
427,500
126,175
945,869
875,932
429,359
496,556
489,501
89,91
382,372
402,346
20,-20
439,406
755,737
598,666
910,848
718,630
519,518
674,606
21,-32
711,665
335,333
855,875
459,500
838,896
678,604
979,1037
39,136
921,868
661,655
402,438
978,1024
374,462
738,807
900,953
740,735
141,196
567,505
356,332
379,445
416,502
852,839
96,26
369,440
252,244
5,86
20,-62
987,960
748,834
829,740
586,579
947,958
536,458
726,690
892,833
491,402
842,887
230,194
955,912
657,598
819,783
440,412
793,880
40,-17
187,144
254,304
961,1060
47,-1
154,119
268,268
433,509
628,641
700,688
475,447
347,349
507,508
52,7
787,701
498,403
792,760
938,953
609,548
969,1013
291,257
407,332
411,457
730,775
308,294
585,553
425,456
393,407
373,289
944,926
443,481
200,244
216,214
664,577
833,795
809,750
161,132
246,239
716,712
880,801
193,262
498,536
981,954
82,117
103,71
430,524
379,425
297,245
882,910
13,-78
392,320
344,428
149,147
898,928
479,549
416,507
477,522
420,356
514,487
620,646
374,310
878,911
621,696
393,383
784,707
732,799
267,360
363,329
994,894
545,585
116,53
534,472
860,774
942,871
143,79
605,614
343,248
55,48
361,287
3,-50
497,463
194,165
99,130
859,769
33,18
576,508
369,424
36,21
285,324
301,207
570,582
91,23
870,873
409,491
686,770
136,101
782,834
594,575
183,119
761,801
671,587
498,547
978,966
37,52
998,976
39,-44
669,601
911,948
669,721
870,947
210,228
319,346
94,121
977,1046
697,646
359,368
568,470
402,398
137,125
130,90
678,593
16,91
608,558
10,64
482,417
645,640
657,634
666,676
922,891
22,0
437,361
258,229
981,977
414,459
492,440
721,712
615,572
326,232
854,935
197,278
113,98
62,12
50,-2
36,15
794,888
217,157
917,817
409,453
471,561
82,93
815,896
644,702
840,753
644,546
149,108
607,664
966,923
744,719
598,579
3,76
928,830
103,186
511,514
608,600
146,194
183,197
847,823
304,264
340,293
445,421
131,89
390,349
176,219
647,720
589,606
262,342
414,343
905,927
295,336
383,284
758,804
78,150
551,570
382,352
679,625
404,369
510,571
75,-11
845,924
436,462
252,153
460,527
91,67
601,672
593,595
762,687
837,792
277,336
680,621
960,928
932,967
798,796
869,820
947,957
721,722
784,836
422,490
841,859
484,444
414,396
556,505
878,948
244,284
289,212
832,758
919,943
693,669
719,792
812,723
885,919
403,373
494,402
410,497
498,439
660,735
724,766
923,1005
639,545
799,818
80,56
327,265
796,743
479,494
795,821
153,131
743,792
478,400
269,211
628,609
98,33
137,172
690,607
991,1085
982,888
515,509
262,212
808,813
879,786
441,474
831,840
260,257
446,524
923,981
870,926
180,165
458,397
851,898
981,966
427,408
884,966
555,599
691,770
595,605
599,575
252,263
428,379
657,571
583,531
622,622
345,319
41,34
537,487
38,77
47,10
976,980
536,571
877,781
241,168
90,-6
278,191
247,307
781,700
880,791
432,509
916,890
635,572
94,180
953,1034
632,670
200,123
215,249
905,957
821,822
480,448
893,834
324,269
738,758
349,333
200,116
362,277
535,599
965,887
140,79
264,307
504,482
664,662
428,419
659,746
864,893
561,526
26,-53
846,835
695,659
518,597
947,888
996,936
455,516
802,765
188,88
725,798
91,6
763,827
906,883
258,274
433,384
605,551
674,707
99,166
855,830
897,822
56,93
570,603
994,1025
691,710
299,229
986,1013
120,214
702,783
762,691
94,101
583,600
148,147
450,403
591,675
641,674
600,693
756,693
385,417
391,363
687,606
122,150
275,326
405,409
39,49
955,962
948,880
233,233
1,24
780,705
979,1005
588,518
364,452
968,961
262,325
643,619
53,52
52,23
729,808
272,334
36,-51
472,486
745,780
751,824
764,848
233,245
872,928
851,781
966,1049
254,300
257,281
964,1032
989,1063
477,539
905,932
426,360
6,34
993,1011
308,285
16,13
343,433
865,779
124,166
931,981
154,203
399,416
315,367
487,502
680,707
516,498
328,408
981,1077
545,607
489,558
755,660
18,-12
3,25
516,445
762,795
81,8
510,525
248,186
642,697
640,638
583,533
946,1005
485,507
742,816
531,459
70,8
721,772
732,701
571,641
727,801
647,576
398,497
914,821
875,951
441,527
141,106
750,785
547,557
152,97
867,877
600,637
61,-30
441,434
465,512
662,617
872,783
883,812
953,881
885,853
432,507
425,495
225,249
580,641
714,674
453,543
636,598
505,590
380,435
138,56
431,418
674,590
198,128
160,223
739,773
371,333
376,387
187,110
975,1050
280,334
929,905
59,-16
171,179
611,670
82,44
182,197
635,711
798,834
948,1001
491,468
981,1045
72,4
40,42
241,209
203,283
692,728
169,180
434,489
214,258
656,601
687,676
191,184
680,648
598,535
339,342
951,956
750,810
771,818
625,705
874,966
612,580
427,379
525,616
194,163
203,291
355,363
891,919
271,220
20,-10
437,468
493,556
93,5
68,-12
662,618
266,184
825,742
190,175
727,811
554,526
384,439
218,133
913,886
434,417
469,468
217,121
392,312
2,48
39,135
156,152
760,828
892,869
454,416
149,110
859,911
579,592
457,539
470,376
45,-28
285,373
124,89
872,890
192,98
167,130
930,836
48,75
324,320
441,523
319,403
829,814
113,194
956,868
217,166
470,492
246,245
863,792
797,852
451,452
749,790
508,584
919,895
257,280
636,726
927,893
969,1064
710,611
826,875
209,245
967,963
729,806
886,878
89,146
312,407
284,214
797,792
999,996
387,442
709,655
162,69
552,646
458,419
595,503
374,328
702,610
262,233
922,1021
245,157
973,991
263,264
375,340
904,824
367,458
475,474
552,467
683,767
798,861
485,390
893,858
326,344
155,204
813,904
503,493
911,996
997,977
416,323
726,632
644,715
396,299
875,970
147,117
346,255
576,518
631,646
32,130
799,835
528,590
297,391
556,652
615,566
276,226
643,647
950,1013
199,215
110,175
953,933
820,803
924,826
240,174
731,675
656,588
684,768
639,554
29,122
274,237
877,852
378,360
98,103
396,464
868,820
938,861
359,458
97,47
566,475
998,958
215,179
933,942
342,328
963,892
891,803
608,676
403,477
286,296
878,937
136,172
386,414
838,833
809,732
690,758
362,282
863,780
817,776
525,527
624,637
301,229
251,194
302,396
960,974
676,766
262,200
363,364
186,275
930,986
392,488
565,650
595,507
674,720
753,771
142,166
970,1065
78,25
595,648
721,703
542,588
211,248
670,591
958,1049
23,67
495,422
570,489
680,766
307,257
799,817
906,966
77,167
876,953
905,817
257,301
264,225
204,132
261,347
345,429
845,797
544,533
965,996
279,275
999,933
928,911
211,265
863,961
663,725
559,571
779,804
230,249
953,905
609,510
730,688
953,879
532,580
484,473
484,446
943,936
52,-18
67,58
451,517
227,229
752,760
269,218
781,683
714,782
626,559
245,248
623,593
516,431
75,37
189,93
694,594
131,192
791,858
450,535
162,251
20,75
825,751
942,984
82,129
202,243
907,904
9,66
619,686
136,130
16,9
407,328
148,209
144,45
176,268
865,963
179,178
821,787
382,363
725,737
778,840
357,444
743,719
870,825
310,338
853,913
884,864
802,734
967,1016
980,999
129,73
127,30
539,603
106,29
834,809
124,172
481,577
2,30
61,67
210,156
425,504
528,476
441,471
599,587
40,-7
508,431
129,60
601,695
630,656
979,911
341,268
73,78
240,163
204,278
920,917
767,667
511,463
312,259
328,301
493,555
369,320
934,1033
956,879
743,826
448,449
984,957
708,749
106,68
582,557
979,1072
585,603
494,431
93,137
349,372
389,418
9,-29
959,1028
260,221
975,1056
691,749
918,853
356,315
307,243
129,204
769,746
536,574
388,432
660,699
335,302
970,992
717,636
612,540
324,319
362,274
194,117
431,378
506,519
649,593
846,848
158,179
756,829
114,114
256,351
663,727
25,10
220,253
69,23
969,945
976,936
484,460
847,774
950,851
585,532
243,323
113,209
931,1021
854,805
713,776
817,813
283,311
74,21
475,451
804,804
51,79
379,378
832,902
845,806
224,247
970,1060
218,294
169,169
213,309
941,900
649,560
940,868
461,498
895,868
137,139
739,659
523,515
392,312
303,312
388,307
58,117
753,681
430,412
256,344
748,755
782,843
33,-3
601,520
5,94
718,658
353,400
685,669
903,845
256,160
614,573
356,433
61,-21
820,865
135,180
579,487
799,854
383,413
942,875
410,501
230,204
237,291
924,1006
583,512
847,866
753,807
792,791
400,457
517,554
442,396
895,953
448,538
20,45
203,191
800,714
220,214
235,163
845,816
984,964
196,187
896,930
272,316
456,379
459,402
300,205
788,880
49,68
33,96
258,240
379,427
998,905
864,948
451,422
466,462
208,238
795,821
594,537
686,678
875,849
397,399
329,272
650,657
561,541
833,863
369,391
293,242
734,653
783,811
509,585
869,916
147,138
196,139
565,631
424,453
902,978
659,707
317,291
910,912
128,74
378,418
333,344
857,930
91,53
607,660
90,48
638,657
105,167
346,276
45,31
679,725
170,148
286,235
408,443
111,139
804,817
11,-51
802,900
324,346
614,518
712,752
774,786
291,244
822,874
725,711
342,267
619,693
472,515
551,573
148,80
400,479
360,410
820,750
78,84
893,827
397,391
585,533
891,827
110,76
928,889
630,642
943,971
728,799
909,1008
446,365
665,587
645,701
624,723
265,213
286,286
618,538
540,494
515,563
422,508
571,575
256,269
31,21
630,712
923,898
456,439
848,815
264,171
509,552
344,348
208,212
135,69
998,1019
526,465
693,745
882,816
241,227
362,423
560,578
966,909
108,73
693,677
954,913
177,220
265,220
862,910
10,-14
372,352
67,120
449,398
950,1009
516,551
506,534
149,158
605,558
964,982
240,286
291,365
559,495
493,557
928,892
139,203
162,134
804,729
97,176
485,583
700,679
851,912
87,27
754,786
1000,933
597,673
633,642
221,246
852,942
789,878
37,108
673,765
406,375
75,48
40,-22
821,808
782,688
501,553
24,101
157,209
364,446
371,279
777,828
73,35
603,686
523,513
856,955
580,519
671,639
950,854
591,517
304,224
274,199
501,579
927,848
702,609
320,289
656,608
516,558
926,872
439,439
738,726
360,432
994,905
504,407
445,522
562,471
93,98
950,981
688,688
633,543
253,297
996,914
501,561
920,1003
585,624
939,840
251,241
900,845
114,94
590,542
415,376
304,357
913,871
40,102
215,148
701,722
454,430
371,301
260,313
603,556
47,137
470,384
848,896
903,912
863,887
764,802
187,137
302,395
672,735
395,402
784,772
709,625
843,834
6,91
725,638
714,667
898,936
882,845
102,159
187,100
837,857
310,323
882,865
635,569
840,763
733,714
949,985
407,489
973,971
958,868
433,398
735,663
292,361
501,469
476,379
978,936
264,246
814,886
515,472
855,863
77,9
113,178
749,720
569,621
910,1009
721,753
169,232
101,121
215,302
470,377
672,639
917,903
364,420
651,702
313,310
633,557
412,354
747,810
978,887
206,138
564,638
650,613
716,627
630,640
240,179
329,340
50,-28
108,28
738,721
494,543
789,819
708,733
895,976
870,802
817,741
296,355
755,709
223,127
789,867
429,511
539,611
45,-5
745,786
160,129
89,144
944,1026
261,334
449,524
567,511
310,399
964,1031
762,700
833,908
731,797
804,724
701,799
2,15
17,42
783,771
772,799
893,927
523,552
704,789
154,166
702,791
231,220
172,75
786,804
704,743
90,38
847,829
270,358
84,73
608,585
975,1012
160,253
92,29
627,690
342,386
962,915
156,222
669,615
731,702
190,136
489,450
525,578
820,757
392,448
731,754
959,1015
437,461
337,416
568,498
769,723
695,663
679,672
269,173
96,154
825,810
869,775
473,532
508,567
578,495
197,167
224,232
365,418
796,741
818,781
282,235
82,-11
984,932
536,514
658,718
480,387
977,1069
964,871
367,427
207,109
739,738
610,615
379,420
99,30
915,914
668,685
886,977
882,816
918,942
500,482
923,850
771,814
105,141
870,826
872,816
948,1004
654,748
830,844
108,130
204,280
788,833
180,271
553,579
600,506
186,223
384,476
975,1003
537,480
794,736
325,396
600,693
847,779
935,869
174,113
61,-29
263,172
723,708
506,507
90,161
479,514
99,111
733,787
303,287
145,206
499,441
61,29
782,731
802,760
346,294
548,448
11,110
841,786
177,110
633,642
61,76
132,177
885,791
132,60
585,525
333,392
139,40
871,830
532,524
161,120
254,254
921,959
903,928
81,-17
954,945
385,336
203,296
401,435
592,544
553,637
597,550
146,65
887,856
281,257
260,251
568,538
506,493
447,472
991,996
132,203
231,291
127,85
312,321
410,474
523,508
522,512
76,-7
97,105
383,432
867,882
546,500
220,317
124,93
296,230
869,926
102,193
938,975
672,741
886,897
282,255
311,372
816,762
730,786
349,308
536,551
698,636
340,278
52,-25
460,522
612,516
92,98
58,-10
447,483
811,724
170,245
364,416
138,177
227,216
577,649
440,344
6,85
57,-21
409,337
225,306
920,875
985,1005
619,714
714,743
699,674
391,319
488,543
766,686
465,559
6,28
964,1033
657,669
66,132
421,442
546,501
575,568
140,111
579,576
425,517
595,512
492,398
47,78
382,317
736,769
807,861
140,141
630,583
983,1070
818,813
962,884
236,293
465,489
620,570
591,523
732,640
545,635
953,1033
56,117
244,253
60,88
468,488
222,286
63,156
92,154
699,679
821,750
400,346
383,393
1,85
542,466
525,427
553,624
765,693
101,124
703,798
422,390
717,768
357,433
385,407
966,1007
469,513
186,179
109,189
1,0
710,747
928,926
417,323
848,751
180,134
889,974
416,450
397,370
357,294
126,109
334,282
41,-1
365,424
877,924
427,330
58,73
946,1019
315,406
377,354
518,612
594,687
90,7
913,917
394,402
801,865
614,655
708,667
339,387
396,422
873,805
714,699
67,116
344,347
421,333
15,35
221,313
403,396
972,1026
272,213
190,170
572,644
398,311
679,756
948,913
911,861
776,779
898,814
430,366
47,-43
160,229
161,158
283,314
748,706
395,485
125,38
169,224
162,227
428,393
747,721
948,1029
388,472
808,822
353,312
777,686
435,341
281,243
780,816
803,869
94,159
973,1021
860,794
993,1010
79,59
262,301
839,777
395,339
202,142
275,206
90,154
462,498
811,718
303,291
446,468
127,72
437,490
499,538
953,967
663,632
962,880
565,663
903,923
303,222
104,115
13,-17
292,280
147,160
352,407
778,841
162,256
7,36
586,673
360,454
228,245
717,664
725,732
929,877
593,503
216,188
383,399
341,414
75,-23
913,1010
580,557
27,126
458,518
377,434
263,328
599,604
622,603
434,386
235,235
20,-16
605,599
898,854
909,995
85,109
921,823
704,678
263,260
667,630
499,587
252,305
687,587
288,277
421,429
788,873
789,733
331,285
428,432
650,591
246,201
226,214
332,246
168,150
708,689
677,763
646,742
658,673
896,865
61,126
72,76
340,347
829,807
81,-3
76,48
839,754
190,143
815,738
667,680
915,953
957,957
965,888
542,589
258,224
382,461
36,68
349,293
832,834
757,683
532,437
253,300
32,90
795,719
554,557
648,731
101,195
334,277
664,663
691,702
332,332
310,304
655,685
850,847
503,575
690,788
548,556
223,180
669,737
1,-71
536,489
835,826
685,610
444,352
692,761
571,548
46,124
142,108
43,13
976,989
425,424
447,503
849,904
881,808
997,1033
469,529
834,804
955,934
33,0
740,813
268,249
250,242
182,165
382,307
10,70
743,814
838,909
699,776
255,338
446,492
734,647
513,499
144,81
579,634
91,113
184,208
776,684
905,916
706,707
956,969
925,959
199,153
841,825
805,882
645,651
889,790
400,464
910,852
410,429
224,128
252,188
55,16
980,1027
196,154
293,259
101,125
345,273
82,21
424,453
545,630
600,642
369,383
474,567
325,308
488,532
314,409
775,847
524,589
399,343
209,307
265,354
16,22
718,683
313,269
137,99
382,436
751,746
669,602
929,898
602,701
24,-1
1000,984
385,443
437,516
430,344
815,839
296,197
975,928
369,290
750,840
695,630
604,633
246,284
332,369
159,166
596,563
699,611
13,-81
168,208
45,66
56,-40
772,851
844,747
844,786
330,347
172,111
735,818
291,303
677,678
99,57
842,819
963,982
274,270
66,115
496,488
641,576
526,526
412,411
704,767
413,347
211,232
39,134
257,166
33,-9
879,927
300,283
522,517
413,498
595,575
534,541
413,361
946,849
742,717
738,777
853,814
163,105
398,497
111,38
752,737
591,499
302,400
982,991
179,272
705,770
452,459
357,298
664,683
955,922
721,684
828,828
772,870
782,722
268,224
712,756
912,967
393,382
940,985
659,707
359,350
87,96
82,89
777,800
809,744
135,44
148,215
834,861
631,612
672,678
78,45
52,51
464,415
88,-1
590,611
683,635
893,838
687,702
780,709
794,869
217,192
43,27
593,669
243,185
720,664
530,464
143,63
155,222
75,104
869,885
553,622
186,276
103,49
507,581
709,643
193,235
777,862
938,884
27,124
617,564
912,874
547,470
376,467
811,887
818,805
744,684
364,316
317,328
619,686
453,532
530,591
355,314
970,909
570,629
471,483
643,570
316,329
409,421
595,498
545,561
685,694
618,683
980,1054
977,907
197,126
870,884
428,370
624,538
189,163
713,642
881,884
252,259
96,17
74,168
126,97
446,391
459,513
193,156
539,498
252,221
637,641
590,618
968,918
520,447
867,915
882,890
129,156
643,693
612,639
79,-19
10,-44
557,509
888,872
690,713
642,646
606,518
94,95
419,509
523,564
936,994
78,94
691,699
997,1021
945,954
199,267
917,842
152,118
338,262
768,861
479,405
973,1041
148,224
108,202
268,345
19,-65
513,438
319,327
186,192
33,128
299,389
128,139
173,165
298,350
953,1041
345,417
947,885
225,297
564,475
811,876
376,410
945,911
241,305
940,885
152,59
789,871
409,451
802,721
387,427
192,223
557,535
897,894
186,119
671,740
426,427
248,178
510,568
912,923
312,348
125,83
860,891
733,793
752,780
32,118
312,340
586,641
96,165
627,590
584,575
793,765
4,95
932,1020
158,172
106,103
700,738
36,-51
55,91
798,700
463,481
627,563
424,392
536,486
158,239
667,593
564,608
583,554
896,945
861,784
749,691
14,20
148,149
451,504
13,-16
450,369
965,1039
613,639
633,662
914,941
369,464
96,122
770,684
866,924
866,959
393,317
508,425
433,350
408,503
705,744
524,620
265,340
34,3
649,646
507,421
496,504
635,733
745,777
213,177
324,225
171,147
502,573
457,518
691,630
220,291
371,405
920,962
860,906
211,226
412,315
764,723
747,726
259,166
442,541
104,36
605,654
361,431
772,836
880,833
478,386
931,972
963,938
17,36
738,694
629,581
14,-67
955,1042
812,736
933,1015
194,174
598,634
800,828
614,617
18,112
837,904
639,702
473,477
917,829
668,654
984,1028
149,240
180,183
37,133
847,888
857,955
9,69
374,335
609,640
54,94
669,659
831,929
589,651
854,953
82,119
161,84
139,74
425,391
775,698
600,685
8,42
662,659
974,997
56,-14
757,697
66,96
39,-47
205,285
174,198
191,260
79,173
854,833
309,368
462,392
116,26
426,385
710,632
492,455
574,540
668,681
530,544
422,451
522,510
104,119
189,231
149,207
689,770
883,886
108,180
925,999
343,356
629,553
172,89
594,657
846,925
304,350
434,342
351,423
811,823
699,704
776,787
326,392
970,1022
389,351
312,227
551,577
184,168
330,408
662,578
406,316
153,143
317,219
393,425
825,734
820,770
42,-46
712,671
704,788
472,509
211,272
991,951
754,839
239,212
460,409
439,477
385,366
478,551
408,383
767,668
119,106
469,475
673,587
1,-60
404,467
984,917
932,870
414,453
801,782
339,239
596,679
353,354
768,705
660,626
776,710
596,624
611,540
236,199
384,376
21,22
739,818
848,759
759,832
897,995
178,153
437,516
878,851
409,483
78,145
404,436
393,489
494,460
839,764
283,266
735,816
583,517
640,660
258,216
663,592
993,895
388,348
878,868
341,403
640,575
800693
227643
340698
157351
154647
507267
362998
65227
7508
121842
131798
164984
204702
112319
53444
118461
24996
107174
32550
71487
37224
6585
7592
12223
8557
21099
34710
156
22607
15035
3508
3268
14598
2568
1395
6326
6357
203
4533
3392
885
1586
1173
521
2440
1322
2439
202
5
1225
652
1019
1621
975
622
721
95
761
51
232
16
448
240
39
51
280
234
72
59
86
91
45
77
38
21
57
31
16
5
21
19
14
10
2
0
11
8
4
1
2
2
3
0
2
5
0
1
1
3
0
2
2
1
0
0
1
0
0
1
1
0
0
0
0
0
0
0
0
0
0
0
0
0
0
0
0
0
0
0
0
0
0
0
0
0
0
0
0
0
0
0
0
0
0
0
0
0
0
0
0
0
0
0
0
0
0
0
0
0
0
0
0
0
0
0
0
0
0
0
0
0
0
0
0
0
0
0
0
0
0
0
0
0
0
0
0
0
0
0
0
0
0
0
0
0
0
0
0
0
0
0
0
0
0
0
0
0
0
0
0
0
0
0
0
0
0
0
0
0
0
0
0
0
0
0
0
0
0
0
0
0
0
0
0
0
0
0
0
0
0
0
0
0
0
0
0
0
0
0
0
0
0
0
0
0
0
0
0
0
0
0
0
0
0
0
0
0
0
0
0
0
0
0
0
0
0
0
0
0
0
0
0
0
0
0
0
0
0
0
0
0
0
0
0
0
0
0
0
0
0
0
0
0
0
0
0
0
0
0
0
0
0
0
0
0
0
0
0
0
0
0
0
0
0
0
0
0
0
0
0
0
0
0
0
0
0
0
0
0
0
0
0
0
0
0
0
0
0
0
0
0
0
0
0
0
0
0
0
0
0
0
0
0
0
0
0
0
0
0
0
0
0
0
0
0
0
0
0
0
0
0
0
0
0
0
0
0
0
0
0
0
0
0
0
0
0
0
0
0
0
0
0
0
0
0
0
0
0
0
0
0
0
0
0
0
0
0
0
0
0
0
0
0
0
0
0
0
0
0
0
0
0
0
0
0
0
0
0
0
0
0
0
0
0
0
0
0
0
0
0
0
0
0
0
0
0
0
0
0
0
0
0
0
0
0
0
0
0
0
0
0
0
0
0
0
0
0
0
0
0
0
0
0
0
0
0
0
0
0
0
0
0
0
0
0
0
0
0
0
0
0
0
0
0
0
0
0
0
0
0
0
0
0
0
0
0
0
0
0
0
0
0
0
0
0
0
0
0
0
0
0
0
0
0
0
0
0
0
0
0
0
0
0
0
0
0
0
0
0
0
0
0
0
0
0
0
0
0
0
0
0
0
0
0
0
0
0
0
0
0
0
0
0
0
0
0
0
0
0
0
0
0
0
0
0
0
0
0
0
0
0
0
0
0
0
0
0
0
0
0
0
0
0
0
0
0
0
0
0
0
0
0
0
0
0
0
0
0
0
0
0
0
0
0
0
0
0
0
0
0
0
0
0
0
0
0
0
0
0
0
0
0
0
0
0
0
0
0
0
0
0
0
0
0
0
0
0
0
0
0
0
0
0
0
0
0
0
0
0
0
0
0
0
0
0
0
0
0
0
0
0
0
0
0
0
0
0
0
0
0
0
0
0
0
0
0
0
0
0
0
0
0
0
0
0
0
0
0
0
0
0
0
0
0
0
0
0
0
0
0
0
0
0
0
0
0
0
0
0
0
0
0
0
0
0
0
0
0
0
0
0
0
0
0
0
0
0
0
0
0
0
0
0
0
0
0
0
0
0
0
0
0
0
0
0
0
0
0
0
0
0
0
0
0
0
0
0
0
0
0
0
0
0
0
0
0
0
0
0
0
0
0
0
0
0
0
0
0
0
0
