7715,7948
7865,7481
9099,8315
6421,6937
6979,6449
4768,5180
6448,6493
5141,6007
2602,1606
4887,4845
3107,3406
5109,5457
6478,6392
299,135
1026,1265
7870,8368
5468,4768
156,295
7629,7286
3810,3843
3052,2108
3394,3290
2477,2840
701,1179
9672,9802
8207,7654
2521,1832
5561,6029
9922,10590
9737,10288
7212,8130
7346,7009
3887,3413
3104,2852
2762,2560
7485,7387
991,1850
6959,7668
5590,5646
4818,4343
1064,1845
9993,9463
8198,8680
8915,9591
1727,2070
9788,9077
7742,6908
7694,8592
8802,9637
5408,6346
7656,8021
3884,4614
1299,1330
5710,5482
3624,3751
2660,2160
4872,5507
3352,4296
4513,3848
744,685
8141,7973
7838,8767
6630,6170
8183,8293
751,73
6210,6818
5341,5073
2589,3187
3077,2293
149,968
7374,7905
4788,5009
2466,2651
5323,5982
8177,7738
3296,3032
6068,6313
988,263
3257,2980
2682,2228
5632,6421
2927,2122
3223,3514
9107,9703
1282,1784
4185,4386
5157,5021
3540,3433
945,931
5618,5399
4778,5511
7795,6830
8829,9246
843,65
6774,7667
5526,4751
904,293
1672,1969
379,600
9506,9540
1568,1394
5671,5896
5895,5420
2643,2101
2890,2151
402,566
3250,2632
6162,6392
5815,5019
7787,7371
8598,8978
2696,2709
5470,4575
6278,5646
7154,7893
2656,3512
7121,7846
8621,8502
7380,6579
9235,9027
3765,3183
6002,5933
988,1938
6732,7608
4063,3932
1604,2547
7993,7812
3470,2655
7297,7795
8570,8575
4872,4426
9377,9786
2808,2333
6879,6050
4241,4681
4052,4844
5053,5823
4360,4229
7250,7529
7497,7949
2639,2553
1433,514
8263,7465
493,631
7739,8581
4993,4721
5580,5267
1329,459
4549,5538
8900,9194
927,1695
7508,6630
6371,5695
8778,9625
5164,4513
5152,4908
1121,390
4775,4920
7861,8681
5115,4592
9853,10766
3356,3795
3000,3899
5717,5772
1103,410
8654,9009
7825,7242
3857,2935
2680,2041
8219,8497
7411,7640
5650,6270
3201,3593
5083,4817
6825,7488
2766,2887
7877,7686
7486,7695
7080,7097
5732,6297
6086,6831
3389,3369
4139,4843
5734,6151
1236,1750
1264,725
7517,7872
9412,9401
4678,4450
5956,6712
298,-257
5390,5781
1624,1811
6267,5620
7352,7653
2814,3731
3356,3596
9932,9116
9248,8938
5501,4933
2815,2305
7894,6932
4979,4905
8179,7720
9372,8822
2388,2868
3851,4672
2823,3398
7215,7643
4002,3584
4236,3274
5207,4758
6325,6596
2420,2439
688,1522
405,1190
5022,4158
8267,8764
4233,5099
2975,3309
7208,7003
3411,4244
364,1298
5761,5806
84,954
6331,6458
6264,5588
7074,7390
6792,6386
1121,1732
6701,7271
4952,4614
6412,6064
8170,8038
4155,4670
3680,3686
4795,4577
5865,6473
2340,2129
7671,7462
2834,2996
7757,8274
5009,4672
1057,1149
3761,3591
9253,9620
3281,3953
4760,5274
4753,4083
7972,7535
5475,4654
8410,8950
5171,6147
1649,2240
5186,4337
8208,9154
3277,2473
1924,2334
6867,6752
3824,2875
9575,10020
583,138
7033,7803
5149,4642
4808,5139
4862,4353
7176,8015
9337,8879
6062,6012
7859,7676
1997,1625
7727,7637
5351,5823
8113,8332
1774,2237
2065,1322
8910,8061
7785,7561
4137,4831
5041,4407
8173,8453
3427,2826
3997,4385
5342,5877
2686,2308
4335,4186
6651,5673
988,1509
5149,5445
2485,1837
9504,9800
4,571
629,386
1160,1193
2250,2431
1662,2491
7863,7263
713,183
2260,1417
4043,3946
8017,7578
7040,7152
4534,4207
5509,6432
3313,3208
7331,7999
9495,8677
747,726
4091,5059
7158,8040
9780,9096
5530,5897
1479,1242
5768,5360
509,-303
719,-73
833,217
8582,7995
4221,3228
3203,3755
1719,2110
4654,4897
7119,7444
742,556
1046,468
1669,1100
1473,1822
276,337
6875,7704
9635,9773
7017,7281
2770,2857
7587,7678
2792,3286
6104,5697
7354,8092
9312,8582
9591,9597
5190,4653
181,701
4754,4436
2513,1842
6890,6910
8348,7586
7357,7564
5900,5098
8417,8566
1716,2001
9895,9358
7913,7074
5187,4920
6085,6290
5974,5755
2075,2996
5215,4682
9950,9575
8719,8988
5569,5955
5314,5688
436,67
682,1468
4168,4011
9815,9821
9618,9831
8150,8131
4877,5626
8504,8386
1033,87
5338,4959
613,1474
1953,1695
7467,7222
5575,5869
8602,8839
9141,9620
6011,5146
3978,3133
5174,6106
2080,1383
3752,3875
4691,4438
9459,9319
6443,7404
2220,1610
5305,4336
4526,4719
5855,5435
7776,8466
3043,3397
9178,8983
809,534
7045,7197
9286,9531
3330,3382
7496,7508
1273,925
3470,3238
5669,6377
4801,4358
7997,7049
4884,4362
6981,7220
66,99
875,1130
9370,8453
2529,3281
1343,1333
3439,3406
7525,6628
637,999
1603,2537
1047,1925
814,510
8736,8470
2158,2341
5061,4923
8825,8627
1650,1581
6492,6143
3598,3412
9614,9919
9856,10569
9051,8288
9167,8918
9941,10443
6581,7052
4303,3889
9174,8591
6438,6021
701,852
1853,2571
5367,5676
5328,5112
5759,6343
3026,3661
9920,9770
5429,5323
5085,5365
905,489
4818,4731
1694,717
117,-304
5301,5644
9636,10372
3895,4769
8050,8470
8085,7356
1456,2076
5562,5032
9493,10191
5280,6116
671,938
199,930
2031,2891
8183,8910
2131,3056
5878,5373
3591,2760
1945,1567
434,1296
7085,7905
1921,2802
6604,6190
2179,1307
5327,4557
5622,5607
7391,7123
2673,1897
1395,986
2799,2767
3912,3223
7025,6410
2101,2630
1901,1901
6237,6075
2436,2817
4914,4101
1417,1753
5993,6647
2495,2070
3048,3242
6417,6748
7569,6717
1068,1868
9031,9313
1445,495
6218,6489
152,824
9072,9660
9243,10186
5630,5608
9458,9084
3398,3071
1027,244
184,238
9119,8530
7819,8119
8492,9011
6497,6124
6925,6897
6454,5886
3166,2290
8793,7797
1667,865
2897,3127
3013,3604
9141,8624
7636,7826
9559,10521
776,228
3412,2726
9055,9280
9917,9247
7090,7499
2323,2609
6856,5932
4395,4505
8120,7618
1047,893
4100,4693
8880,9802
5881,5638
5413,5594
8268,8603
487,291
5541,6434
9093,8661
5772,6251
3375,3990
4374,5319
7377,6945
330,-254
7599,7188
2381,1750
9279,10031
9572,8980
9057,9461
3699,3833
3108,2204
8041,7062
8039,8272
7693,7561
6542,6555
3783,3406
4483,4763
5622,6619
26,-316
9027,8833
1062,128
6064,5432
4408,4676
2699,1864
3193,2988
7366,7842
3464,3365
8192,7959
8792,9054
5250,5291
6218,6476
2184,1627
948,1811
9265,9711
8710,7836
6639,6387
6216,6588
9140,9872
2923,2924
4213,3738
4993,4182
3629,3915
9776,9489
2531,3512
154,441
3713,4146
8261,7892
9847,9366
2387,1545
1244,2133
4396,4761
1953,1498
1888,919
4652,3838
3468,3945
991,1971
902,890
5223,6063
5440,5412
7725,8080
3890,3422
8935,8968
235,756
3250,3880
9223,8936
5201,5295
5467,6415
190,604
6973,6217
2854,2023
3063,2328
769,162
882,-79
6702,7582
7496,7929
5989,5677
5139,4573
6056,6387
7994,8766
588,276
9633,10415
7551,8297
3536,3871
9819,9345
1351,773
422,969
7654,8528
1374,2346
1692,1506
8139,8415
7872,7158
6358,7257
537,1149
4049,3065
411,831
1177,398
1416,493
8833,8546
7269,6640
9793,9647
5401,5819
3106,2956
9568,9027
2116,3108
4594,5398
4792,5299
7137,7755
1715,1577
2416,3013
7927,8548
7071,6569
6096,6074
2469,1956
238,-561
8055,8375
2005,1394
5873,4943
8644,9308
3825,2935
8554,8317
6786,7601
2882,3388
8911,7948
572,673
8893,8551
3624,4281
1232,1363
2405,1478
375,681
5844,5939
9578,9939
5807,5793
606,13
6191,6044
5268,6147
3553,3358
3266,3807
2812,1999
2952,2945
9783,9613
5398,4873
8692,8927
3604,3266
8159,8068
3383,4052
9267,9918
4229,3802
3204,3819
3317,2957
4824,5009
8348,7900
5502,4613
7132,7787
7565,8266
6653,5782
6134,5203
5907,5778
5279,5136
4330,4309
3660,3014
197,914
4342,4914
4410,4648
945,1531
8123,7443
4420,3477
3768,4029
2763,3232
7689,7318
4916,4675
4459,3793
7131,6590
5518,4753
7081,6372
6643,6914
9407,9854
9356,10328
1782,2475
2321,1971
5970,5221
4066,3747
3392,3799
4424,3475
1952,2323
8624,8999
7521,7718
9825,10266
1596,1362
5242,5217
7118,6926
1723,1250
6340,7155
6783,6685
2273,1338
2845,2881
2140,2478
1013,1758
2599,3584
7271,7671
274,816
7485,6639
4538,5041
5681,5672
8718,8697
5999,6671
3748,3806
9889,9669
3575,3023
9179,9171
7976,7054
5868,6283
4636,5053
5584,5159
6067,6027
2269,2080
2686,2319
713,1462
6715,6566
1091,1262
3072,2136
4753,5504
196,-299
7820,8281
7495,7430
6795,7330
2866,3283
5114,4655
3554,3109
7983,7902
9825,9055
3744,3636
5346,5752
5070,5076
2599,2728
7688,8389
4587,4816
9027,9347
7300,6361
1790,888
6941,7735
2576,1790
2791,1972
4592,3752
5844,6305
9806,10020
2566,1755
8286,7380
8884,8080
8508,8229
5840,5666
9041,8882
2702,2971
8577,9217
7760,7395
3671,2989
687,1639
310,863
1499,948
9656,10634
8191,8793
2737,2073
710,1550
6930,7313
804,1631
3663,4632
3250,3723
2075,2461
6341,6897
1661,2644
4625,3999
7909,7647
4291,4662
6106,6863
5413,5721
3168,2395
9967,9554
9263,9178
2952,3788
7593,7863
6862,6917
4493,3888
5262,5021
8487,9351
3765,3527
7930,7373
5445,4679
1501,2255
2131,2548
4795,4368
5417,6304
1340,2200
6559,6439
3532,2557
3371,2696
2057,1838
2925,2815
4278,3355
2828,3581
1106,782
2575,3006
392,-594
215,726
2627,3517
3094,2230
7085,6498
6575,6218
7681,7469
751,831
7401,6650
6958,6668
6396,5962
1681,1144
4853,4907
9460,9348
3790,3502
9024,8383
3486,2595
3902,4835
6773,6331
7028,6462
2652,1896
1373,2271
8209,8412
6601,6609
9185,9841
1696,2573
77,-502
4693,5576
2963,2463
2379,3114
9320,9356
7804,8086
4953,4214
5140,4955
1596,2402
1844,2417
7758,7859
5602,6201
3982,3652
9740,9672
6352,6489
1758,1780
4413,3865
1307,1226
8990,8796
2280,3031
1144,542
3397,3186
1057,1705
9,-312
1944,1411
5683,6107
4792,4099
7991,8101
217,611
1717,2028
4448,4852
4291,4953
4336,4146
1442,837
2276,1293
7376,6680
6743,6933
8249,9044
7441,7358
305,-637
4105,4450
8876,8796
8121,7391
4453,3869
5430,6307
5116,5674
7826,7058
7843,7557
4327,3885
4492,5313
9835,10463
4448,3734
9968,9548
6850,7183
4248,5108
8898,8809
3962,3834
784,299
331,-259
8469,8843
6162,6020
9720,9124
1693,1691
1189,1953
8863,8907
292,-331
3120,2567
2831,3200
5088,4452
8230,8308
3568,3353
2353,2824
5614,4720
9606,8825
7906,7752
8683,8200
4197,5064
2242,2983
3327,3445
6835,6379
3186,2562
6732,6616
1529,1425
3617,3518
4927,5161
7091,6473
4538,4727
6889,5910
6335,7023
6249,6930
9895,9976
4597,5264
4080,3570
606,1242
1185,757
4461,4730
6346,5751
2870,2785
7586,8261
6081,5760
278,1189
2962,3412
5540,5694
3684,3285
3458,2919
1207,1858
6198,5671
3526,3282
5116,5028
9664,10195
191,125
7221,7702
9392,8922
8696,8055
31,-721
8954,9832
1990,2804
5971,5471
3556,3000
1486,1046
9374,8928
3828,3890
8133,7604
5059,5746
1815,1808
329,21
7000,6660
1295,543
8839,8464
5022,4180
2442,2010
8298,7323
4029,3371
1625,1131
5881,5344
6515,5540
7209,6297
5128,5369
3602,4257
6425,6212
3327,2590
4975,4253
1604,1976
2319,2577
8430,8140
3628,4512
8203,8228
9862,8922
5934,6397
1483,1739
9521,10305
5429,5181
295,1113
5901,5915
6892,6662
6500,6099
4755,5220
3002,3815
7471,6918
3408,3191
8731,9626
5839,5145
800,463
3858,3025
2904,2067
2161,2471
4639,5204
2565,1577
8542,8568
4978,4554
7299,6847
6436,5656
3693,3926
6529,6790
3893,2932
1255,2182
9460,8837
9240,8600
3076,3086
6126,5611
5409,4555
7209,7322
5583,6156
9291,8374
7847,7100
5007,5677
815,1624
8059,7726
7703,7658
8350,8135
3909,3223
2821,3339
9723,9722
3858,4706
4617,4662
5262,6172
8899,9484
5276,4748
6157,7044
3857,3864
7226,6582
1980,2066
9914,10898
8218,7513
4264,3905
8920,8132
350,741
5369,4817
6365,6676
1513,1187
3579,3434
5976,5346
4572,4706
5097,5717
5415,5041
7180,7156
8643,7768
6524,6830
5451,4769
9431,8639
5062,5183
696,591
3949,4403
5380,5553
4117,4334
8237,8345
6404,5489
3909,4898
6510,6643
3761,3943
9630,9574
7561,6692
5589,5972
710,889
8470,8906
4477,3564
658,477
7867,6917
5787,5387
3348,2960
5985,5598
8642,8510
5621,6068
4299,4898
4144,4600
8821,9496
7516,7331
5661,5790
6221,6903
3903,4056
4469,4912
5557,4677
2107,1414
6403,6636
7416,6923
6281,6358
2184,1770
1962,1281
7810,8555
5231,5776
5553,6131
9756,9365
5488,5284
2895,3041
2356,2324
4044,4860
1085,295
6457,7094
7886,7472
1223,1378
6533,6783
790,361
7160,6645
5332,5737
7319,7100
3410,3940
9465,8718
8047,8413
8646,9463
2884,3181
1150,1672
3199,3263
651,780
7670,8211
1201,885
8545,8427
5859,5336
2495,3319
7319,6645
2282,2386
70,-580
2011,1300
7665,8442
3825,3664
1924,2647
734,265
1694,804
6682,6523
4903,4075
2562,1628
5723,6227
7173,7517
967,301
5796,5789
6786,7020
2911,2202
1429,458
6636,7390
7609,8105
2517,2998
1875,1907
5208,5057
6087,6741
1951,1948
9462,9490
8610,8068
1509,1657
5432,6344
2604,3296
948,1650
4537,5042
9173,8521
2829,3274
1913,2115
1418,1868
5745,6150
786,54
7347,7463
5986,6391
4424,4072
2509,2468
8156,8985
5305,5271
3249,3971
229,-325
1902,1445
4170,4189
1105,360
5456,5745
642,601
3487,3350
2437,2149
3130,2784
9803,10275
2147,2387
4584,5568
1298,329
1273,1677
600,-361
6693,6614
5853,6109
3693,4551
7535,7669
4300,4009
4936,4186
4606,5355
8789,8051
808,751
9109,8955
367,1060
398,650
86,-347
9872,10095
1461,883
8848,8077
9890,10695
4533,4350
7061,6483
3176,2408
5762,6591
1628,2279
4807,5371
4452,4339
6251,7036
8836,8326
73,386
5071,6013
9185,8731
68,-629
6318,5813
3819,3555
9550,8696
8794,8496
5360,5206
7859,8162
8919,9349
8402,7839
4345,4179
9707,9903
7042,7333
8776,8079
2881,2496
2767,2551
4621,5476
5754,5160
5766,6428
389,-454
1568,1860
1183,2130
8067,8658
1905,2130
9885,10866
7492,8008
4891,4624
7901,8100
6037,6151
2311,1526
3853,3451
9385,8750
6137,6665
5879,5722
1539,1416
795,1274
1785,1021
4653,5518
3652,3278
3829,3026
4235,4464
3314,3917
7009,6020
1357,1880
9185,8636
1328,1671
3391,2611
2731,3229
9741,9155
7577,8056
39,864
3636,4628
8823,8999
7500,8070
9973,10544
5158,4873
2622,3097
7763,7963
6550,6492
2761,3107
2012,2417
2160,2993
8712,8716
5434,6347
4476,4340
7948,8801
2818,3780
6018,5600
128,-753
7206,6751
4292,5280
3560,4273
9892,9397
6024,6698
1441,984
3922,3912
6757,6709
9697,9080
8445,9038
3874,3662
2520,1936
1119,1447
398,64
2668,2087
7617,8183
205,-603
7405,6833
1365,540
6064,6287
3665,3030
3128,3539
6346,6811
277,1164
1289,1434
2811,2254
1570,2069
5948,5703
5156,6046
3862,3195
193,-793
8126,7807
9104,8839
934,1195
3851,4237
7953,6963
1347,1769
869,550
1904,2711
7154,6781
847,1342
7341,7880
8465,8358
3157,3270
6871,7217
2919,2578
6705,7195
3400,3115
1611,892
365,-194
8694,8301
5453,5507
5613,5745
7134,6844
2008,1130
7054,6451
45,-214
9826,9112
9132,9639
5671,4697
9814,10658
1948,2369
8207,8930
1453,1053
7529,6732
3292,3081
2625,2560
6618,6381
3403,2445
7026,6914
3630,3896
357,320
9126,8451
5679,5032
8973,8354
4962,4683
6102,5285
2647,3053
309,63
2444,2434
747,-99
5829,5826
4186,4188
2245,2620
3942,4604
8748,8022
8796,8296
1693,1889
2589,2684
8079,7086
8976,8590
8405,8111
3419,4387
5605,6153
7906,7024
9250,8424
5715,4725
7181,6370
7564,6589
9587,8696
976,504
2796,1829
2686,3300
3156,3808
3052,2365
7348,6571
8662,7744
7351,7405
8674,8895
8077,8191
4320,3431
8758,8709
1312,2271
2774,3348
807,498
2171,2721
161,319
1378,2320
5756,6499
8955,8264
5973,5719
5070,4397
541,1094
6533,7238
9686,8904
9190,8977
9881,9216
2503,2046
8657,8957
2405,3275
9490,9254
1319,465
5647,6355
5384,4665
2216,1280
4302,4426
5937,5026
8195,8987
7864,7622
3131,2672
7635,6679
9569,9561
7580,7045
1874,1841
7783,7326
2560,1675
5921,5075
3894,3834
5119,5600
5971,5032
445,289
7259,7799
7291,7581
7076,7174
4540,3937
9370,9336
3748,3326
4785,4634
6916,7434
5162,5757
574,658
4491,5087
31,-489
9791,10166
785,1576
3997,4466
2183,1891
7849,8848
1715,1377
3586,3605
6916,6068
4736,5502
9039,9995
3881,3258
8182,8868
7720,6828
2321,1467
1550,778
7045,8033
9242,10226
4560,4343
8549,7884
2463,2263
9248,8433
1336,1644
9398,8748
8199,8667
9257,10217
15,-866
3315,2753
3678,4285
3846,4128
9197,8495
9285,8632
5659,4894
2115,2592
5669,5124
1156,1589
4286,4281
8789,8722
3607,3937
29,818
4382,4941
5273,4539
7147,7174
3799,4423
6928,6602
4541,4101
4573,4390
6537,7102
3489,4112
7091,6339
6972,7030
9933,10720
4022,4137
8050,8602
3837,4302
6201,5779
4602,3872
5922,5037
8599,9352
2437,3032
4856,4893
8659,8236
2015,2664
1518,2124
8592,8681
6444,5475
2359,1935
1534,941
788,-56
6256,5693
9018,8157
3676,2926
8132,7880
925,1578
2414,3059
5024,4989
4770,4357
1762,1063
2707,2470
9160,9365
5527,6106
5865,4968
9493,9862
2057,2840
4664,5024
7756,8288
7256,6447
6575,7466
359,1137
2899,3823
6309,5586
4821,5586
4453,4776
7036,6524
4258,3649
8691,8664
3905,3681
3536,2912
7222,6798
7304,7393
4339,3607
3450,3615
5111,4972
9900,10689
589,1567
8646,9194
5342,5878
8939,8117
4114,3466
2301,2254
991,1931
5069,4091
7990,7087
6341,5784
6498,6493
6057,6333
2516,2631
7270,7822
6311,6484
6764,7054
9615,10275
6570,7391
421,578
9659,10264
2407,3025
21,-222
5463,6077
6862,6095
5814,5974
9873,10004
519,168
5521,6065
6196,6474
9277,9950
1429,1714
6441,7365
1510,1367
7345,6434
5229,5830
1755,769
405,-286
3181,3234
546,-97
652,1149
6734,6540
5011,5122
9441,9271
852,6
5369,5307
8640,9408
492,608
5741,6163
5017,5581
6405,6117
1666,1974
5451,6019
8756,7834
8368,8819
4730,4469
7738,7851
878,140
1045,965
679,820
7532,8192
6256,7210
9496,9982
6428,5434
8743,8949
5847,6452
4992,5262
5721,6250
4790,5138
1801,1563
6029,6920
1670,1210
6592,7470
9528,8862
7571,7190
1689,704
7709,8410
1785,1218
1655,2042
4056,3320
710,710
4812,4808
4738,5699
5596,6485
2071,2060
1278,1698
2184,2843
9834,9035
3907,4152
3186,2240
1678,2211
7249,7981
8465,7909
8071,7332
7436,7139
3671,2863
289,290
5466,4727
3117,2726
6228,5533
6351,5442
2484,1723
757,-107
8642,8303
4929,4228
1539,1639
9512,8838
2049,2840
4534,4539
8233,8358
9903,10141
628,365
5118,4601
5939,5427
4653,3970
6288,5778
5128,4845
890,1349
2352,2206
8040,8476
7542,7654
9246,9200
9155,8994
3939,3995
4553,5521
8619,8115
4873,5497
1584,1272
399,1065
5940,5249
7835,8140
2345,2522
6477,6686
5561,6501
6796,6960
3177,2467
5051,5866
6168,5343
89,1062
6430,5567
5571,6546
5794,6063
6005,6709
9267,8604
2164,2893
2457,3148
3505,3518
8018,7591
110,-163
1389,1661
6068,5648
9865,10300
6748,7669
9982,9118
9563,9644
6981,7778
3452,3866
9349,9709
9929,10922
1505,1037
2295,3048
7787,7484
866,1424
1350,2057
7437,8189
7880,7578
175,-541
2975,2160
1508,790
7041,7220
9005,9347
1799,1411
2236,1557
431,136
7435,7903
1495,1235
4150,3665
6608,5824
7349,7345
7157,7166
5824,5606
6620,7213
3906,3679
2312,2363
5585,4597
1578,1840
8506,9029
2546,3181
9370,8616
413,-574
5971,4980
3094,3899
7838,7466
1512,759
1581,1724
5500,5962
8344,8142
9532,9949
7903,7323
4923,4841
1603,1375
1687,2676
5334,6109
5414,6131
7352,7323
410,-590
5115,5857
8555,8810
1561,2420
2384,1647
6101,5709
2928,3848
6745,7634
9389,10245
6542,7516
9887,10844
6494,7248
8990,8042
5334,5983
9097,8592
4226,3758
1791,1315
7958,8828
1320,1903
6904,6009
715,508
4367,5059
8006,7921
8171,7665
6053,5321
5545,5176
7002,7309
4893,5839
7238,7817
8092,8228
9417,9800
6092,5728
9439,9710
3174,2889
7468,7138
451,761
9860,9670
5367,5377
1706,2552
3417,4230
8033,7806
7687,7162
6409,6924
4303,4260
4108,4489
3090,3713
5377,4948
6279,6427
6185,6124
1364,903
2320,1559
2016,1158
7735,7902
1071,1824
4946,4321
9004,9764
5007,5283
5074,4960
5626,6079
2647,2636
5108,4843
8693,7886
7883,7113
5586,6201
9366,10182
4379,3544
1304,1155
894,1428
564,655
9830,9684
9619,10072
7455,6794
6563,7469
5571,5633
6469,6247
3544,2585
7661,7334
3796,3792
736,161
8710,8835
8089,8584
5158,5833
2773,2564
7328,7785
5701,5581
6061,5284
5360,6160
9916,10819
9090,8826
7850,7387
6385,5579
3858,3057
6883,7556
9074,8513
488,493
3150,3925
374,702
6216,6500
3147,3373
1975,1071
4262,3300
9081,8427
9232,9320
3143,2491
674,757
3660,3436
1410,1325
7115,6253
6966,6914
2661,3506
9992,10556
2639,1978
7899,7140
9499,9067
3948,4374
4694,5244
3674,3172
3084,3362
3034,2238
7242,8018
7866,7651
7124,7557
5625,4932
391,-606
5789,6173
7379,6477
7793,8164
3008,2546
2430,2237
1444,1774
5706,6069
7195,7659
5983,6366
2431,1993
5729,6249
6084,6839
5634,6575
7407,6418
100,306
5105,4751
6667,7060
1375,2268
9792,10570
6075,5188
7181,6560
9625,10010
7444,8070
7381,8243
3671,4416
7118,7116
6958,6504
8065,8397
4612,4121
6329,6016
8611,8667
2698,3479
2720,1830
1715,1760
1187,2075
6577,6354
8802,9701
6107,5431
8639,7735
6514,6604
3905,3133
4851,5662
4666,4223
8732,7976
5752,6219
9164,9359
5256,4666
8901,9879
7997,8778
9782,9837
1026,1440
7901,8101
8247,8933
4513,3607
2741,2859
8517,8630
7955,8152
9695,9379
7866,8312
5562,6469
6570,6289
4952,5500
3094,2672
1837,2038
8549,8961
3053,2724
9838,10600
820,1246
4023,3464
2332,2428
1432,2345
6456,5567
9604,9179
1345,1265
851,84
2675,2096
2208,1682
1953,2325
827,411
9504,8935
636,63
7771,7000
4646,3798
2811,3498
1818,1283
7498,7047
9800,10385
5615,6449
4530,3842
9344,8426
1488,2351
5143,5741
4585,4376
350,899
5464,5129
9904,9828
2413,2619
6072,7071
7280,6543
1770,1303
401,1362
2361,3145
5579,5713
4213,3362
4862,4579
980,1750
3618,3933
216,-75
1717,1885
6845,7236
7576,7124
3042,2536
2272,1621
8012,8522
8836,8989
5065,5353
3618,3648
789,1067
3115,3687
6645,7568
3831,3300
4314,4343
4772,4225
6292,5318
5965,6931
8822,9185
8356,8402
9349,9024
9688,10276
3933,3348
7076,6560
3971,3912
3137,2283
9131,9110
8318,9237
6413,5590
8702,8708
7296,7376
8159,8388
5477,5715
9590,9193
3093,2510
9517,10082
3646,3233
8645,8632
1078,659
7528,8491
3842,3356
8814,9234
5411,5664
7104,6353
4074,4785
863,229
6391,6273
7255,7870
8562,8608
2059,2496
7154,6441
2790,2817
3640,3950
9477,9005
3270,3932
986,665
3146,2974
5347,5281
8520,8942
845,645
7686,6894
8029,7329
9254,9819
509,1038
9040,8147
8548,8251
4672,4701
9243,8836
7222,6774
9080,9670
4356,3972
9881,9249
7530,8022
6598,6463
9563,8633
6451,6619
6623,7259
594,43
6743,6451
5328,6098
1657,2298
1058,1198
14,-235
53,638
1225,2082
9519,10158
7199,6990
9180,8271
8332,9035
784,311
4591,3862
3132,4128
1036,587
3995,3910
1106,1164
1587,946
8257,8480
8047,8965
9074,9759
4404,3727
8213,7257
2044,1091
9712,9472
2305,2599
1222,687
5694,6427
7190,7961
4395,4671
8247,8962
5594,4596
9438,9914
4077,3138
8318,8161
4813,5669
7293,8199
6066,5168
2895,1969
5216,5834
3937,3656
2655,1772
5013,5340
8539,9487
5684,5705
141,619
5161,5799
8092,8927
8960,9329
6375,6009
8376,8151
5810,6635
7201,6538
5239,4815
8477,9148
4885,5439
1263,1476
4354,4909
6932,7865
6878,6324
9334,8834
2596,2417
4084,4688
1586,1039
3205,3834
3316,2957
7846,8825
5547,6087
8094,8702
4057,4067
7615,6919
6950,7575
3467,3515
3456,4288
3932,3663
5874,6347
9994,10940
2155,2838
505,905
3908,4656
1812,2455
8217,8559
741,801
5679,6016
1037,1551
5175,4702
471,766
2204,2979
3799,4581
87,746
3357,4206
4920,5724
7889,7479
3644,4487
5662,6568
2626,1703
5686,5347
7671,7693
665,532
5599,5424
4198,4017
8169,7739
2741,2780
1012,1886
565,299
800,1693
3955,3767
9288,9845
4006,4459
3715,4198
4578,5242
6161,6072
3807,3461
1868,1447
4456,4467
7967,7788
8368,7511
2082,2316
9157,9982
1945,2704
2752,2798
7290,8157
421,890
4915,5905
2387,1764
8745,8533
6058,6261
9936,10798
6153,5237
137,1101
2477,2991
1786,790
9230,8244
3277,4183
4167,4455
5030,4350
2344,1878
2840,3594
6236,6072
4374,4407
879,1335
6378,7163
9800,9695
5604,5239
6639,6147
9691,10287
7776,8070
214,326
3568,4121
5328,4509
7778,8533
7014,6075
4314,3605
9300,8462
5138,5196
1475,628
4243,3306
7782,7698
9767,9235
2273,2167
7860,7589
7671,8058
7540,7865
286,495
2929,2726
6183,6478
7608,6851
9498,9873
9410,8873
8891,8220
9615,9531
6882,7559
3952,2985
1025,958
9569,9418
7624,7886
2655,3457
8519,8086
4378,5311
2400,3241
3498,3274
1600,2577
9032,9741
3404,3900
4507,4656
7133,7678
6061,5811
5570,5063
6922,6906
252,-703
2689,1769
248,-171
8475,7940
9447,9827
9978,10116
2408,2238
1819,1331
3437,2888
7254,7324
33,388
6683,7532
8134,7259
4681,5344
4446,4490
4442,5334
1547,569
8845,8341
2970,2262
4060,4366
7264,6861
9432,8947
3875,3098
7023,7480
4613,4023
4960,5228
2608,1939
5748,6190
8259,7596
1877,2369
3375,2765
3123,2737
5002,5740
4677,5009
4365,4547
1899,2314
7450,7104
2722,3146
9370,8486
1549,2365
3492,3528
2338,1623
8609,8597
9588,9460
7815,7549
2311,1945
3899,3638
8104,8767
6744,6556
2847,2417
1510,2187
6905,7240
9189,9631
272,-458
3131,2592
921,282
4500,4562
8511,8127
9606,9050
5328,5562
9140,8330
7521,8465
1510,1606
3802,3839
8416,7910
5764,6621
9185,9424
3193,3454
8629,8394
7107,6468
4074,3433
4408,5310
3944,3686
9729,9431
4543,4908
8445,7477
4401,5379
2480,2770
5288,5484
9258,8591
264,614
9619,9999
3656,4427
9555,10153
2150,2903
3154,2448
6275,7154
5322,5989
6836,6205
9096,9371
9776,10000
6299,6923
3189,3025
4778,5251
6229,6314
2887,2298
2355,2720
2742,1900
4408,3675
1979,2152
8174,7513
623,1307
3762,2908
1535,2372
657,1011
5469,5667
4060,4040
9863,8954
9098,9297
9233,8369
544,1391
5280,6010
1966,2123
932,132
6693,6284
4436,4524
4586,4133
8323,8346
4058,3952
6429,5432
1971,1220
1143,1582
6842,6664
55,-759
246,95
4624,4785
8814,8804
6113,6094
8774,8760
881,1259
2977,2837
4908,4001
9510,9899
6770,5877
4669,4311
179,503
7660,7476
8090,7822
8480,9438
9695,9826
1760,1780
1846,2516
873,1470
4602,3815
4142,4825
519,718
7073,7543
8833,8944
2264,1715
3321,4166
5521,6259
6952,6810
8348,7789
2098,1509
2467,2724
7364,7078
1777,1404
6278,5600
817,1375
5245,5408
9289,8413
6049,6100
9104,10023
3701,3175
8078,8064
9466,8504
5671,5597
8729,8090
1191,1669
1411,2324
8887,9865
8397,7648
2972,2352
2588,3187
3872,3575
2618,2113
6638,7212
6642,7565
9091,9903
4619,4521
3515,4175
7067,7924
6175,7166
2701,2212
6674,6031
5470,6265
549,876
6727,6086
5169,5288
526,-329
3745,3869
2408,2835
4397,4752
816,585
6366,6782
2089,2985
578,-190
1603,2154
1283,828
8964,8940
7917,7803
8142,9108
1986,1968
3374,3653
1274,611
8615,7993
8519,7832
6950,6353
6099,7056
3001,2354
8780,8008
4027,3141
7055,7119
4846,4276
116,952
368,794
6905,7260
4742,4724
1256,827
507,-140
9492,8947
566,358
9852,9484
5333,5368
7503,8268
35,291
8188,9122
7880,7398
8556,9551
3848,3591
8296,8244
5582,5902
1998,2508
5543,5229
3918,4428
9666,9933
7394,6987
9809,10698
3675,2822
2876,2155
2627,2341
4559,5315
3062,2626
9417,10415
57,983
1067,1085
4493,5266
5862,5770
3637,3121
2446,1759
6521,6556
9127,9402
8844,9016
5737,5784
4057,4344
4351,4509
7789,8558
3497,3242
8428,8907
1684,2428
1784,804
6145,5982
8626,8006
6544,7336
5163,5066
9095,9988
7793,8434
3152,2358
609,255
2448,2043
4613,4876
5058,6018
8594,9020
3286,3000
7979,7317
7040,7404
4519,5169
6699,5829
6880,7680
4747,4883
5861,6609
7927,7294
4575,4408
6286,5360
1793,2670
9369,8571
1523,2346
8124,7451
7793,7060
1643,2363
1675,1796
5060,5942
7634,6787
6562,6238
4164,3829
8335,8530
9142,8461
6186,6990
549,1511
3069,2901
2021,1159
1737,1771
8532,8124
8263,8595
2759,1990
7911,6921
4847,5560
444,-362
9633,9581
9872,9866
4782,3824
1568,973
5299,4542
4998,5024
9632,10405
6015,5767
5380,4575
1676,2188
7254,7222
9885,9131
4535,5405
9207,8645
2441,2048
2635,1977
5310,5261
7988,7388
2370,2488
8582,8954
7839,8547
625,1048
5101,4565
6860,6558
6235,6040
3725,3701
3943,3347
9160,10125
1068,1013
4219,4076
7502,8385
6750,6573
6286,7281
9763,10747
6496,5562
6483,6275
7441,7228
6595,7204
9343,9061
7453,6646
5202,5919
5700,5443
3522,3092
9500,9611
8592,9343
5926,5176
8660,8172
5908,4954
149,911
8726,9422
3255,3379
5347,4530
2099,1111
8383,9022
1702,2216
7169,7539
6709,5785
7941,8649
9840,8937
3987,3335
9816,8929
5720,5447
279,740
7125,6419
8386,7885
4956,4189
6249,5683
4403,4573
5374,4728
7769,7870
9122,9627
6597,5766
3977,3865
9217,8922
8215,8965
6107,5584
8611,8865
3866,3319
86,-839
4987,5614
5029,6025
5467,4830
3279,3656
1307,1493
5528,5764
1045,1669
8323,8048
7457,7680
2582,2142
3847,3220
6275,7139
3145,3394
7158,8061
5062,5915
514,1284
4816,5140
2547,3129
4684,3892
7094,6240
5101,5815
9316,8378
2626,2970
9696,10536
6783,6272
8916,9667
6140,6381
8331,7841
9531,9243
6294,6438
6301,5920
8960,9322
3923,4145
4623,4090
8901,9678
7098,6400
6180,5625
2929,3215
9707,9190
896,-24
3309,3966
9084,8341
1315,2042
2020,1296
9999,10459
8535,7557
4051,4565
6665,7472
2409,2338
2574,2715
4598,4355
6029,5739
270,1192
149,-3
1316,706
4321,3861
845,400
7568,8397
4971,4714
944,1679
8256,8964
4089,4906
5795,5216
8849,8312
9238,8515
5556,5608
4041,4589
9603,9160
3828,3411
5040,4671
2282,2954
1697,2500
7674,7436
8970,9908
5274,5429
312,1277
4283,3504
9497,10384
8761,7841
7695,7848
6940,6876
9686,8737
2845,3240
8256,8278
9118,8820
3796,3626
4860,5316
837,1734
6488,7208
1557,1429
9947,10932
3041,3153
6914,7386
4368,3450
5064,5749
9775,9087
3973,3940
206,-526
9927,9152
7088,6309
3083,2608
7822,6883
5899,5724
3931,4668
1225,1652
9166,8840
2261,2083
6822,5836
6553,5648
7540,7805
1134,881
7408,6549
3411,2508
9603,8914
1980,2554
4255,4410
7426,8329
9235,8543
2081,1137
7710,6714
6742,6139
6632,6984
9231,9704
8548,9097
8839,8691
5481,4855
1061,961
5682,6182
7621,6624
5235,5409
9671,10355
8542,8123
7529,7891
1833,2185
6590,6710
3025,2968
2782,2611
84,678
7142,7812
4996,4607
8414,8223
8952,9865
4845,5429
9559,8760
5597,4608
5220,5000
5656,4798
3323,4178
9185,9678
3112,2812
8943,9273
3365,2543
5391,4599
6271,5978
9472,9181
8708,9677
2779,1858
8781,8007
5819,6505
261,725
7840,8031
416,-250
4770,4754
7015,6207
3420,3587
5549,5640
5458,5631
8,-555
2638,2755
4396,4106
5516,5473
7418,8218
9813,10781
8215,7992
2033,1166
8316,7894
7825,8268
6030,6257
3447,2738
4109,3671
8070,8582
6364,6992
4269,5111
9157,8325
6015,6031
9929,9949
6089,6298
8021,8107
3024,2887
3350,3784
7564,8210
9082,9442
1905,2268
559,-176
9961,9162
896,1586
2872,1987
3809,2824
2186,1906
1256,1389
2539,2569
6508,6784
1608,2523
9372,8449
1237,2208
8852,8533
6353,5660
3147,3255
5686,5993
6916,7799
6616,7405
2173,1819
3514,4290
2542,1576
6044,6704
6044,6159
2339,2650
5427,6200
7087,7462
8341,7858
4356,5232
6935,7641
6841,7546
3170,3802
6445,5916
9022,9449
220,-52
2028,1987
1519,1083
9716,10432
3461,3155
7812,8600
3065,3417
5515,6396
133,313
5195,5166
469,1086
4396,4423
8852,8191
7434,7351
2080,1965
8380,8884
5076,5057
5942,6697
1739,1129
1804,1320
2689,1923
9565,9184
6840,7836
2904,3583
9641,10562
9980,10745
5473,4966
849,1653
3167,4100
7941,7400
7180,7558
8746,8492
7689,8414
9892,9921
6343,5621
1640,714
6336,6090
3971,4105
4046,4220
2073,2358
271,462
256,-351
2045,1165
5466,4576
5955,6203
5986,6269
2990,2919
593,754
5644,5039
8796,8489
1147,1010
1174,1859
7906,7803
9099,8825
9573,9229
8440,8951
4490,5337
4241,4901
2204,2556
5608,5791
3780,4352
8793,8282
4826,3954
3061,3286
8942,8014
9145,9606
9493,8644
2786,2687
5681,5973
3545,3754
5634,4802
8432,9064
9041,9376
735,1208
3022,2403
2775,3188
3897,4791
1601,1594
2066,2732
7467,8328
5074,4868
8688,8412
5339,6031
3557,4168
2402,2108
9212,8335
3803,3560
4357,5233
3954,4674
4157,4761
165,744
5768,6544
7483,7264
7966,7289
3845,3757
6952,6563
7582,7764
5357,5830
3153,2844
9278,8604
7131,7741
3488,2704
3851,4023
5467,5164
1508,1150
3065,2843
8756,9272
7260,6369
2987,3483
2083,2612
2356,2868
7498,8258
1055,759
2571,3121
524,-311
3259,2817
5166,5414
8388,8195
1118,887
7566,7148
3612,3246
2419,1589
8459,7507
6151,5743
7550,7257
7469,6920
6046,5958
453,-172
531,998
6439,6400
2441,1945
9077,8679
4449,4609
599,-388
2540,1552
302,-355
8524,9039
464,99
6669,7627
4382,4891
4139,3447
9510,9558
419,391
758,1665
5430,4516
4090,4463
1555,2062
602,631
5053,4953
8144,8251
3680,3729
825,-170
8660,9046
1300,875
5978,6565
4631,4547
598,333
7740,7595
5556,5432
8049,8796
5428,4675
1297,1745
6469,6736
7324,6383
5613,4968
1832,1611
533,268
4604,4296
9084,9164
1190,1347
4502,4564
6714,6417
7761,6870
7067,8010
454,-295
1443,2441
1864,2221
9414,9751
3272,4137
6534,6898
6937,7822
6987,7548
2712,2218
3605,3809
3984,3448
8763,9463
2790,2476
6130,5437
8434,9099
9391,9252
825,1352
3320,2739
5086,4829
7003,7669
1916,2705
9662,8701
9241,10082
5578,6463
5239,6047
3481,2771
1051,1539
7975,7309
6314,6286
2878,3723
2154,2516
7146,7311
3213,3080
9695,8796
5318,6251
4270,3885
8836,9042
1735,2450
887,808
8838,8220
5823,4971
9614,9221
7885,6954
3758,3858
7534,7176
3606,3006
1196,2155
2909,3068
4487,4860
9539,8550
8372,8999
1577,1918
5099,5375
633,343
9460,9659
4961,5317
8885,8000
3620,3043
5674,4962
9505,8991
3553,2838
8919,9367
4366,4757
9076,9754
5408,4674
3508,2743
34,-93
5188,5023
6299,5602
6961,7029
9283,9629
1935,1655
648,750
223,236
1070,893
2857,2240
5871,5961
6943,7585
3044,3876
6180,5744
604,1103
6350,6362
875,-53
3550,3389
3683,3856
6030,5448
4787,4844
8876,9711
7820,8794
6286,5827
5586,5489
6906,7720
177,-682
7939,7931
249,1130
8874,8729
9377,9474
8278,7891
8546,8964
9558,10245
751,228
327,245
2230,2623
3794,2841
8079,8005
6249,5613
7823,7976
165,491
3346,3104
8542,8848
9690,9240
6362,5543
416,11
2934,3374
5795,5626
385,198
6352,6222
9622,9295
2578,2218
3852,3282
8167,8501
651,1137
3476,4243
766,1417
3678,4432
7326,6841
8118,7900
7988,7263
3252,4157
6516,6338
9773,10236
8041,8100
1723,1292
2779,2304
7750,8674
8251,7734
3648,2968
6134,7060
5531,5940
682,-85
7308,6326
6893,7630
9705,9427
2803,2869
6447,6537
2012,2043
187,1111
572,72
6092,5684
9555,9725
4895,4244
2285,1515
4859,5587
5208,5520
2694,3111
4862,4688
160,276
3947,4126
9974,10154
8653,8410
7617,8601
556,1076
4368,4310
8871,8187
614,-81
7048,7261
6952,6428
849,1040
340,624
4505,3822
7646,8570
4680,3993
7088,6389
1670,711
965,836
8558,7737
3665,3431
7310,7566
1356,1388
3116,3020
3965,4023
4329,5192
7650,7296
5039,4872
9817,9743
4885,3912
8211,7822
3640,2771
5046,5103
8461,7873
6636,6240
4041,4826
9837,9133
7693,7606
8496,8314
2103,2099
2639,1977
7540,7490
9094,10004
601,309
2199,3037
251,150
5924,5692
4347,3555
1218,1642
70,-74
964,847
692,-308
8740,7854
2965,3613
8160,8916
3548,2743
4076,4502
702,1398
8349,7604
1956,1289
9323,9282
9729,9383
7086,7116
7678,8392
8420,8870
5302,6165
1553,1305
3382,3102
4749,4520
6939,7805
9724,10017
4377,3435
4506,5312
821,1241
6604,5691
2099,1822
6029,5871
6148,5285
1257,2219
2550,2214
1557,919
6939,7604
6768,6432
3276,2777
1913,2841
8687,9342
7422,7166
6704,6743
5845,5448
5317,6023
6907,6335
3711,4189
1303,636
5178,5075
2428,1993
9354,9196
3214,3068
7816,7987
9734,9131
1444,2340
1343,962
3710,4242
955,221
5081,5639
6509,6615
709,-165
8029,7744
2796,2322
8640,9544
6250,6288
8690,8278
4100,3809
1019,474
2431,2699
8835,9094
8974,8643
1456,1213
8228,9142
4014,4634
8784,8372
1742,2651
3401,2697
8638,7837
5831,5313
6468,6739
7448,7471
419,904
2853,2754
8089,8162
7862,7013
1906,1539
7205,6396
5459,5366
5828,5462
3560,2901
6867,7196
8095,8929
1176,1735
9536,8692
4313,4498
7846,7065
2677,3667
4602,5159
4101,4825
7732,8410
7362,7522
1675,693
420,1074
5443,4577
3636,3355
3676,3734
5263,6213
6180,6801
5667,5273
3927,4877
433,701
3038,3306
1972,2265
4074,3192
4733,5637
9943,9388
7367,7480
9529,9568
5509,6371
4361,4849
9699,9021
9124,9689
4279,4833
4274,3980
7450,8150
2254,1818
2842,3121
7595,7911
6939,6682
2754,2223
9153,8569
3970,4485
6536,5581
8665,7903
5428,4592
1929,1174
8293,9212
2834,2026
1736,1918
5768,6071
1141,1097
7778,6930
1618,1484
6150,5854
9075,9276
8070,7338
6858,7290
5190,4223
4180,3429
7656,7912
3416,2858
1707,1567
1324,423
6635,6648
4724,4851
3343,3746
513,274
7064,6576
2461,2079
9189,8909
1195,807
6508,6735
1781,1062
4697,5472
7255,7792
8813,9491
4119,4624
3342,4229
1431,612
1011,454
799,646
5321,4837
3432,2653
9012,8714
5385,6308
5605,5092
1294,2049
8479,7757
9128,9054
2130,2269
8246,7958
9892,9978
6994,6307
7331,6335
1698,750
6970,6298
1405,1441
6369,6963
5626,5228
230,-161
2586,2849
2224,3203
1513,2160
2437,3296
2081,2338
8052,7850
2099,2055
8009,7910
7572,7096
9977,9894
6519,6665
810,56
6276,6478
1539,1884
5375,5387
5015,4995
5660,6064
1948,1004
3122,2524
9068,8245
1299,428
5347,4629
1216,1305
2848,2846
4381,3979
3430,4183
1064,1658
4208,4362
6299,6503
7772,8481
4099,3889
3145,3902
5417,5788
1526,987
4394,4697
755,432
5994,5889
7436,8208
703,1348
8342,9216
2785,3349
1443,803
7042,6842
3455,3097
4618,3792
294,155
205,315
3085,4010
6854,6273
9975,10902
6062,6228
6130,5838
3293,3214
8322,8746
5359,6082
5682,5411
3370,3601
8711,8760
8653,7810
7570,7567
620,795
6849,7346
1617,877
3463,2627
3270,2636
5944,6512
5153,4896
7741,8725
393,182
1023,243
3887,4310
1234,1492
1322,780
3264,2765
7190,7495
9687,10311
7139,6257
2723,3091
4729,5216
8522,9035
3782,2901
1802,1587
4563,5501
3845,4709
2859,2682
3837,4274
3346,2450
4181,3867
4333,4614
1985,2796
9962,9392
234,418
3174,3348
2492,3009
8249,9077
4897,4590
6442,7025
5722,5665
9241,9774
712,-15
5146,5914
2538,1693
6168,6316
5718,5821
2650,1947
6915,6796
3634,2675
3783,3392
4577,3995
6972,6208
7079,6427
5800,6564
6740,6056
7697,8289
4788,5494
3302,3659
1005,21
4273,4663
9373,9119
3457,4159
9056,8531
8390,8311
136,589
5865,4891
4826,5381
8354,8537
4836,4781
6968,7815
9420,8736
5626,5684
660,442
7435,7081
2396,1571
8839,9509
5459,5636
1707,2669
7683,8016
387,900
7846,8434
2941,3106
4271,4209
1064,1288
2220,1922
1045,151
9626,10577
9720,8844
9407,8533
9109,9467
9264,8447
5565,5042
1011,505
1677,967
7834,8405
5333,4967
7712,7255
9147,8270
7570,8065
5085,5099
342,-536
3871,3429
8830,7864
3284,2891
8652,9142
4160,4721
2350,3214
4411,5350
4882,5714
3189,2777
2007,2117
344,931
9995,10694
5570,6404
6588,6089
6002,5146
9899,9629
4362,4851
4402,4826
7469,6512
5751,4834
5389,6295
3704,4339
4631,4354
6483,6873
2370,1779
8596,8257
1177,731
5843,4917
5139,5404
5649,6034
6831,7552
7721,7069
2275,3138
9564,8753
503,-339
8425,8847
9996,9417
3899,3606
4249,3958
6002,6875
1247,1266
2357,2437
9626,10397
6556,6268
9086,9044
1667,1153
977,175
7780,8553
1933,2831
6444,6963
2678,1969
493,1284
6864,6002
1349,1570
6150,5233
8529,7932
3858,4151
3521,3745
6606,7042
5506,5095
2997,3455
1815,1853
8797,9652
2396,2667
6408,6373
3956,4326
8903,9859
7457,6844
549,515
7089,7556
9973,10830
4983,4111
8869,8273
4909,4711
5425,5844
5619,5335
1100,1442
2181,2599
828,1815
2209,1982
5713,5272
383,-21
1966,1170
5625,5012
8864,9151
3379,2924
6287,7146
8282,9024
8939,9166
5929,5596
915,1904
5513,6133
3900,3937
4893,4665
1320,1733
2699,3201
6900,6974
8921,9477
5181,5645
2123,1327
7723,7797
5812,4827
9941,9825
7433,7275
555,290
8290,8768
1530,1830
5159,5452
3796,2954
127,865
1580,1931
2784,2658
3691,2858
8582,8452
8406,8987
4478,4182
3169,3242
3799,3766
9067,8737
6762,6793
733,895
3964,4282
5840,6342
2306,2075
570,1477
8559,8143
2701,3049
1051,424
3550,3610
8567,9005
6059,5685
6742,6284
7174,6800
1051,101
2635,3317
1727,959
7561,7425
7224,6383
6040,6020
1012,1632
2172,2736
2950,2668
1460,496
4542,5004
8794,9567
204,-215
7090,6297
7235,7017
9560,8562
7444,7435
3301,2401
9101,10008
1985,1269
2366,2096
4694,4032
5191,4751
6683,5699
5109,5351
3334,2339
89,586
724,105
1814,1709
8718,8368
6957,6867
605,394
9747,9741
8021,7419
1164,1084
1700,1706
462,455
1943,2509
5754,5737
2577,2223
5979,5001
6418,6117
1501,1646
1984,1646
8744,7977
7542,6913
7427,7736
5742,6172
7854,8307
259,-711
4197,3670
3648,3364
5815,5052
6232,5303
1093,392
786,1266
2313,3306
4436,4141
1547,2512
2682,2393
5713,6559
3504,3170
4603,5589
1650,1291
4380,3867
8463,7970
7579,6656
353,-519
4197,4215
8772,9326
2466,2492
1385,1552
2143,1432
5318,6258
8470,7915
2294,1783
7123,7326
6723,6299
516,874
5053,5544
8485,8688
3992,4057
3763,4556
2032,2418
9018,10016
1098,1253
1511,1821
4364,3718
1758,1210
5915,6281
9699,9854
1609,1329
9699,10428
1453,1930
1928,2284
1485,1243
3862,3590
562,579
3870,3749
6190,6773
6708,6613
1368,1861
7895,7251
5741,5988
6249,5551
5885,5073
714,42
7889,7885
2671,1681
6774,6895
9187,8409
3919,4211
8280,7943
246,-656
6500,6001
6330,5670
2817,3664
3752,3142
3976,3235
9315,10059
1844,1614
7556,6700
1019,580
3148,3971
7832,8492
2911,2537
1209,1816
2128,3054
8276,8459
6327,5400
6096,5955
2429,2034
7537,7493
4712,4257
2432,2390
921,272
4182,4938
5234,6055
2629,2674
8433,8764
3533,3734
9570,9620
115,-87
6620,6186
1741,2528
6741,7011
7214,6461
1426,901
9459,9049
6095,6030
5797,5324
1948,2778
6942,6801
6216,7087
3155,2652
4366,5327
4589,4025
6855,5955
4466,4116
6272,7217
2201,2225
73,-584
4853,5617
9788,9345
1953,2099
7530,7310
7546,7001
3387,2560
6285,6115
4361,4074
8873,8906
9831,9359
5042,4138
1601,1546
1410,2322
2545,2471
8511,7899
9962,10612
8532,8572
86,-573
9773,9859
1822,2357
2072,2068
9496,9177
285,-508
3598,3107
3114,3024
6316,5717
6141,6776
8282,9264
8155,7988
4206,3695
3468,3411
7070,6987
8097,7365
6375,7003
5373,5613
4402,4748
9094,8186
9252,9550
379,941
8210,7745
857,61
5941,6857
2318,2017
5177,5725
2977,2789
1801,2436
9875,9618
5000,5318
7815,6883
1817,1818
3571,3671
8975,9252
5641,6593
4317,4387
6331,6791
1755,2526
840,1534
1693,1519
5258,5952
2290,3231
7299,7024
1802,865
3576,4482
2537,2332
3771,4327
8449,8577
8297,7600
3167,3476
6419,6694
1167,1818
2149,2159
937,894
4641,4270
7845,7342
1306,1915
1215,1039
1881,1675
3675,3856
3067,2640
4512,4379
2318,2899
9085,9234
7800,7246
5783,5175
8191,7476
9917,9016
1064,1170
2651,2456
8872,8436
3413,3477
2937,2719
2053,2428
4778,4968
3900,3944
6291,5420
630,-181
1888,2845
141,217
2492,2238
7650,7073
21010
20741
28318
29662
26201
28833
22324
21001
27113
29297
23324
23505
25982
23962
23003
29811
24793
26496
29294
29172
28879
25868
23877
24997
27077
22613
26953
23232
23907
21164
26712
25211
22501
28502
29452
25277
22083
22417
27495
24070
29727
21192
28397
26987
22738
24927
30104
28432
27892
23795
28107
23267
27655
29533
28740
27940
21716
24655
27063
30197
24585
27778
29694
22703
20931
24667
25881
25422
27697
20753
23763
29588
25068
24928
29218
29252
22686
22257
28870
26959
23974
26025
24098
26032
25134
26991
22108
25414
20684
20674
25133
23290
27511
22496
24782
20515
27024
21211
21070
28559
20417
29117
21023
23995
25208
22026
23356
28867
30058
29780
29759
26334
24884
22849
28787
25357
28028
23763
28086
21586
23782
26433
23550
27664
24707
27805
22250
28712
24045
22923
20310
25284
29595
23242
28811
24923
21121
21480
26305
24069
21745
23282
29182
23830
29534
26485
27898
22868
28985
23189
25613
23605
21666
26191
21682
23445
28555
29848
22619
20572
20992
27546
21690
25169
26200
27609
25708
29297
22956
27690
27051
22701
23421
25312
22383
27374
29949
29903
29306
26588
23190
22801
20789
22541
23417
27648
26429
22344
23895
22830
22737
29010
24228
22880
29832
29075
26213
24347
24125
22485
25868
24249
30245
21339
23308
25666
23930
29141
21127
20329
29988
26449
26551
28293
29269
25277
22060
27491
24014
28112
21431
23235
27780
20717
23188
27308
23393
22835
24846
22644
26144
26762
28820
28788
20389
25310
25604
22127
29779
23245
28198
22578
23170
24116
25598
25145
26663
23321
28012
28123
24349
30290
30063
22206
28950
24033
23799
25814
23735
25409
25758
24127
28942
29484
26890
20821
22565
28879
29849
22426
28526
24562
21452
23321
27876
21307
22178
24607
29665
26114
29430
20563
21571
29409
27481
26847
20472
20814
28490
25674
23945
24414
24301
24095
29009
29897
25442
23793
22765
28811
21320
22843
29906
21389
24878
27680
21062
27143
22570
23120
26165
20986
21143
27516
27404
26944
29106
28550
29463
22206
29229
29579
30115
24490
24094
24740
23764
28015
21064
25308
23904
20649
25677
20926
27307
24128
25367
25555
23808
25206
28456
28849
28638
20239
24385
26263
25913
27226
26965
21964
24310
29584
27573
20281
24053
24126
26556
22295
23390
25671
28497
27541
25942
21012
24486
24116
21869
23383
21864
21189
20835
26207
30034
22962
21364
26487
21380
27641
27608
21312
25107
24539
25380
23593
22177
23688
25179
27788
23539
22196
25544
20291
25601
27015
23119
29834
26140
28251
28967
22027
