8246,9246
2305,3305
8371,9371
7012,8012
9055,10055
3171,4171
8843,9843
4591,5591
2701,3701
8539,9539
7848,8848
3560,4560
7087,8087
4052,5052
7132,8132
9734,10734
6282,7282
22,1022
2671,3671
23,1023
5432,6432
7113,8113
2846,3846
4914,5914
3687,4687
4752,5752
3261,4261
3554,4554
8094,9094
6322,7322
1079,2079
9386,10386
9198,10198
9594,10594
864,1864
3733,4733
7452,8452
2819,3819
6708,7708
849,1849
7815,8815
3309,4309
577,1577
2510,3510
6282,7282
7065,8065
1483,2483
6434,7434
8316,9316
5082,6082
45,1045
3643,4643
2657,3657
5430,6430
7776,8776
7348,8348
2229,3229
2271,3271
4184,5184
8286,9286
3860,4860
8396,9396
2098,3098
6851,7851
8510,9510
4001,5001
1615,2615
4290,5290
4912,5912
555,1555
353,1353
2206,3206
9205,10205
134,1134
5393,6393
9631,10631
9391,10391
6149,7149
8096,9096
5046,6046
9215,10215
5670,6670
54,1054
4925,5925
1157,2157
9858,10858
2059,3059
4647,5647
6954,7954
9660,10660
6132,7132
1024,2024
6033,7033
422,1422
2190,3190
4276,5276
2476,3476
1959,2959
9101,10101
8987,9987
7721,8721
7999,8999
2807,3807
8421,9421
5901,6901
6462,7462
9715,10715
395,1395
1032,2032
5428,6428
9555,10555
7922,8922
3453,4453
6200,7200
7030,8030
8331,9331
2984,3984
1000,2000
9279,10279
872,1872
1283,2283
5680,6680
9965,10965
239,1239
2328,3328
3229,4229
3392,4392
5800,6800
1294,2294
1824,2824
2263,3263
1625,2625
655,1655
1760,2760
4021,5021
3295,4295
9544,10544
6039,7039
1096,2096
8558,9558
8654,9654
6547,7547
2577,3577
6411,7411
8044,9044
6170,7170
7664,8664
7955,8955
3121,4121
5237,6237
2965,3965
3866,4866
5286,6286
3742,4742
5652,6652
3631,4631
5118,6118
1942,2942
1730,2730
8393,9393
3584,4584
6464,7464
3608,4608
5223,6223
627,1627
315,1315
3448,4448
2515,3515
9376,10376
9983,10983
6949,7949
5160,6160
1429,2429
3174,4174
5949,6949
4955,5955
7064,8064
3090,4090
385,1385
6667,7667
3387,4387
5022,6022
3522,4522
8678,9678
8054,9054
6734,7734
3935,4935
3972,4972
3817,4817
2615,3615
1556,2556
6153,7153
107,1107
8508,9508
9791,10791
4562,5562
5669,6669
7393,8393
6970,7970
6324,7324
118,1118
7130,8130
9577,10577
7219,8219
6724,7724
9397,10397
6800,7800
1686,2686
8568,9568
6227,7227
870,1870
9520,10520
9373,10373
3612,4612
8900,9900
6066,7066
3932,4932
198,1198
3656,4656
301,1301
3727,4727
4435,5435
9314,10314
9407,10407
813,1813
9850,10850
7463,8463
1483,2483
5993,6993
9269,10269
7963,8963
6408,7408
8689,9689
8733,9733
2463,3463
9878,10878
6462,7462
7518,8518
5460,6460
8627,9627
6992,7992
5325,6325
4338,5338
4104,5104
841,1841
6780,7780
1123,2123
4407,5407
6709,7709
5596,6596
6563,7563
1977,2977
1072,2072
5432,6432
7264,8264
8942,9942
2611,3611
5486,6486
6675,7675
2641,3641
7183,8183
8836,9836
9845,10845
3731,4731
1554,2554
7619,8619
7146,8146
5614,6614
7400,8400
7424,8424
7563,8563
4247,5247
9083,10083
2005,3005
7361,8361
2984,3984
5020,6020
436,1436
2270,3270
2988,3988
6204,7204
6535,7535
6189,7189
8683,9683
4816,5816
9901,10901
5418,6418
8532,9532
941,1941
5046,6046
1500,2500
2823,3823
572,1572
3464,4464
3067,4067
345,1345
8937,9937
7179,8179
5807,6807
9119,10119
5,1005
6656,7656
6680,7680
6979,7979
4758,5758
1097,2097
215,1215
1643,2643
6869,7869
7694,8694
7182,8182
2712,3712
488,1488
8611,9611
6430,7430
386,1386
4025,5025
1133,2133
3646,4646
9091,10091
6948,7948
1393,2393
6326,7326
2685,3685
477,1477
7978,8978
6903,7903
4586,5586
8824,9824
2816,3816
8183,9183
6852,7852
5471,6471
9534,10534
243,1243
6013,7013
6996,7996
7413,8413
957,1957
4401,5401
6939,7939
2659,3659
9395,10395
9506,10506
5115,6115
8217,9217
7031,8031
1511,2511
5929,6929
9655,10655
565,1565
9365,10365
7876,8876
7110,8110
4953,5953
596,1596
3910,4910
9333,10333
2281,3281
7643,8643
7825,8825
1548,2548
5033,6033
9491,10491
4699,5699
4299,5299
849,1849
5376,6376
6570,7570
6417,7417
923,1923
3551,4551
1175,2175
3504,4504
3369,4369
9480,10480
6023,7023
9415,10415
2584,3584
7547,8547
2009,3009
1930,2930
8245,9245
1574,2574
2974,3974
9311,10311
9424,10424
859,1859
226,1226
3438,4438
5901,6901
6991,7991
1320,2320
3325,4325
8545,9545
4129,5129
173,1173
9676,10676
4082,5082
1067,2067
8645,9645
4293,5293
4897,5897
8872,9872
1283,2283
1708,2708
7626,8626
4001,5001
7602,8602
5918,6918
3220,4220
6284,7284
1401,2401
9314,10314
5574,6574
8923,9923
8656,9656
3544,4544
4837,5837
6628,7628
7803,8803
5002,6002
2627,3627
9001,10001
6077,7077
2619,3619
3223,4223
8847,9847
6759,7759
404,1404
1039,2039
260,1260
9801,10801
2270,3270
8900,9900
9649,10649
650,1650
4023,5023
3952,4952
345,1345
7036,8036
2488,3488
62,1062
8577,9577
8094,9094
1577,2577
4685,5685
658,1658
361,1361
5736,6736
151,1151
9128,10128
1523,2523
2742,3742
3294,4294
5361,6361
55,1055
2857,3857
3579,4579
5229,6229
1363,2363
55,1055
5710,6710
184,1184
487,1487
2148,3148
7423,8423
3732,4732
9566,10566
719,1719
5328,6328
3813,4813
8643,9643
9692,10692
8,1008
1950,2950
7523,8523
1305,2305
4194,5194
3745,4745
6405,7405
8329,9329
1865,2865
2700,3700
878,1878
6890,7890
7591,8591
4454,5454
6852,7852
6776,7776
2640,3640
5229,6229
5065,6065
5926,6926
3666,4666
5428,6428
2792,3792
1654,2654
6980,7980
5665,6665
3255,4255
3143,4143
794,1794
2244,3244
996,1996
4409,5409
1478,2478
4087,5087
9106,10106
3153,4153
1058,2058
4338,5338
4996,5996
1301,2301
3084,4084
4271,5271
3671,4671
4916,5916
9147,10147
7518,8518
7762,8762
4969,5969
4095,5095
6741,7741
893,1893
7340,8340
6277,7277
9837,10837
8515,9515
8419,9419
9305,10305
1653,2653
7141,8141
9771,10771
6529,7529
6378,7378
3271,4271
1982,2982
6119,7119
6563,7563
2109,3109
3699,4699
9536,10536
3315,4315
8577,9577
331,1331
2858,3858
8763,9763
8025,9025
1107,2107
4280,5280
533,1533
9505,10505
6368,7368
144,1144
3043,4043
9358,10358
6404,7404
8985,9985
4513,5513
3088,4088
3233,4233
614,1614
5000,6000
3523,4523
8816,9816
3441,4441
1286,2286
7774,8774
2767,3767
212,1212
5554,6554
4227,5227
6223,7223
7511,8511
8998,9998
9707,10707
2263,3263
2817,3817
2438,3438
983,1983
5742,6742
4162,5162
7841,8841
6813,7813
9886,10886
2250,3250
7977,8977
4090,5090
998,1998
5666,6666
4208,5208
2974,3974
1497,2497
4480,5480
9094,10094
5991,6991
7030,8030
8181,9181
4465,5465
8821,9821
6246,7246
2025,3025
7048,8048
7773,8773
8042,9042
9028,10028
4841,5841
4670,5670
1719,2719
4424,5424
6363,7363
3924,4924
5781,6781
3601,4601
2095,3095
8044,9044
9315,10315
1777,2777
469,1469
1915,2915
3060,4060
5740,6740
6846,7846
5738,6738
547,1547
7132,8132
385,1385
7709,8709
6755,7755
598,1598
2319,3319
8746,9746
1086,2086
1453,2453
3127,4127
2165,3165
2130,3130
37,1037
6399,7399
1322,2322
7433,8433
149,1149
8375,9375
6369,7369
4235,5235
704,1704
1184,2184
2789,3789
2951,3951
8277,9277
8866,9866
964,1964
3491,4491
4715,5715
6561,7561
6655,7655
3018,4018
9306,10306
2081,3081
6288,7288
8001,9001
7138,8138
8130,9130
9261,10261
1856,2856
1611,2611
2404,3404
2525,3525
8623,9623
6527,7527
8943,9943
1420,2420
260,1260
4934,5934
6161,7161
9426,10426
7988,8988
3914,4914
6830,7830
486,1486
2995,3995
1900,2900
2611,3611
8785,9785
9496,10496
712,1712
4788,5788
945,1945
5061,6061
8468,9468
5994,6994
2837,3837
6214,7214
9649,10649
9581,10581
5013,6013
2208,3208
3642,4642
9255,10255
5620,6620
8948,9948
4680,5680
9867,10867
8571,9571
8902,9902
1256,2256
2972,3972
7648,8648
3456,4456
8796,9796
9853,10853
3158,4158
6750,7750
2883,3883
1094,2094
4005,5005
4000,5000
9499,10499
4489,5489
6857,7857
7391,8391
418,1418
3134,4134
128,1128
802,1802
3614,4614
928,1928
1041,2041
6372,7372
9447,10447
2258,3258
8458,9458
1107,2107
5854,6854
7003,8003
8360,9360
2749,3749
3772,4772
4429,5429
1844,2844
3587,4587
4013,5013
1224,2224
9852,10852
9739,10739
8250,9250
5014,6014
8497,9497
6451,7451
4067,5067
2238,3238
9915,10915
421,1421
2636,3636
4985,5985
4289,5289
194,1194
7108,8108
9228,10228
8195,9195
2504,3504
6759,7759
4110,5110
3522,4522
3147,4147
4318,5318
7249,8249
1891,2891
2751,3751
3228,4228
7607,8607
5980,6980
3055,4055
5658,6658
6521,7521
2226,3226
7945,8945
9568,10568
2907,3907
3613,4613
5054,6054
8108,9108
4474,5474
3779,4779
5380,6380
7967,8967
6470,7470
9292,10292
7193,8193
9945,10945
3553,4553
4251,5251
8049,9049
5293,6293
7911,8911
9356,10356
8801,9801
9845,10845
2736,3736
8344,9344
8306,9306
2981,3981
1325,2325
5397,6397
463,1463
2447,3447
2999,3999
3508,4508
2847,3847
5553,6553
9194,10194
5960,6960
8909,9909
1737,2737
4456,5456
5893,6893
9447,10447
9851,10851
8582,9582
2375,3375
3276,4276
3524,4524
8211,9211
7082,8082
3161,4161
6669,7669
222,1222
3829,4829
8671,9671
2163,3163
9797,10797
715,1715
6903,7903
1068,2068
2959,3959
621,1621
1485,2485
5223,6223
2129,3129
6371,7371
6589,7589
2645,3645
3026,4026
9423,10423
9687,10687
4850,5850
4502,5502
4323,5323
4045,5045
6366,7366
10,1010
9218,10218
2105,3105
149,1149
7223,8223
3436,4436
9727,10727
8214,9214
9673,10673
9760,10760
1354,2354
6291,7291
4629,5629
6046,7046
6000,7000
4138,5138
1662,2662
4281,5281
5835,6835
7112,8112
9734,10734
8436,9436
2319,3319
8211,9211
9424,10424
4472,5472
1687,2687
2289,3289
4462,5462
6846,7846
8383,9383
4703,5703
5796,6796
6798,7798
6193,7193
5120,6120
9805,10805
8629,9629
4232,5232
7998,8998
6592,7592
370,1370
3684,4684
1592,2592
3032,4032
8244,9244
3590,4590
9722,10722
4056,5056
3848,4848
7127,8127
3452,4452
9535,10535
9498,10498
4552,5552
204,1204
1457,2457
6134,7134
5196,6196
9108,10108
4794,5794
7495,8495
1536,2536
9076,10076
7017,8017
6069,7069
9903,10903
6946,7946
1191,2191
6146,7146
9218,10218
3337,4337
2302,3302
6350,7350
4610,5610
8933,9933
1662,2662
4306,5306
9332,10332
2055,3055
6134,7134
6410,7410
3191,4191
8939,9939
5962,6962
7298,8298
3796,4796
8707,9707
3433,4433
8290,9290
9120,10120
4636,5636
3523,4523
2708,3708
2376,3376
1012,2012
1873,2873
5171,6171
8820,9820
7493,8493
9028,10028
5046,6046
3869,4869
858,1858
4180,5180
8618,9618
5702,6702
5213,6213
8587,9587
1898,2898
5898,6898
5657,6657
2378,3378
1678,2678
1469,2469
3856,4856
7474,8474
1128,2128
6397,7397
8050,9050
8341,9341
9906,10906
6469,7469
4324,5324
7601,8601
6283,7283
9493,10493
8805,9805
8783,9783
6475,7475
7369,8369
2936,3936
4818,5818
5620,6620
5742,6742
649,1649
4891,5891
9375,10375
2250,3250
5574,6574
8824,9824
152,1152
2632,3632
8249,9249
644,1644
2924,3924
2381,3381
7792,8792
1286,2286
604,1604
9585,10585
500,1500
9620,10620
1934,2934
8892,9892
2174,3174
4499,5499
7648,8648
9609,10609
1620,2620
1407,2407
6137,7137
9469,10469
3939,4939
1615,2615
3493,4493
3071,4071
2375,3375
9650,10650
679,1679
4070,5070
1726,2726
9075,10075
2133,3133
1104,2104
7048,8048
6790,7790
6339,7339
6915,7915
9195,10195
9536,10536
1847,2847
7770,8770
1350,2350
3517,4517
865,1865
912,1912
9758,10758
4119,5119
9519,10519
790,1790
2400,3400
3878,4878
7981,8981
9932,10932
3400,4400
9045,10045
9009,10009
8640,9640
6521,7521
4013,5013
836,1836
4649,5649
2064,3064
8469,9469
6561,7561
3930,4930
860,1860
5841,6841
9212,10212
8937,9937
8905,9905
10000,11000
2762,3762
4181,5181
3277,4277
6656,7656
4317,5317
5065,6065
8984,9984
331,1331
4883,5883
2119,3119
8389,9389
2546,3546
2044,3044
725,1725
4275,5275
1090,2090
2690,3690
9868,10868
4797,5797
9427,10427
499,1499
6506,7506
9005,10005
8141,9141
9137,10137
7757,8757
8499,9499
7080,8080
1824,2824
6317,7317
7730,8730
376,1376
1339,2339
9721,10721
4741,5741
8086,9086
6148,7148
7495,8495
4099,5099
1306,2306
1451,2451
7695,8695
2568,3568
675,1675
6101,7101
7767,8767
80,1080
6219,7219
6538,7538
7849,8849
675,1675
1750,2750
6178,7178
481,1481
376,1376
6197,7197
5802,6802
7406,8406
8315,9315
6389,7389
4925,5925
4717,5717
9622,10622
4262,5262
8544,9544
3882,4882
6468,7468
9107,10107
7013,8013
6037,7037
1190,2190
1158,2158
3048,4048
5350,6350
7653,8653
7631,8631
7785,8785
810,1810
2213,3213
382,1382
8068,9068
4554,5554
5234,6234
319,1319
3123,4123
360,1360
1354,2354
7218,8218
4793,5793
9704,10704
7145,8145
9080,10080
3254,4254
7430,8430
6725,7725
4625,5625
2524,3524
5125,6125
3626,4626
7355,8355
9348,10348
9354,10354
8197,9197
1032,2032
2617,3617
8858,9858
4942,5942
3244,4244
2872,3872
7288,8288
4765,5765
1226,2226
2301,3301
6061,7061
106,1106
783,1783
4032,5032
3644,4644
4194,5194
5167,6167
7057,8057
6664,7664
325,1325
58,1058
9110,10110
6583,7583
4095,5095
110,1110
7428,8428
4748,5748
3546,4546
7426,8426
9651,10651
2016,3016
8817,9817
8259,9259
9511,10511
8785,9785
8425,9425
8045,9045
3163,4163
4591,5591
4008,5008
4111,5111
8559,9559
9322,10322
844,1844
2832,3832
1475,2475
7318,8318
3960,4960
5657,6657
5241,6241
3483,4483
8739,9739
4935,5935
4006,5006
8772,9772
7267,8267
1888,2888
4695,5695
6822,7822
4337,5337
9124,10124
3592,4592
709,1709
8900,9900
951,1951
5486,6486
5381,6381
2634,3634
9717,10717
5484,6484
8627,9627
3788,4788
2602,3602
8559,9559
2580,3580
9524,10524
6566,7566
471,1471
9942,10942
9219,10219
5645,6645
5033,6033
6431,7431
4220,5220
1525,2525
3017,4017
7178,8178
4904,5904
5724,6724
4121,5121
3896,4896
960,1960
1613,2613
4733,5733
4090,5090
5162,6162
8580,9580
1842,2842
9457,10457
1064,2064
4537,5537
4996,5996
62,1062
510,1510
7053,8053
3142,4142
2214,3214
8341,9341
9376,10376
8242,9242
8461,9461
7834,8834
9945,10945
1110,2110
2581,3581
2121,3121
1045,2045
9394,10394
6402,7402
2651,3651
4425,5425
962,1962
5393,6393
2034,3034
7511,8511
5498,6498
1390,2390
5210,6210
2671,3671
4136,5136
601,1601
7097,8097
6237,7237
3003,4003
5987,6987
2848,3848
559,1559
1743,2743
1841,2841
3376,4376
6970,7970
2465,3465
5544,6544
778,1778
8328,9328
9372,10372
7127,8127
3761,4761
6399,7399
7334,8334
6776,7776
9784,10784
2909,3909
2147,3147
1891,2891
9733,10733
6878,7878
8013,9013
6686,7686
9137,10137
5272,6272
2211,3211
6979,7979
7064,8064
7339,8339
6642,7642
9178,10178
9864,10864
6298,7298
6371,7371
2209,3209
6439,7439
1735,2735
4115,5115
6523,7523
8420,9420
3696,4696
3080,4080
5006,6006
2900,3900
6585,7585
6133,7133
2409,3409
8300,9300
478,1478
828,1828
7291,8291
4881,5881
9645,10645
5878,6878
918,1918
8743,9743
5272,6272
4914,5914
1772,2772
9094,10094
9139,10139
7273,8273
5284,6284
5545,6545
2276,3276
2879,3879
4450,5450
182,1182
4615,5615
7584,8584
465,1465
4744,5744
5989,6989
4057,5057
1030,2030
5301,6301
8547,9547
3730,4730
8110,9110
4287,5287
2306,3306
515,1515
2457,3457
7108,8108
639,1639
3156,4156
638,1638
1306,2306
4155,5155
7929,8929
121,1121
228,1228
3959,4959
9933,10933
1221,2221
4622,5622
225,1225
2310,3310
3836,4836
8144,9144
5824,6824
7907,8907
6857,7857
5124,6124
5886,6886
5815,6815
2380,3380
3027,4027
9402,10402
4445,5445
6583,7583
3808,4808
2072,3072
3229,4229
9972,10972
3747,4747
1193,2193
5579,6579
4860,5860
4815,5815
7247,8247
3016,4016
995,1995
4638,5638
9520,10520
8707,9707
6778,7778
1993,2993
3806,4806
4137,5137
5545,6545
5346,6346
7455,8455
6026,7026
1510,2510
5503,6503
8912,9912
7934,8934
36,1036
1816,2816
5563,6563
1081,2081
8094,9094
5769,6769
1135,2135
4166,5166
4945,5945
9086,10086
9528,10528
469,1469
8881,9881
4497,5497
8516,9516
9211,10211
9774,10774
3025,4025
9543,10543
8515,9515
9259,10259
157,1157
7530,8530
9837,10837
1994,2994
4420,5420
3306,4306
8779,9779
5942,6942
2997,3997
4862,5862
4258,5258
1,1001
446,1446
2705,3705
231,1231
275,1275
676,1676
2443,3443
2781,3781
6770,7770
8746,9746
1668,2668
4518,5518
115,1115
1780,2780
7158,8158
4039,5039
6296,7296
9279,10279
1889,2889
7480,8480
9126,10126
4928,5928
5896,6896
2472,3472
2692,3692
9766,10766
1059,2059
2808,3808
5184,6184
3740,4740
7143,8143
4540,5540
5207,6207
9437,10437
2833,3833
6844,7844
5288,6288
8161,9161
9637,10637
3506,4506
5115,6115
388,1388
2009,3009
1762,2762
5930,6930
4736,5736
6713,7713
3532,4532
4108,5108
9800,10800
288,1288
1427,2427
6315,7315
8369,9369
7402,8402
1294,2294
7457,8457
6197,7197
7310,8310
6222,7222
18,1018
2104,3104
9468,10468
7911,8911
248,1248
5590,6590
7474,8474
4080,5080
3935,4935
2375,3375
4159,5159
7201,8201
8201,9201
5647,6647
2983,3983
8495,9495
9229,10229
8335,9335
541,1541
8673,9673
2121,3121
806,1806
3644,4644
6217,7217
6886,7886
1782,2782
7697,8697
4645,5645
8171,9171
5924,6924
7003,8003
3212,4212
710,1710
9977,10977
7107,8107
4920,5920
6144,7144
9331,10331
5126,6126
7706,8706
3211,4211
3460,4460
3975,4975
6956,7956
6145,7145
6534,7534
3281,4281
9790,10790
3140,4140
3144,4144
7061,8061
4173,5173
4528,5528
5909,6909
236,1236
120,1120
6622,7622
7945,8945
5403,6403
8651,9651
2796,3796
3134,4134
5460,6460
5479,6479
3586,4586
5510,6510
9288,10288
7904,8904
460,1460
7622,8622
6340,7340
9719,10719
4434,5434
464,1464
468,1468
2235,3235
6871,7871
8180,9180
8373,9373
6978,7978
2640,3640
1021,2021
6067,7067
9657,10657
1051,2051
6412,7412
5389,6389
2405,3405
6424,7424
375,1375
1792,2792
9901,10901
9554,10554
3293,4293
5559,6559
3715,4715
7604,8604
9992,10992
876,1876
6375,7375
8313,9313
4914,5914
5432,6432
2406,3406
2819,3819
4819,5819
3743,4743
45,1045
581,1581
7966,8966
1047,2047
5526,6526
7342,8342
936,1936
614,1614
3131,4131
2808,3808
4908,5908
3282,4282
8478,9478
3481,4481
7154,8154
3296,4296
7297,8297
3388,4388
6469,7469
7943,8943
5288,6288
5219,6219
5458,6458
7867,8867
4437,5437
8788,9788
5962,6962
5792,6792
2896,3896
8838,9838
1221,2221
7383,8383
4405,5405
5587,6587
6843,7843
2461,3461
7241,8241
3243,4243
7187,8187
6,1006
4357,5357
4203,5203
4926,5926
1423,2423
6478,7478
8719,9719
7672,8672
2850,3850
1939,2939
4377,5377
9399,10399
597,1597
7699,8699
4584,5584
9353,10353
304,1304
1356,2356
7866,8866
8074,9074
6461,7461
2188,3188
6436,7436
7153,8153
3331,4331
9879,10879
5230,6230
9982,10982
1493,2493
4949,5949
6477,7477
2815,3815
3306,4306
6607,7607
6853,7853
711,1711
4268,5268
9681,10681
1161,2161
4312,5312
2306,3306
5335,6335
4841,5841
6695,7695
1616,2616
6361,7361
7197,8197
5078,6078
6651,7651
2274,3274
3878,4878
6163,7163
4302,5302
611,1611
4489,5489
3520,4520
8700,9700
7764,8764
6305,7305
1101,2101
1433,2433
5694,6694
6321,7321
3451,4451
2396,3396
6564,7564
8263,9263
3983,4983
4583,5583
9866,10866
2444,3444
656,1656
5095,6095
3348,4348
8014,9014
7089,8089
8221,9221
2027,3027
5872,6872
3685,4685
2924,3924
6861,7861
7536,8536
5375,6375
8885,9885
5670,6670
4204,5204
103,1103
3804,4804
7372,8372
6098,7098
47,1047
5465,6465
6764,7764
7356,8356
2567,3567
6357,7357
6001,7001
9481,10481
4803,5803
2308,3308
6473,7473
1608,2608
2865,3865
6814,7814
5698,6698
3611,4611
5897,6897
4419,5419
5652,6652
2307,3307
1097,2097
8144,9144
9728,10728
3857,4857
518,1518
8910,9910
3222,4222
1874,2874
6424,7424
2149,3149
2149,3149
4840,5840
1234,2234
5848,6848
5677,6677
1391,2391
8276,9276
1615,2615
4604,5604
6336,7336
8292,9292
5105,6105
8417,9417
4439,5439
4398,5398
934,1934
3481,4481
4397,5397
1032,2032
3473,4473
300,1300
8807,9807
1237,2237
9928,10928
4024,5024
7412,8412
3408,4408
4811,5811
8767,9767
3483,4483
5126,6126
6477,7477
871,1871
5334,6334
3646,4646
9516,10516
7712,8712
2111,3111
8012,9012
5462,6462
2488,3488
7553,8553
5861,6861
4814,5814
3753,4753
7845,8845
5812,6812
8370,9370
2906,3906
2831,3831
2711,3711
3356,4356
3223,4223
9009,10009
5136,6136
4529,5529
9843,10843
8393,9393
6053,7053
5278,6278
7414,8414
5023,6023
8697,9697
2065,3065
5650,6650
5963,6963
4408,5408
4219,5219
9550,10550
6993,7993
8517,9517
7351,8351
5096,6096
5320,6320
1349,2349
2618,3618
6402,7402
6581,7581
7839,8839
9957,10957
9034,10034
575,1575
2599,3599
2773,3773
6833,7833
4812,5812
2585,3585
8482,9482
5000,6000
1777,2777
2096,3096
5805,6805
1791,2791
5056,6056
848,1848
7688,8688
3536,4536
1934,2934
7064,8064
8790,9790
3301,4301
8924,9924
274,1274
479,1479
7829,8829
9824,10824
4549,5549
7917,8917
7770,8770
5253,6253
3378,4378
6561,7561
1935,2935
9773,10773
7551,8551
6782,7782
2943,3943
6304,7304
2021,3021
6660,7660
7741,8741
6892,7892
5559,6559
8594,9594
6409,7409
4613,5613
6389,7389
5653,6653
1538,2538
3381,4381
265,1265
834,1834
981,1981
4424,5424
6843,7843
7668,8668
4845,5845
7853,8853
6127,7127
8956,9956
4970,5970
9112,10112
5135,6135
7591,8591
5943,6943
7196,8196
7321,8321
958,1958
8983,9983
2012,3012
6939,7939
6619,7619
5012,6012
7257,8257
7139,8139
7410,8410
3831,4831
4778,5778
9196,10196
4852,5852
6493,7493
6820,7820
4021,5021
5277,6277
1515,2515
2793,3793
9856,10856
618,1618
2076,3076
449,1449
7005,8005
1699,2699
1744,2744
7733,8733
5064,6064
32,1032
4132,5132
61,1061
9844,10844
7565,8565
8310,9310
6045,7045
8817,9817
3224,4224
4336,5336
8260,9260
5400,6400
4440,5440
8730,9730
319,1319
9818,10818
1178,2178
1114,2114
2442,3442
1832,2832
9851,10851
2253,3253
7666,8666
1352,2352
9359,10359
3124,4124
2502,3502
7837,8837
2447,3447
5523,6523
5232,6232
1065,2065
5829,6829
8888,9888
2259,3259
8480,9480
5359,6359
8289,9289
818,1818
8559,9559
9265,10265
4775,5775
9591,10591
7664,8664
8427,9427
1165,2165
26,1026
4516,5516
236,1236
5067,6067
3447,4447
9207,10207
9020,10020
9432,10432
3194,4194
9470,10470
6700,7700
3919,4919
7850,8850
7055,8055
4082,5082
5662,6662
7662,8662
4362,5362
592,1592
5700,6700
2717,3717
9904,10904
2425,3425
3327,4327
2267,3267
6268,7268
6852,7852
6393,7393
4168,5168
1395,2395
5883,6883
402,1402
2242,3242
2743,3743
7031,8031
1758,2758
1136,2136
9491,10491
2718,3718
9652,10652
6501,7501
822,1822
6659,7659
4270,5270
2753,3753
9751,10751
5384,6384
4520,5520
3379,4379
5755,6755
6261,7261
4142,5142
6569,7569
4497,5497
6365,7365
8141,9141
8674,9674
6253,7253
8886,9886
7967,8967
5050,6050
5392,6392
8523,9523
5379,6379
9092,10092
3234,4234
7179,8179
4055,5055
8578,9578
6064,7064
1902,2902
3588,4588
8432,9432
5965,6965
5276,6276
6224,7224
9655,10655
5652,6652
887,1887
288,1288
3694,4694
5730,6730
3950,4950
9169,10169
6988,7988
6392,7392
6454,7454
1051,2051
1452,2452
5606,6606
8904,9904
7021,8021
8277,9277
386,1386
2704,3704
6454,7454
8266,9266
7482,8482
9318,10318
9837,10837
9646,10646
4840,5840
824,1824
5637,6637
4310,5310
2073,3073
8668,9668
4989,5989
9643,10643
8681,9681
3832,4832
7945,8945
2134,3134
2425,3425
9991,10991
5874,6874
1847,2847
3272,4272
6982,7982
4236,5236
1653,2653
2812,3812
6428,7428
7599,8599
686,1686
2794,3794
1780,2780
2905,3905
5129,6129
739,1739
5040,6040
8157,9157
1033,2033
9910,10910
1094,2094
8353,9353
1520,2520
1704,2704
1257,2257
6955,7955
5806,6806
5420,6420
4665,5665
9043,10043
3573,4573
9105,10105
5493,6493
2211,3211
9460,10460
5289,6289
6628,7628
5852,6852
3277,4277
2383,3383
1545,2545
6623,7623
7159,8159
4950,5950
8606,9606
1128,2128
7582,8582
5580,6580
6686,7686
2706,3706
4820,5820
3054,4054
3693,4693
6274,7274
2439,3439
9716,10716
6194,7194
1187,2187
1,1001
7127,8127
5678,6678
5215,6215
4354,5354
6367,7367
1392,2392
8448,9448
1024,2024
8841,9841
5744,6744
772,1772
6491,7491
64,1064
1099,2099
4480,5480
2467,3467
4192,5192
2198,3198
3390,4390
5433,6433
9580,10580
7369,8369
813,1813
475,1475
5568,6568
4299,5299
3597,4597
6355,7355
8079,9079
2947,3947
7670,8670
1423,2423
2645,3645
9544,10544
3834,4834
557,1557
6570,7570
5448,6448
4405,5405
6137,7137
8731,9731
4087,5087
9232,10232
7858,8858
21,1021
6231,7231
8930,9930
3341,4341
2233,3233
9410,10410
4518,5518
6563,7563
7827,8827
1461,2461
6965,7965
8450,9450
1107,2107
1722,2722
1259,2259
5597,6597
3010,4010
1948,2948
6032,7032
9243,10243
7893,8893
230,1230
7920,8920
2235,3235
9966,10966
7114,8114
4566,5566
3935,4935
6737,7737
7119,8119
1422,2422
4063,5063
1885,2885
2140,3140
8147,9147
5437,6437
8293,9293
7084,8084
1285,2285
6743,7743
2615,3615
1822,2822
7767,8767
5731,6731
1071,2071
2072,3072
4954,5954
1828,2828
7175,8175
2916,3916
9820,10820
6052,7052
7365,8365
4142,5142
7146,8146
8837,9837
2875,3875
6454,7454
965,1965
4465,5465
4044,5044
3257,4257
3603,4603
8784,9784
3497,4497
826,1826
917,1917
8345,9345
4311,5311
9243,10243
6870,7870
9167,10167
7345,8345
4241,5241
5821,6821
5682,6682
562,1562
1205,2205
8901,9901
6142,7142
5572,6572
9226,10226
3705,4705
7103,8103
4788,5788
7427,8427
3396,4396
1066,2066
900,1900
4429,5429
8223,9223
4805,5805
2751,3751
2203,3203
9915,10915
1081,2081
3151,4151
9448,10448
537,1537
432,1432
3406,4406
361,1361
6225,7225
8040,9040
8431,9431
3518,4518
8917,9917
1594,2594
8001,9001
191,1191
2685,3685
1592,2592
1069,2069
2817,3817
7148,8148
1950,2950
5984,6984
5258,6258
7318,8318
2387,3387
4187,5187
6581,7581
5193,6193
7495,8495
6799,7799
4442,5442
7773,8773
7272,8272
1355,2355
9177,10177
2811,3811
7950,8950
8539,9539
1322,2322
5091,6091
390,1390
3850,4850
3101,4101
6399,7399
5567,6567
8805,9805
9508,10508
3810,4810
3617,4617
4160,5160
7958,8958
8385,9385
8175,9175
585,1585
6859,7859
663,1663
9319,10319
5079,6079
9532,10532
9280,10280
5734,6734
417,1417
6843,7843
3130,4130
3086,4086
8806,9806
8153,9153
8876,9876
5507,6507
4905,5905
8255,9255
5705,6705
4369,5369
635,1635
4573,5573
1182,2182
7107,8107
4047,5047
8948,9948
8372,9372
8864,9864
9619,10619
7415,8415
9116,10116
2243,3243
2143,3143
7562,8562
6219,7219
7302,8302
2414,3414
4219,5219
9436,10436
5541,6541
4505,5505
210,1210
9901,10901
9590,10590
1447,2447
5728,6728
5020,6020
362,1362
6968,7968
4187,5187
8148,9148
4169,5169
49,1049
6327,7327
826,1826
5857,6857
5328,6328
3000,4000
8739,9739
3864,4864
5091,6091
1223,2223
9097,10097
2483,3483
8325,9325
5054,6054
6451,7451
3292,4292
2304,3304
4837,5837
9517,10517
1768,2768
8175,9175
2628,3628
9053,10053
1409,2409
6967,7967
9559,10559
4586,5586
3592,4592
1631,2631
893,1893
7053,8053
3912,4912
6419,7419
2017,3017
7354,8354
9207,10207
1594,2594
4742,5742
2736,3736
9289,10289
194,1194
5159,6159
6418,7418
5828,6828
5084,6084
6946,7946
8778,9778
1228,2228
1741,2741
4965,5965
4296,5296
3411,4411
3247,4247
8753,9753
5462,6462
6181,7181
1188,2188
3079,4079
4724,5724
6117,7117
3580,4580
788,1788
952,1952
1033,2033
8245,9245
105,1105
7382,8382
7821,8821
1279,2279
2031,3031
9363,10363
5858,6858
8337,9337
7849,8849
6054,7054
9831,10831
1258,2258
2,1002
4663,5663
4247,5247
9476,10476
9762,10762
1234,2234
867,1867
5232,6232
4050,5050
8026,9026
3280,4280
8608,9608
7102,8102
8839,9839
7942,8942
7836,8836
4301,5301
1194,2194
661,1661
7888,8888
1504,2504
6847,7847
4830,5830
4769,5769
7718,8718
7894,8894
8264,9264
8083,9083
6729,7729
9992,10992
625,1625
4393,5393
9614,10614
6196,7196
2772,3772
4333,5333
4909,5909
9017,10017
5088,6088
6688,7688
54,1054
4084,5084
8244,9244
8446,9446
8539,9539
6524,7524
6959,7959
9814,10814
1195,2195
5271,6271
2693,3693
41,1041
5719,6719
9626,10626
4985,5985
9742,10742
1910,2910
2402,3402
9811,10811
9401,10401
1924,2924
1274,2274
7921,8921
43,1043
6055,7055
3327,4327
8286,9286
5551,6551
1477,2477
653,1653
2016,3016
9598,10598
5223,6223
3601,4601
7718,8718
5717,6717
6260,7260
3837,4837
5456,6456
7894,8894
3517,4517
7746,8746
9566,10566
2244,3244
2014,3014
6871,7871
54,1054
1007,2007
1356,2356
6221,7221
7618,8618
440,1440
6274,7274
8301,9301
4726,5726
9231,10231
8928,9928
5593,6593
7289,8289
220,1220
7318,8318
5777,6777
7397,8397
3305,4305
2642,3642
7360,8360
7596,8596
7208,8208
2195,3195
8759,9759
4812,5812
377,1377
7149,8149
5283,6283
8185,9185
8975,9975
5606,6606
27,1027
751,1751
6515,7515
6230,7230
3987,4987
7243,8243
324,1324
5274,6274
7027,8027
6217,7217
8384,9384
4201,5201
8983,9983
5805,6805
7333,8333
9550,10550
5818,6818
6303,7303
7992,8992
2132,3132
8127,9127
6429,7429
6821,7821
552,1552
2126,3126
6131,7131
410,1410
7338,8338
5452,6452
9757,10757
2701,3701
3189,4189
667,1667
5123,6123
8452,9452
68,1068
3343,4343
304,1304
9745,10745
3075,4075
7258,8258
8627,9627
890,1890
9425,10425
7985,8985
1460,2460
6981,7981
4776,5776
7494,8494
5679,6679
9824,10824
8540,9540
3974,4974
976,1976
7750,8750
7586,8586
2465,3465
4507,5507
7117,8117
7522,8522
6654,7654
5804,6804
832,1832
6469,7469
9149,10149
1851,2851
7442,8442
4445,5445
8641,9641
2217,3217
1217,2217
7670,8670
5383,6383
672,1672
1249,2249
7256,8256
4233,5233
3877,4877
4470,5470
5569,6569
9667,10667
3569,4569
2310,3310
6378,7378
804,1804
696,1696
2767,3767
8464,9464
9499,10499
5835,6835
1538,2538
4778,5778
3320,4320
3933,4933
8961,9961
2140,3140
4483,5483
708,1708
2591,3591
164,1164
6938,7938
7478,8478
76,1076
1956,2956
5554,6554
9618,10618
7423,8423
9575,10575
3026,4026
9477,10477
254,1254
2292,3292
216,1216
6977,7977
2540,3540
5830,6830
2746,3746
5548,6548
2068,3068
4144,5144
2197,3197
5563,6563
3960,4960
7988,8988
2074,3074
5868,6868
2619,3619
6250,7250
5998,6998
4206,5206
4504,5504
7952,8952
272,1272
7166,8166
3790,4790
8142,9142
5236,6236
6496,7496
782,1782
2623,3623
712,1712
56,1056
2878,3878
455,1455
5917,6917
2671,3671
4449,5449
7131,8131
5308,6308
1746,2746
7402,8402
1312,2312
1359,2359
7355,8355
8437,9437
8737,9737
3936,4936
6594,7594
933,1933
2181,3181
4582,5582
639,1639
4560,5560
1505,2505
6488,7488
4094,5094
9473,10473
6147,7147
7103,8103
2318,3318
3620,4620
9403,10403
8655,9655
7561,8561
2052,3052
6335,7335
8879,9879
5687,6687
6926,7926
5540,6540
4208,5208
7957,8957
5714,6714
2562,3562
9195,10195
536,1536
2822,3822
7782,8782
1399,2399
5775,6775
6492,7492
1498,2498
5383,6383
937,1937
5738,6738
6636,7636
2760,3760
8515,9515
1190,2190
2467,3467
9961,10961
5521,6521
6503,7503
3647,4647
8104,9104
1840,2840
8141,9141
797,1797
1855,2855
8356,9356
5424,6424
5325,6325
9768,10768
8774,9774
2393,3393
4683,5683
5265,6265
9858,10858
3683,4683
912,1912
8969,9969
1154,2154
9746,10746
2515,3515
9926,10926
8112,9112
3738,4738
856,1856
7172,8172
6611,7611
6018,7018
8100,9100
5502,6502
1730,2730
5685,6685
2165,3165
5752,6752
7712,8712
6680,7680
3161,4161
5949,6949
9960,10960
3524,4524
8780,9780
5418,6418
8105,9105
9758,10758
8586,9586
1711,2711
2945,3945
1810,2810
6867,7867
5671,6671
4559,5559
9110,10110
7987,8987
3049,4049
6847,7847
5821,6821
8258,9258
821,1821
4535,5535
511,1511
7027,8027
8247,9247
6124,7124
5306,6306
7522,8522
2338,3338
4509,5509
991,1991
9940,10940
71,1071
423,1423
360,1360
6469,7469
1366,2366
7484,8484
8069,9069
1241,2241
9970,10970
1338,2338
1811,2811
5253,6253
3368,4368
6328,7328
46,1046
9506,10506
5231,6231
2731,3731
7508,8508
3245,4245
4625,5625
50,1050
2006,3006
525,1525
4006,5006
3265,4265
3558,4558
3806,4806
4755,5755
6352,7352
4186,5186
923,1923
7994,8994
9770,10770
7325,8325
8366,9366
1149,2149
6494,7494
9751,10751
6633,7633
9859,10859
663,1663
5340,6340
3467,4467
3816,4816
6415,7415
1329,2329
2250,3250
2722,3722
5495,6495
2221,3221
8861,9861
6483,7483
1394,2394
3793,4793
4898,5898
9535,10535
4800,5800
6117,7117
4435,5435
6260,7260
7193,8193
8737,9737
6024,7024
316,1316
5947,6947
6293,7293
1567,2567
8069,9069
9996,10996
1394,2394
379,1379
5620,6620
3921,4921
8345,9345
2692,3692
3998,4998
8082,9082
6978,7978
869,1869
1136,2136
8472,9472
3077,4077
2471,3471
6347,7347
4963,5963
8654,9654
7503,8503
6639,7639
6436,7436
2693,3693
2201,3201
448,1448
8399,9399
9816,10816
8241,9241
7873,8873
4899,5899
7550,8550
5721,6721
3249,4249
5743,6743
5631,6631
8952,9952
3814,4814
458,1458
7872,8872
9480,10480
296,1296
3660,4660
402,1402
1436,2436
5751,6751
4262,5262
2277,3277
912,1912
1045,2045
2365,3365
2962,3962
1184,2184
6387,7387
4339,5339
3125,4125
178,1178
1641,2641
4488,5488
6439,7439
2055,3055
1790,2790
503,1503
767,1767
756,1756
7542,8542
1718,2718
9246,10246
8810,9810
8504,9504
2204,3204
7034,8034
8929,9929
3143,4143
7112,8112
2735,3735
55,1055
6311,7311
1244,2244
2023,3023
9539,10539
7346,8346
6751,7751
9320,10320
6499,7499
147,1147
9683,10683
2409,3409
4888,5888
2028,3028
6239,7239
1431,2431
6801,7801
301,1301
9109,10109
3266,4266
9964,10964
9266,10266
9807,10807
5,1005
411,1411
9739,10739
5086,6086
3210,4210
673,1673
9666,10666
5073,6073
5930,6930
5758,6758
1893,2893
473,1473
6780,7780
6013,7013
1180,2180
4402,5402
9468,10468
2132,3132
4741,5741
631,1631
7481,8481
7951,8951
5362,6362
3139,4139
7092,8092
7140,8140
4909,5909
8630,9630
6041,7041
7552,8552
9169,10169
3948,4948
1593,2593
5914,6914
8584,9584
9893,10893
6308,7308
7454,8454
1032,2032
6349,7349
8297,9297
1875,2875
8618,9618
3134,4134
386,1386
4787,5787
1183,2183
4457,5457
2974,3974
4798,5798
4514,5514
2874,3874
6212,7212
8345,9345
1511,2511
8445,9445
7267,8267
7332,8332
3382,4382
1510,2510
2161,3161
8115,9115
4135,5135
5780,6780
3713,4713
4857,5857
6042,7042
9690,10690
6031,7031
6879,7879
2825,3825
3639,4639
5568,6568
3526,4526
7990,8990
7069,8069
7678,8678
1418,2418
3396,4396
9852,10852
4834,5834
6102,7102
5562,6562
6103,7103
2559,3559
8005,9005
9638,10638
6355,7355
9468,10468
4479,5479
9427,10427
6088,7088
3252,4252
9904,10904
6502,7502
9266,10266
3073,4073
3386,4386
3985,4985
8060,9060
3671,4671
577,1577
6567,7567
8730,9730
6579,7579
616,1616
1276,2276
6164,7164
2332,3332
9113,10113
2631,3631
7119,8119
5760,6760
5694,6694
5514,6514
6364,7364
3744,4744
1489,2489
9890,10890
8918,9918
4156,5156
699,1699
1522,2522
4829,5829
7953,8953
1108,2108
7315,8315
341,1341
6309,7309
2195,3195
5981,6981
8251,9251
3134,4134
1304,2304
3371,4371
6998,7998
4717,5717
1057,2057
7329,8329
5352,6352
7477,8477
3546,4546
2336,3336
7940,8940
9120,10120
4403,5403
1358,2358
9090,10090
9591,10591
7284,8284
755,1755
4036,5036
3733,4733
3457,4457
5998,6998
6027,7027
4488,5488
9581,10581
6456,7456
3690,4690
3589,4589
8904,9904
6061,7061
9912,10912
1948,2948
7752,8752
8972,9972
1587,2587
9150,10150
5116,6116
3127,4127
3182,4182
8529,9529
280,1280
5162,6162
8392,9392
1621,2621
8420,9420
2948,3948
4003,5003
4474,5474
3680,4680
8497,9497
7683,8683
3983,4983
9148,10148
7171,8171
5479,6479
603,1603
7555,8555
5251,6251
3167,4167
1866,2866
7131,8131
9986,10986
7048,8048
3773,4773
8145,9145
1958,2958
3148,4148
1587,2587
6835,7835
9715,10715
2677,3677
1319,2319
7245,8245
6024,7024
9345,10345
8818,9818
2888,3888
3930,4930
4704,5704
6235,7235
5857,6857
939,1939
3628,4628
4788,5788
7896,8896
3466,4466
5574,6574
9153,10153
6250,7250
1888,2888
8794,9794
6303,7303
1779,2779
2043,3043
3503,4503
8212,9212
9778,10778
2334,3334
2473,3473
7308,8308
5588,6588
258,1258
5583,6583
1299,2299
5759,6759
2973,3973
8758,9758
5740,6740
980,1980
9482,10482
6105,7105
5811,6811
1266,2266
9158,10158
7613,8613
2680,3680
2401,3401
9976,10976
4973,5973
3974,4974
2826,3826
235,1235
6465,7465
5214,6214
5171,6171
2334,3334
1684,2684
812,1812
2080,3080
5172,6172
989,1989
8379,9379
5913,6913
7508,8508
2891,3891
9273,10273
203,1203
7442,8442
9342,10342
1762,2762
5558,6558
29,1029
7162,8162
1013,2013
2588,3588
6502,7502
9919,10919
7364,8364
2497,3497
2735,3735
4433,5433
2654,3654
9526,10526
7912,8912
3248,4248
8546,9546
1665,2665
7694,8694
8701,9701
4970,5970
9555,10555
3819,4819
7981,8981
9388,10388
3089,4089
1345,2345
5765,6765
2934,3934
6312,7312
4717,5717
2959,3959
8441,9441
3180,4180
8761,9761
9365,10365
2515,3515
3372,4372
3862,4862
261,1261
3156,4156
566,1566
897,1897
3066,4066
6616,7616
2046,3046
2885,3885
8584,9584
2120,3120
4333,5333
8504,9504
9302,10302
7962,8962
147,1147
4939,5939
8795,9795
6977,7977
1848,2848
7970,8970
7942,8942
9366,10366
5001,6001
2208,3208
9960,10960
1927,2927
7168,8168
3526,4526
9662,10662
5444,6444
4685,5685
792,1792
1229,2229
6325,7325
4447,5447
5565,6565
1267,2267
2609,3609
8238,9238
5727,6727
9109,10109
2414,3414
380,1380
6638,7638
8384,9384
3884,4884
309,1309
131,1131
6130,7130
4205,5205
1203,2203
5415,6415
1517,2517
2724,3724
2364,3364
8418,9418
7692,8692
1733,2733
9386,10386
8907,9907
6839,7839
8058,9058
1775,2775
8769,9769
4708,5708
9527,10527
4786,5786
5323,6323
3052,4052
1489,2489
8451,9451
7886,8886
5023,6023
1802,2802
7376,8376
1904,2904
9196,10196
3628,4628
2713,3713
8994,9994
9636,10636
1433,2433
4082,5082
8810,9810
1611,2611
2037,3037
5125,6125
4071,5071
3332,4332
8440,9440
8163,9163
3924,4924
8018,9018
416,1416
8885,9885
5367,6367
6402,7402
158,1158
666,1666
7369,8369
852,1852
4131,5131
9247,10247
1651,2651
2094,3094
2878,3878
830,1830
7348,8348
3167,4167
5956,6956
1613,2613
8195,9195
6217,7217
8374,9374
3133,4133
6656,7656
1818,2818
4285,5285
5308,6308
468,1468
3319,4319
717,1717
1835,2835
1379,2379
1367,2367
3786,4786
638,1638
8612,9612
9963,10963
1526,2526
9220,10220
5538,6538
3486,4486
9651,10651
9895,10895
4116,5116
9582,10582
5984,6984
7942,8942
6109,7109
4758,5758
5608,6608
4193,5193
6360,7360
4894,5894
7188,8188
5566,6566
1878,2878
1030,2030
8724,9724
5227,6227
7605,8605
3609,4609
43,1043
2224,3224
396,1396
3544,4544
7206,8206
8528,9528
848,1848
2496,3496
423,1423
5932,6932
6604,7604
7040,8040
7394,8394
8820,9820
90,1090
2126,3126
5978,6978
8677,9677
9903,10903
9270,10270
4522,5522
50,1050
8623,9623
2268,3268
5877,6877
7510,8510
9742,10742
5687,6687
4435,5435
5635,6635
7644,8644
2032,3032
43,1043
2190,3190
6578,7578
8159,9159
4290,5290
824,1824
3322,4322
1070,2070
4848,5848
7624,8624
1535,2535
6550,7550
7150,8150
9367,10367
5754,6754
718,1718
5489,6489
1359,2359
4901,5901
4178,5178
5148,6148
6161,7161
5700,6700
6136,7136
4834,5834
3815,4815
872,1872
9404,10404
3795,4795
320,1320
7788,8788
5240,6240
320,1320
8204,9204
1606,2606
1378,2378
237,1237
7612,8612
478,1478
4988,5988
5581,6581
2604,3604
7164,8164
1410,2410
8612,9612
8874,9874
2298,3298
3072,4072
4645,5645
5576,6576
2368,3368
7901,8901
6641,7641
1308,2308
2600,3600
6903,7903
1354,2354
3115,4115
3111,4111
5011,6011
1696,2696
3699,4699
8242,9242
874,1874
4431,5431
1284,2284
2356,3356
818,1818
5230,6230
2963,3963
394,1394
258,1258
6387,7387
7529,8529
9943,10943
8463,9463
6521,7521
475,1475
4381,5381
314,1314
1768,2768
3297,4297
1736,2736
5794,6794
4646,5646
2010,3010
483,1483
6596,7596
316,1316
5819,6819
1810,2810
2919,3919
8957,9957
314,1314
5148,6148
2204,3204
1435,2435
2266,3266
367,1367
912,1912
4189,5189
9990,10990
6386,7386
2721,3721
5595,6595
7277,8277
7309,8309
7588,8588
7906,8906
8632,9632
1159,2159
8565,9565
371,1371
1665,2665
2253,3253
6736,7736
6686,7686
5110,6110
9757,10757
3074,4074
6987,7987
4570,5570
1271,2271
2345,3345
7280,8280
3788,4788
8991,9991
1546,2546
1241,2241
3507,4507
1011,2011
4119,5119
2687,3687
5597,6597
3448,4448
7223,8223
3270,4270
9113,10113
6184,7184
1455,2455
9068,10068
8245,9245
2663,3663
6363,7363
9957,10957
6669,7669
9278,10278
1567,2567
645,1645
5442,6442
4476,5476
7066,8066
2934,3934
4496,5496
4271,5271
2061,3061
7839,8839
2671,3671
9260,10260
860,1860
6173,7173
2667,3667
6601,7601
8116,9116
3893,4893
5138,6138
7509,8509
6261,7261
3320,4320
1167,2167
5591,6591
7323,8323
6078,7078
2524,3524
904,1904
7783,8783
8188,9188
4482,5482
4205,5205
9954,10954
1249,2249
9593,10593
8875,9875
935,1935
6280,7280
4500,5500
7734,8734
1398,2398
8621,9621
7527,8527
9099,10099
2836,3836
8195,9195
8439,9439
3284,4284
6258,7258
7524,8524
5594,6594
4320,5320
7662,8662
695,1695
7801,8801
5572,6572
6260,7260
1722,2722
786,1786
926,1926
3541,4541
6704,7704
1054,2054
6247,7247
1402,2402
8295,9295
6704,7704
9367,10367
5191,6191
6931,7931
9154,10154
1735,2735
4222,5222
2598,3598
8634,9634
7013,8013
6227,7227
5276,6276
1497,2497
4306,5306
6205,7205
2599,3599
5497,6497
9463,10463
515,1515
1944,2944
5062,6062
394,1394
6183,7183
8490,9490
6038,7038
5567,6567
3913,4913
5804,6804
2376,3376
475,1475
3529,4529
1199,2199
576,1576
1878,2878
5565,6565
9904,10904
4103,5103
1284,2284
432,1432
6937,7937
9730,10730
6760,7760
9209,10209
6529,7529
7336,8336
7766,8766
5846,6846
2905,3905
5277,6277
4085,5085
8708,9708
5725,6725
1875,2875
9888,10888
4229,5229
1620,2620
890,1890
9325,10325
7584,8584
7287,8287
6104,7104
8453,9453
4878,5878
2262,3262
3261,4261
2411,3411
2471,3471
6186,7186
7974,8974
805,1805
6416,7416
3182,4182
2311,3311
4110,5110
3727,4727
5490,6490
8436,9436
1714,2714
5726,6726
7858,8858
3644,4644
3843,4843
9683,10683
1635,2635
2004,3004
5646,6646
1474,2474
6958,7958
5397,6397
9839,10839
6006,7006
2371,3371
306,1306
1604,2604
1731,2731
5874,6874
8547,9547
7111,8111
8417,9417
8174,9174
1647,2647
5280,6280
4835,5835
8654,9654
987,1987
8218,9218
7468,8468
2312,3312
4927,5927
6631,7631
8602,9602
109,1109
3932,4932
4936,5936
3740,4740
4798,5798
1172,2172
8688,9688
2263,3263
7613,8613
3583,4583
2492,3492
4545,5545
9004,10004
6473,7473
1138,2138
6920,7920
6948,7948
7563,8563
5436,6436
4054,5054
5845,6845
6644,7644
3112,4112
1242,2242
4222,5222
5845,6845
5585,6585
121,1121
1294,2294
7601,8601
9401,10401
3899,4899
7060,8060
3803,4803
5975,6975
3163,4163
5348,6348
291,1291
791,1791
2136,3136
5744,6744
9191,10191
6778,7778
6714,7714
7375,8375
3768,4768
302,1302
7531,8531
2992,3992
5712,6712
7330,8330
4764,5764
4985,5985
9455,10455
6520,7520
2933,3933
4143,5143
5347,6347
7973,8973
2921,3921
4122,5122
6751,7751
5178,6178
3266,4266
5676,6676
3187,4187
5029,6029
3473,4473
5570,6570
6073,7073
9003,10003
3925,4925
1870,2870
5192,6192
7036,8036
3888,4888
3211,4211
5286,6286
8559,9559
2332,3332
25,1025
6506,7506
3578,4578
9187,10187
6663,7663
967,1967
4877,5877
9117,10117
4118,5118
137,1137
1203,2203
1104,2104
9543,10543
8717,9717
2386,3386
8145,9145
4938,5938
858,1858
5702,6702
3983,4983
7631,8631
3830,4830
7562,8562
886,1886
458,1458
723,1723
7607,8607
1379,2379
1544,2544
4676,5676
811533
507295
1640051
3034140
2224375
2295451
308259
317405
1519836
1676182
603893
1052061
526517
607534
235762
300297
28290
215974
32799
512349
13235
86532
293576
39137
259626
26207
167914
61734
165526
10054
123676
30105
42371
69465
63856
46200
25181
3810
26631
3895
21956
15953
5175
4650
3912
661
3674
3644
8887
2331
7409
1876
3059
732
5095
210
3939
1371
485
2678
1717
1051
702
225
1439
223
17
859
95
346
42
105
348
307
68
212
264
75
320
230
130
94
27
78
50
94
85
20
52
12
5
50
17
35
22
6
19
3
3
7
15
6
5
5
8
1
2
2
2
2
3
2
4
1
2
0
2
0
2
0
2
0
0
1
0
0
1
0
0
1
0
1
1
0
0
0
0
0
0
0
0
0
0
0
0
0
0
0
0
0
0
0
0
0
0
0
0
0
0
0
0
0
0
0
0
0
0
0
0
0
0
0
0
0
0
0
0
0
0
0
0
0
0
0
0
0
0
0
0
0
0
0
0
0
0
0
0
0
0
0
0
0
0
0
0
0
0
0
0
0
0
0
0
0
0
0
0
0
0
0
0
0
0
0
0
0
0
0
0
0
0
0
0
0
0
0
0
0
0
0
0
0
0
0
0
0
0
0
0
0
0
0
0
0
0
0
0
0
0
0
0
0
0
0
0
0
0
0
0
0
0
0
0
0
0
0
0
0
0
0
0
0
0
0
0
0
0
0
0
0
0
0
0
0
0
0
0
0
0
0
0
0
0
0
0
0
0
0
0
0
0
0
0
0
0
0
0
0
0
0
0
0
0
0
0
0
0
0
0
0
0
0
0
0
0
0
0
0
0
0
0
0
0
0
0
0
0
0
0
0
0
0
0
0
0
0
0
0
0
0
0
0
0
0
0
0
0
0
0
0
0
0
0
0
0
0
0
0
0
0
0
0
0
0
0
0
0
0
0
0
0
0
0
0
0
0
0
0
0
0
0
0
0
0
0
0
0
0
0
0
0
0
0
0
0
0
0
0
0
0
0
0
0
0
0
0
0
0
0
0
0
0
0
0
0
0
0
0
0
0
0
0
0
0
0
0
0
0
0
0
0
0
0
0
0
0
0
0
0
0
0
0
0
0
0
0
0
0
0
0
0
0
0
0
0
0
0
0
0
0
0
0
0
0
0
0
0
0
0
0
0
0
0
0
0
0
0
0
0
0
0
0
0
0
0
0
0
0
0
0
0
0
0
0
0
0
0
0
0
0
0
0
0
0
0
0
0
0
0
0
0
0
0
0
0
0
0
0
0
0
0
0
0
0
0
0
0
0
0
0
0
0
0
0
0
0
0
0
0
0
0
0
0
0
0
0
0
0
0
0
0
0
0
0
0
0
0
0
0
0
0
0
0
0
0
0
0
0
0
0
0
0
0
0
0
0
0
0
0
0
0
0
0
0
0
0
0
0
0
0
0
0
0
0
0
0
0
0
0
0
0
0
0
0
0
0
0
0
0
0
0
0
0
0
0
0
0
0
0
0
0
0
0
0
0
0
0
0
0
0
0
0
0
0
0
0
0
0
0
0
0
0
0
0
0
0
0
0
0
0
0
0
0
0
0
0
0
0
0
0
0
0
0
0
0
0
0
0
0
0
0
0
0
0
0
0
0
0
0
0
0
0
0
0
0
0
0
0
0
0
0
0
0
0
0
0
0
0
0
0
0
0
0
0
0
0
0
0
0
0
0
0
0
0
0
0
0
0
0
0
0
0
0
0
0
0
0
0
0
0
0
0
0
0
0
0
0
0
0
0
0
0
0
0
0
0
0
0
0
0
0
0
0
0
0
0
0
0
0
0
0
0
0
0
0
0
0
0
0
0
0
0
0
0
0
0
0
0
0
0
