211,311
191,291
294,394
174,274
680,780
330,430
66,166
966,1066
110,210
976,1076
10,110
107,207
266,366
262,362
304,404
578,678
22,122
750,850
72,172
12,112
315,415
528,628
379,479
476,576
581,681
220,320
494,594
492,592
524,624
632,732
195,295
963,1063
869,969
984,1084
967,1067
887,987
734,834
800,900
153,253
956,1056
182,282
689,789
718,818
550,650
777,877
277,377
839,939
933,1033
432,532
17,117
373,473
835,935
585,685
371,471
137,237
382,482
250,350
936,1036
586,686
529,629
435,535
394,494
97,197
76,176
7,107
83,183
118,218
153,253
327,427
281,381
559,659
28,128
661,761
796,896
916,1016
334,434
843,943
921,1021
10,110
111,211
561,661
751,851
82,182
995,1095
275,375
681,781
199,299
419,519
754,854
506,606
424,524
682,782
700,800
613,713
859,959
505,605
236,336
119,219
263,363
131,231
467,567
754,854
141,241
632,732
563,663
442,542
557,657
538,638
861,961
548,648
150,250
262,362
164,264
831,931
783,883
230,330
136,236
113,213
765,865
471,571
340,440
473,573
541,641
628,728
723,823
543,643
664,764
645,745
579,679
36,136
663,763
477,577
643,743
327,427
670,770
42,142
288,388
59,159
588,688
969,1069
770,870
38,138
868,968
398,498
138,238
455,555
50,150
682,782
471,571
178,278
448,548
719,819
592,692
698,798
256,356
99,199
91,191
701,801
537,637
332,432
158,258
359,459
127,227
738,838
777,877
147,247
130,230
737,837
528,628
596,696
290,390
167,267
972,1072
999,1099
345,445
999,1099
849,949
638,738
102,202
946,1046
238,338
63,163
101,201
592,692
572,672
662,762
415,515
908,1008
777,877
326,426
804,904
396,496
365,465
679,779
1,101
714,814
64,164
866,966
307,407
939,1039
49,149
466,566
781,881
139,239
165,265
270,370
178,278
574,674
491,591
929,1029
995,1095
903,1003
626,726
41,141
939,1039
422,522
683,783
729,829
561,661
419,519
124,224
751,851
163,263
890,990
910,1010
153,253
308,408
374,474
366,466
93,193
370,470
882,982
268,368
811,911
528,628
784,884
523,623
367,467
902,1002
14,114
964,1064
79,179
866,966
9,109
419,519
422,522
614,714
383,483
567,667
312,412
425,525
839,939
449,549
913,1013
623,723
483,583
893,993
330,430
827,927
5,105
599,699
671,771
636,736
919,1019
427,527
478,578
457,557
125,225
255,355
699,799
351,451
120,220
856,956
643,743
899,999
687,787
553,653
647,747
703,803
353,453
225,325
79,179
831,931
6,106
895,995
117,217
477,577
766,866
46,146
399,499
615,715
343,443
977,1077
790,890
39,139
878,978
532,632
262,362
286,386
353,453
175,275
640,740
423,523
933,1033
818,918
925,1025
497,597
403,503
63,163
379,479
570,670
426,526
95,195
1,101
670,770
446,546
192,292
286,386
963,1063
725,825
951,1051
839,939
773,873
302,402
594,694
751,851
549,649
97,197
134,234
927,1027
196,296
952,1052
500,600
865,965
115,215
601,701
614,714
501,601
780,880
143,243
756,856
234,334
235,335
192,292
626,726
526,626
479,579
308,408
798,898
587,687
257,357
446,546
498,598
965,1065
801,901
266,366
323,423
814,914
234,334
434,534
738,838
346,446
280,380
63,163
356,456
700,800
700,800
270,370
971,1071
32,132
629,729
81,181
631,731
416,516
297,397
5,105
488,588
588,688
818,918
309,409
644,744
785,885
608,708
56,156
45,145
102,202
817,917
526,626
275,375
579,679
188,288
824,924
906,1006
172,272
546,646
846,946
586,686
636,736
497,597
148,248
649,749
819,919
325,425
426,526
403,503
657,757
88,188
399,499
807,907
47,147
676,776
441,541
187,287
743,843
956,1056
13,113
394,494
841,941
93,193
644,744
693,793
792,892
87,187
312,412
916,1016
382,482
631,731
910,1010
582,682
401,501
327,427
606,706
573,673
367,467
148,248
328,428
789,889
463,563
346,446
26,126
47,147
422,522
223,323
183,283
392,492
329,429
280,380
814,914
556,656
653,753
225,325
566,666
829,929
606,706
754,854
482,582
929,1029
223,323
958,1058
508,608
89,189
3,103
785,885
221,321
879,979
497,597
343,443
9,109
402,502
91,191
817,917
809,909
48,148
113,213
10,110
322,422
486,586
339,439
461,561
702,802
855,955
511,611
701,801
861,961
940,1040
757,857
630,730
91,191
736,836
212,312
799,899
431,531
934,1034
611,711
186,286
53,153
641,741
861,961
819,919
448,548
356,456
761,861
65,165
864,964
154,254
808,908
506,606
804,904
400,500
508,608
268,368
417,517
615,715
264,364
118,218
338,438
814,914
283,383
885,985
455,555
776,876
127,227
984,1084
702,802
379,479
186,286
842,942
511,611
504,604
237,337
575,675
731,831
275,375
552,652
810,910
515,615
361,461
53,153
522,622
714,814
574,674
256,356
845,945
631,731
978,1078
183,283
202,302
713,813
887,987
437,537
720,820
849,949
352,452
607,707
893,993
365,465
356,456
892,992
158,258
810,910
82,182
945,1045
23,123
601,701
796,896
749,849
991,1091
295,395
182,282
686,786
534,634
774,874
77,177
463,563
532,632
487,587
31,131
541,641
894,994
779,879
539,639
347,447
420,520
768,868
990,1090
915,1015
826,926
923,1023
866,966
890,990
467,567
698,798
805,905
493,593
190,290
563,663
974,1074
505,605
444,544
939,1039
218,318
357,457
865,965
747,847
588,688
656,756
22,122
326,426
791,891
259,359
675,775
812,912
824,924
821,921
199,299
696,796
520,620
988,1088
633,733
744,844
921,1021
101,201
164,264
279,379
548,648
570,670
328,428
467,567
793,893
702,802
642,742
166,266
6,106
584,684
190,290
155,255
46,146
903,1003
663,763
569,669
606,706
289,389
271,371
715,815
233,333
784,884
724,824
830,930
46,146
205,305
489,589
947,1047
586,686
835,935
717,817
392,492
425,525
769,869
288,388
753,853
897,997
412,512
961,1061
437,537
112,212
491,591
52,152
981,1081
239,339
35,135
711,811
855,955
230,330
119,219
972,1072
652,752
58,158
313,413
37,137
748,848
194,294
75,175
733,833
870,970
713,813
548,648
853,953
868,968
763,863
828,928
836,936
719,819
677,777
243,343
211,311
840,940
817,917
339,439
64,164
683,783
874,974
793,893
905,1005
915,1015
725,825
187,287
849,949
967,1067
81,181
929,1029
94,194
909,1009
819,919
603,703
959,1059
436,536
731,831
893,993
590,690
795,895
996,1096
691,791
882,982
712,812
678,778
946,1046
428,528
93,193
954,1054
822,922
850,950
32,132
50,150
104,204
999,1099
716,816
256,356
541,641
326,426
338,438
336,436
424,524
484,584
104,204
220,320
987,1087
82,182
780,880
360,460
706,806
737,837
951,1051
156,256
257,357
192,292
171,271
39,139
740,840
827,927
573,673
788,888
992,1092
311,411
242,342
132,232
470,570
295,395
344,444
763,863
119,219
599,699
947,1047
594,694
837,937
849,949
945,1045
812,912
796,896
326,426
477,577
802,902
96,196
859,959
468,568
407,507
717,817
210,310
355,455
401,501
914,1014
226,326
457,557
116,216
543,643
34,134
112,212
28,128
183,283
933,1033
206,306
190,290
505,605
951,1051
638,738
597,697
934,1034
843,943
210,310
980,1080
493,593
543,643
38,138
984,1084
752,852
182,282
688,788
911,1011
973,1073
86,186
180,280
106,206
825,925
210,310
403,503
930,1030
912,1012
25,125
368,468
115,215
519,619
782,882
68,168
315,415
741,841
318,418
741,841
694,794
165,265
983,1083
610,710
106,206
62,162
469,569
57,157
140,240
978,1078
476,576
496,596
566,666
896,996
549,649
664,764
553,653
505,605
81,181
339,439
432,532
414,514
754,854
275,375
835,935
488,588
725,825
712,812
380,480
632,732
850,950
788,888
586,686
610,710
775,875
870,970
768,868
26,126
834,934
119,219
797,897
938,1038
127,227
229,329
968,1068
42,142
946,1046
580,680
458,558
526,626
174,274
424,524
126,226
350,450
993,1093
527,627
213,313
398,498
867,967
210,310
677,777
514,614
264,364
305,405
256,356
832,932
580,680
173,273
427,527
292,392
936,1036
716,816
795,895
821,921
835,935
480,580
846,946
102,202
44,144
333,433
93,193
802,902
209,309
171,271
183,283
67,167
3,103
681,781
584,684
901,1001
911,1011
20,120
582,682
197,297
70,170
881,981
504,604
798,898
508,608
446,546
716,816
307,407
794,894
552,652
197,297
354,454
987,1087
676,776
356,456
362,462
613,713
79,179
237,337
292,392
505,605
663,763
273,373
672,772
382,482
530,630
457,557
322,422
994,1094
350,450
185,285
915,1015
93,193
158,258
885,985
910,1010
29,129
301,401
537,637
97,197
753,853
419,519
383,483
926,1026
415,515
876,976
299,399
705,805
620,720
480,580
383,483
729,829
286,386
934,1034
848,948
636,736
912,1012
955,1055
220,320
690,790
301,401
987,1087
897,997
813,913
217,317
509,609
291,391
865,965
769,869
334,434
264,364
500,600
667,767
788,888
20,120
899,999
251,351
648,748
534,634
581,681
967,1067
728,828
347,447
775,875
822,922
643,743
503,603
247,347
780,880
620,720
874,974
667,767
718,818
482,582
791,891
248,348
252,352
237,337
963,1063
125,225
51,151
742,842
955,1055
419,519
253,353
245,345
642,742
810,910
427,527
219,319
63,163
911,1011
446,546
740,840
409,509
940,1040
214,314
896,996
718,818
387,487
330,430
69,169
157,257
433,533
909,1009
415,515
472,572
631,731
282,382
39,139
960,1060
154,254
396,496
155,255
31,131
74,174
50,150
122,222
115,215
164,264
755,855
812,912
702,802
885,985
865,965
704,804
81,181
413,513
743,843
242,342
323,423
990,1090
815,915
29,129
729,829
797,897
805,905
389,489
198,298
611,711
833,933
378,478
288,388
87,187
915,1015
946,1046
614,714
80,180
694,794
959,1059
978,1078
301,401
923,1023
774,874
281,381
133,233
189,289
673,773
502,602
111,211
380,480
488,588
418,518
963,1063
865,965
221,321
916,1016
407,507
747,847
91,191
759,859
683,783
586,686
362,462
299,399
437,537
959,1059
209,309
465,565
415,515
468,568
484,584
812,912
28,128
351,451
228,328
949,1049
954,1054
362,462
124,224
692,792
395,495
476,576
488,588
274,374
641,741
740,840
408,508
726,826
993,1093
568,668
105,205
412,512
522,622
106,206
833,933
16,116
529,629
727,827
877,977
30,130
18,118
714,814
349,449
771,871
723,823
207,307
300,400
506,606
52,152
115,215
60,160
406,506
599,699
478,578
114,214
859,959
961,1061
65,165
12,112
178,278
326,426
307,407
218,318
372,472
91,191
881,981
935,1035
32,132
865,965
922,1022
198,298
86,186
9,109
990,1090
868,968
922,1022
51,151
950,1050
68,168
512,612
772,872
112,212
44,144
738,838
299,399
736,836
78,178
155,255
580,680
405,505
382,482
559,659
571,671
31,131
130,230
935,1035
382,482
173,273
437,537
899,999
436,536
987,1087
24,124
650,750
258,358
768,868
302,402
983,1083
972,1072
600,700
893,993
272,372
512,612
382,482
886,986
212,312
526,626
75,175
34,134
884,984
726,826
252,352
799,899
673,773
397,497
494,594
20,120
517,617
569,669
419,519
852,952
264,364
459,559
558,658
331,431
138,238
337,437
935,1035
849,949
141,241
937,1037
433,533
725,825
755,855
536,636
917,1017
465,565
920,1020
603,703
654,754
881,981
824,924
316,416
480,580
258,358
822,922
731,831
753,853
833,933
118,218
505,605
584,684
376,476
41,141
383,483
522,622
16,116
717,817
587,687
117,217
492,592
168,268
78,178
887,987
481,581
309,409
626,726
319,419
929,1029
480,580
526,626
316,416
220,320
433,533
18,118
454,554
127,227
389,489
547,647
77,177
152,252
757,857
264,364
877,977
527,627
668,768
503,603
200,300
33,133
498,598
677,777
822,922
412,512
314,414
747,847
228,328
257,357
457,557
354,454
343,443
312,412
336,436
740,840
598,698
701,801
329,429
881,981
458,558
452,552
578,678
466,566
231,331
10,110
705,805
27,127
574,674
201,301
127,227
916,1016
869,969
314,414
229,329
404,504
121,221
526,626
86,186
817,917
747,847
961,1061
997,1097
741,841
134,234
872,972
117,217
115,215
660,760
55,155
290,390
276,376
322,422
826,926
780,880
625,725
996,1096
685,785
893,993
232,332
80,180
134,234
862,962
703,803
408,508
544,644
283,383
95,195
791,891
666,766
316,416
775,875
226,326
154,254
159,259
321,421
38,138
338,438
628,728
524,624
245,345
75,175
751,851
499,599
879,979
847,947
18,118
97,197
234,334
541,641
85,185
251,351
592,692
311,411
57,157
534,634
957,1057
808,908
980,1080
817,917
679,779
76,176
159,259
908,1008
680,780
831,931
77,177
497,597
701,801
211,311
9,109
578,678
283,383
8,108
140,240
407,507
386,486
828,928
867,967
904,1004
791,891
522,622
393,493
824,924
793,893
161,261
576,676
740,840
208,308
935,1035
175,275
327,427
17,117
204,304
342,442
6,106
822,922
872,972
465,565
921,1021
755,855
785,885
439,539
112,212
204,304
353,453
964,1064
191,291
635,735
176,276
708,808
999,1099
763,863
329,429
51,151
361,461
911,1011
697,797
6,106
512,612
520,620
855,955
104,204
988,1088
50,150
201,301
672,772
686,786
800,900
998,1098
171,271
233,333
962,1062
983,1083
315,415
425,525
860,960
113,213
374,474
643,743
137,237
981,1081
51,151
202,302
534,634
629,729
407,507
888,988
169,269
990,1090
69,169
791,891
699,799
854,954
325,425
171,271
442,542
398,498
619,719
860,960
877,977
692,792
474,574
560,660
254,354
512,612
6,106
472,572
629,729
741,841
398,498
140,240
17,117
518,618
102,202
52,152
956,1056
366,466
274,374
177,277
769,869
773,873
263,363
780,880
401,501
369,469
539,639
618,718
219,319
677,777
611,711
809,909
759,859
461,561
547,647
731,831
583,683
821,921
668,768
898,998
397,497
147,247
688,788
451,551
117,217
925,1025
813,913
514,614
780,880
71,171
748,848
401,501
136,236
203,303
190,290
860,960
826,926
205,305
316,416
538,638
788,888
836,936
404,504
155,255
774,874
375,475
856,956
729,829
743,843
611,711
607,707
306,406
436,536
47,147
21,121
762,862
983,1083
393,493
102,202
614,714
85,185
125,225
421,521
25,125
214,314
985,1085
177,277
105,205
73,173
862,962
200,300
996,1096
668,768
477,577
350,450
181,281
465,565
765,865
943,1043
23,123
107,207
273,373
975,1075
949,1049
559,659
724,824
561,661
8,108
376,476
347,447
545,645
804,904
298,398
890,990
561,661
249,349
330,430
96,196
348,448
520,620
208,308
614,714
826,926
895,995
521,621
964,1064
987,1087
207,307
195,295
410,510
947,1047
339,439
971,1071
489,589
73,173
75,175
598,698
125,225
930,1030
613,713
164,264
948,1048
99,199
577,677
541,641
698,798
136,236
793,893
711,811
350,450
844,944
375,475
31,131
275,375
500,600
153,253
972,1072
346,446
11,111
773,873
908,1008
936,1036
777,877
949,1049
955,1055
24,124
723,823
151,251
775,875
631,731
797,897
795,895
197,297
759,859
872,972
316,416
648,748
230,330
441,541
910,1010
874,974
988,1088
297,397
923,1023
876,976
249,349
88,188
834,934
365,465
716,816
480,580
141,241
678,778
423,523
6,106
933,1033
849,949
646,746
272,372
308,408
228,328
978,1078
898,998
39,139
547,647
285,385
963,1063
88,188
448,548
932,1032
555,655
51,151
634,734
53,153
221,321
397,497
321,421
20,120
120,220
431,531
675,775
799,899
556,656
59,159
579,679
63,163
283,383
765,865
485,585
603,703
444,544
481,581
351,451
794,894
495,595
195,295
395,495
776,876
546,646
591,691
142,242
211,311
872,972
276,376
65,165
329,429
864,964
393,493
301,401
242,342
483,583
439,539
991,1091
259,359
704,804
258,358
501,601
40,140
681,781
874,974
299,399
926,1026
588,688
899,999
256,356
558,658
814,914
390,490
535,635
972,1072
724,824
925,1025
77,177
248,348
135,235
707,807
494,594
638,738
377,477
280,380
22,122
715,815
101,201
739,839
360,460
291,391
921,1021
51,151
119,219
820,920
137,237
385,485
221,321
506,606
71,171
350,450
210,310
555,655
301,401
944,1044
351,451
777,877
599,699
642,742
939,1039
694,794
842,942
72,172
519,619
834,934
609,709
7,107
921,1021
47,147
757,857
807,907
104,204
100,200
897,997
765,865
407,507
52,152
935,1035
129,229
639,739
348,448
729,829
265,365
894,994
62,162
930,1030
919,1019
336,436
461,561
232,332
249,349
175,275
642,742
296,396
627,727
580,680
358,458
421,521
165,265
637,737
926,1026
384,484
955,1055
963,1063
124,224
682,782
886,986
691,791
840,940
13,113
338,438
490,590
486,586
939,1039
183,283
337,437
249,349
529,629
680,780
253,353
490,590
560,660
455,555
366,466
583,683
621,721
527,627
399,499
500,600
655,755
849,949
964,1064
628,728
310,410
29,129
851,951
544,644
425,525
432,532
636,736
607,707
516,616
231,331
177,277
809,909
973,1073
664,764
739,839
641,741
983,1083
279,379
373,473
261,361
862,962
64,164
710,810
952,1052
674,774
176,276
217,317
991,1091
343,443
624,724
108,208
447,547
154,254
103,203
377,477
830,930
694,794
327,427
834,934
998,1098
403,503
831,931
105,205
47,147
89,189
441,541
76,176
360,460
155,255
309,409
605,705
902,1002
811,911
593,693
783,883
613,713
315,415
703,803
502,602
82,182
940,1040
944,1044
465,565
3,103
387,487
270,370
672,772
283,383
576,676
971,1071
277,377
645,745
323,423
574,674
133,233
343,443
102,202
957,1057
330,430
166,266
525,625
762,862
11,111
497,597
692,792
476,576
826,926
570,670
654,754
438,538
66,166
710,810
348,448
679,779
851,951
863,963
72,172
688,788
57,157
863,963
59,159
541,641
593,693
607,707
253,353
944,1044
389,489
614,714
929,1029
466,566
472,572
424,524
870,970
999,1099
278,378
692,792
895,995
790,890
951,1051
663,763
314,414
226,326
75,175
894,994
489,589
752,852
289,389
331,431
962,1062
173,273
623,723
906,1006
35,135
226,326
422,522
218,318
59,159
572,672
839,939
426,526
259,359
147,247
401,501
793,893
649,749
221,321
267,367
209,309
163,263
846,946
131,231
246,346
863,963
826,926
35,135
227,327
666,766
148,248
834,934
430,530
236,336
831,931
945,1045
228,328
977,1077
897,997
149,249
542,642
521,621
241,341
491,591
933,1033
749,849
932,1032
633,733
338,438
905,1005
736,836
267,367
67,167
289,389
35,135
380,480
170,270
181,281
400,500
82,182
578,678
370,470
591,691
204,304
665,765
894,994
702,802
497,597
22,122
814,914
398,498
991,1091
461,561
926,1026
156,256
407,507
834,934
611,711
821,921
472,572
646,746
41,141
893,993
788,888
155,255
301,401
430,530
745,845
165,265
291,391
104,204
119,219
60,160
490,590
780,880
118,218
219,319
585,685
723,823
317,417
307,407
673,773
460,560
941,1041
1000,1100
202,302
902,1002
138,238
938,1038
182,282
50,150
257,357
386,486
418,518
752,852
825,925
64,164
527,627
990,1090
604,704
964,1064
16,116
781,881
110,210
105,205
266,366
340,440
904,1004
228,328
218,318
748,848
708,808
216,316
650,750
318,418
915,1015
912,1012
313,413
556,656
700,800
66,166
397,497
404,504
347,447
3,103
78,178
427,527
953,1053
16,116
410,510
204,304
854,954
384,484
360,460
651,751
434,534
367,467
668,768
151,251
868,968
406,506
531,631
771,871
115,215
776,876
416,516
987,1087
790,890
918,1018
680,780
416,516
138,238
176,276
296,396
779,879
671,771
128,228
561,661
137,237
496,596
830,930
443,543
130,230
803,903
255,355
375,475
616,716
815,915
633,733
504,604
514,614
302,402
276,376
707,807
823,923
786,886
306,406
82,182
276,376
358,458
725,825
635,735
774,874
975,1075
828,928
30,130
498,598
667,767
377,477
363,463
763,863
617,717
217,317
86,186
874,974
860,960
189,289
893,993
652,752
22,122
832,932
862,962
662,762
922,1022
507,607
60,160
397,497
725,825
998,1098
704,804
886,986
886,986
124,224
261,361
976,1076
278,378
139,239
137,237
298,398
804,904
133,233
827,927
588,688
636,736
507,607
440,540
952,1052
238,338
81,181
752,852
316,416
293,393
584,684
340,440
312,412
740,840
323,423
576,676
194,294
344,444
640,740
464,564
155,255
77,177
80,180
964,1064
620,720
601,701
798,898
45,145
616,716
382,482
438,538
477,577
511,611
284,384
494,594
221,321
683,783
808,908
863,963
479,579
285,385
912,1012
135,235
349,449
134,234
396,496
841,941
627,727
366,466
288,388
747,847
350,450
840,940
620,720
489,589
178,278
711,811
472,572
306,406
534,634
245,345
125,225
83,183
469,569
783,883
467,567
260,360
668,768
776,876
181,281
703,803
945,1045
506,606
646,746
712,812
330,430
422,522
951,1051
104,204
121,221
931,1031
534,634
823,923
477,577
219,319
98,198
14,114
286,386
17,117
3,103
877,977
411,511
721,821
736,836
699,799
860,960
289,389
478,578
42,142
613,713
956,1056
960,1060
215,315
89,189
343,443
484,584
270,370
578,678
263,363
62,162
306,406
85,185
383,483
151,251
843,943
765,865
154,254
470,570
426,526
39,139
590,690
29,129
58,158
958,1058
746,846
689,789
283,383
960,1060
471,571
46,146
392,492
583,683
749,849
60,160
427,527
707,807
696,796
539,639
866,966
218,318
204,304
116,216
709,809
476,576
778,878
395,495
97,197
115,215
998,1098
810,910
741,841
349,449
588,688
287,387
181,281
454,554
827,927
246,346
204,304
523,623
568,668
877,977
306,406
209,309
940,1040
363,463
757,857
335,435
832,932
742,842
308,408
424,524
670,770
450,550
103,203
810,910
182,282
879,979
850,950
780,880
168,268
608,708
789,889
513,613
998,1098
350,450
514,614
983,1083
914,1014
212,312
149,249
325,425
866,966
584,684
698,798
25,125
942,1042
629,729
85,185
544,644
612,712
126,226
559,659
340,440
284,384
705,805
406,506
434,534
523,623
612,712
530,630
716,816
134,234
969,1069
815,915
944,1044
865,965
102,202
754,854
816,916
841,941
762,862
183,283
307,407
312,412
664,764
346,446
761,861
447,547
858,958
330,430
603,703
34,134
273,373
982,1082
28,128
346,446
478,578
977,1077
406,506
214,314
658,758
41,141
1000,1100
74,174
832,932
727,827
420,520
70,170
812,912
995,1095
495,595
952,1052
655,755
904,1004
786,886
433,533
657,757
939,1039
61,161
766,866
190,290
911,1011
299,399
829,929
318,418
621,721
115,215
596,696
97,197
309,409
588,688
204,304
417,517
681,781
186,286
625,725
301,401
993,1093
911,1011
856,956
363,463
734,834
25,125
768,868
23,123
247,347
632,732
180,280
96,196
155,255
233,333
598,698
767,867
743,843
782,882
465,565
702,802
541,641
94,194
861,961
619,719
769,869
707,807
501,601
793,893
860,960
816,916
849,949
327,427
130,230
788,888
963,1063
627,727
366,466
443,543
30,130
300,400
920,1020
603,703
638,738
862,962
979,1079
575,675
527,627
410,510
626,726
926,1026
244,344
773,873
820,920
336,436
737,837
460,560
548,648
123,223
877,977
646,746
526,626
801,901
612,712
383,483
786,886
647,747
685,785
472,572
575,675
530,630
153,253
845,945
821,921
455,555
398,498
623,723
780,880
964,1064
428,528
881,981
763,863
240,340
361,461
911,1011
843,943
628,728
51,151
403,503
698,798
224,324
482,582
194,294
864,964
620,720
386,486
525,625
371,471
139,239
927,1027
768,868
743,843
417,517
331,431
56,156
62,162
526,626
351,451
592,692
313,413
41,141
247,347
399,499
332,432
251,351
73,173
816,916
47,147
205,305
144,244
176,276
925,1025
113,213
257,357
698,798
375,475
289,389
732,832
643,743
932,1032
668,768
198,298
980,1080
288,388
797,897
202,302
893,993
373,473
444,544
743,843
196,296
35,135
132,232
846,946
519,619
990,1090
493,593
782,882
518,618
9,109
123,223
10,110
492,592
140,240
906,1006
19,119
941,1041
691,791
56,156
552,652
401,501
641,741
264,364
741,841
17,117
352,452
129,229
896,996
315,415
842,942
347,447
950,1050
689,789
531,631
279,379
525,625
333,433
898,998
244,344
983,1083
57,157
840,940
646,746
452,552
484,584
149,249
224,324
641,741
525,625
256,356
158,258
965,1065
942,1042
182,282
987,1087
33,133
549,649
308,408
960,1060
948,1048
22,122
474,574
158,258
258,358
587,687
491,591
519,619
320,420
97,197
337,437
596,696
54,154
321,421
719,819
445,545
719,819
69,169
331,431
930,1030
367,467
527,627
665,765
15,115
27,127
711,811
171,271
886,986
654,754
451,551
22,122
385,485
375,475
349,449
556,656
756,856
359,459
229,329
67,167
245,345
206,306
458,558
191,291
730,830
205,305
436,536
832,932
145,245
715,815
358,458
185,285
27,127
252,352
208,308
425,525
277,377
203,303
683,783
221,321
679,779
789,889
5,105
614,714
751,851
786,886
76,176
657,757
445,545
435,535
33,133
212,312
811,911
989,1089
879,979
676,776
608,708
78,178
841,941
866,966
248,348
679,779
395,495
730,830
422,522
418,518
838,938
177,277
782,882
942,1042
675,775
754,854
516,616
109,209
644,744
84,184
390,490
760,860
238,338
333,433
883,983
324,424
69,169
231,331
85,185
676,776
38,138
220,320
133,233
810,910
795,895
841,941
28,128
717,817
537,637
711,811
668,768
680,780
636,736
918,1018
217,317
812,912
3,103
22,122
602,702
556,656
735,835
909,1009
469,569
491,591
222,322
287,387
136,236
110,210
384,484
437,537
829,929
38,138
693,793
486,586
101,201
292,392
269,369
812,912
887,987
622,722
828,928
420,520
15,115
150,250
390,490
438,538
935,1035
40,140
507,607
196,296
383,483
841,941
510,610
307,407
458,558
362,462
488,588
880,980
561,661
507,607
328,428
767,867
547,647
427,527
600,700
356,456
655,755
51,151
414,514
469,569
229,329
164,264
172,272
682,782
428,528
813,913
450,550
293,393
504,604
661,761
736,836
577,677
43,143
74,174
730,830
702,802
291,391
329,429
579,679
996,1096
707,807
580,680
516,616
717,817
151,251
822,922
787,887
587,687
438,538
313,413
909,1009
662,762
709,809
748,848
658,758
13,113
303,403
330,430
917,1017
673,773
254,354
582,682
212,312
805,905
7,107
496,596
11,111
928,1028
729,829
859,959
709,809
704,804
428,528
735,835
413,513
906,1006
646,746
368,468
766,866
490,590
984,1084
748,848
363,463
595,695
615,715
543,643
201,301
751,851
224,324
850,950
792,892
453,553
685,785
748,848
302,402
723,823
488,588
273,373
40,140
367,467
586,686
334,434
735,835
444,544
619,719
270,370
385,485
460,560
357,457
218,318
743,843
648,748
877,977
877,977
899,999
118,218
863,963
76,176
657,757
498,598
252,352
552,652
707,807
53,153
840,940
680,780
413,513
797,897
277,377
235,335
586,686
127,227
545,645
43,143
274,374
592,692
899,999
159,259
673,773
87,187
605,705
378,478
135,235
46,146
354,454
980,1080
962,1062
875,975
691,791
186,286
830,930
511,611
90,190
986,1086
560,660
361,461
234,334
852,952
995,1095
970,1070
541,641
79,179
718,818
418,518
745,845
709,809
215,315
34,134
403,503
962,1062
302,402
233,333
366,466
257,357
640,740
578,678
832,932
805,905
347,447
696,796
250,350
808,908
192,292
509,609
180,280
409,509
964,1064
101,201
345,445
132,232
156,256
175,275
892,992
62,162
183,283
656,756
59,159
361,461
862,962
702,802
393,493
437,537
115,215
598,698
976,1076
640,740
272,372
277,377
139,239
789,889
90,190
672,772
429,529
868,968
737,837
643,743
546,646
540,640
716,816
69,169
657,757
917,1017
402,502
809,909
642,742
945,1045
156,256
642,742
145,245
683,783
973,1073
674,774
143,243
677,777
970,1070
48,148
683,783
758,858
723,823
301,401
851,951
920,1020
176,276
849,949
505,605
565,665
800,900
809,909
842,942
904,1004
143,243
569,669
61,161
130,230
382,482
604,704
694,794
463,563
25,125
293,393
931,1031
909,1009
868,968
460,560
952,1052
110,210
656,756
975,1075
36,136
53,153
783,883
641,741
13,113
436,536
733,833
604,704
168,268
428,528
482,582
547,647
380,480
706,806
718,818
143,243
616,716
226,326
909,1009
388,488
318,418
634,734
768,868
857,957
850,950
528,628
84,184
127,227
672,772
289,389
144,244
24,124
171,271
265,365
286,386
14,114
820,920
816,916
246,346
418,518
791,891
103,203
877,977
702,802
873,973
704,804
457,557
317,417
329,429
533,633
607,707
785,885
624,724
262,362
240,340
790,890
814,914
553,653
569,669
112,212
763,863
278,378
110,210
880,980
101,201
487,587
697,797
803,903
165,265
269,369
339,439
639,739
331,431
131,231
909,1009
284,384
538,638
974,1074
951,1051
33,133
291,391
522,622
90,190
904,1004
416,516
104,204
842,942
132,232
278,378
23,123
604,704
79,179
454,554
168,268
163,263
833,933
700,800
436,536
432,532
905,1005
796,896
303,403
671,771
597,697
510,610
761,861
258,358
200,300
700,800
668,768
644,744
673,773
543,643
999,1099
150,250
411,511
845,945
208,308
164,264
696,796
320,420
755,855
448,548
453,553
240,340
447,547
587,687
839,939
251,351
359,459
670,770
905,1005
579,679
147,247
243,343
709,809
136,236
389,489
182,282
532,632
963,1063
840,940
849,949
80,180
638,738
357,457
18,118
399,499
139,239
371,471
331,431
442,542
122,222
357,457
27,127
177,277
460,560
130,230
517,617
838,938
237,337
919,1019
102,202
239,339
305,405
950,1050
919,1019
364,464
870,970
581,681
857,957
791,891
674,774
927,1027
218,318
460,560
550,650
660,760
438,538
978,1078
611,711
733,833
464,564
307,407
644,744
271,371
282,382
701,801
119,219
766,866
899,999
835,935
772,872
794,894
820,920
103,203
228,328
213,313
780,880
628,728
726,826
479,579
692,792
144,244
68,168
271,371
102,202
482,582
977,1077
687,787
162,262
510,610
931,1031
941,1041
162,262
474,574
399,499
130,230
775,875
844,944
353,453
126,226
959,1059
960,1060
274,374
114,214
460,560
132,232
13,113
77,177
777,877
301,401
708,808
502,602
867,967
999,1099
925,1025
703,803
101,201
246,346
603,703
717,817
978,1078
402,502
442,542
207,307
885,985
927,1027
635,735
580,680
221,321
597,697
244,344
227,327
115,215
305,405
909,1009
292,392
805,905
990,1090
681,781
534,634
681,781
624,724
972,1072
326,426
991,1091
290,390
229,329
789,889
639,739
438,538
268,368
710,810
806,906
651,751
750,850
656,756
871,971
123,223
363,463
757,857
761,861
364,464
222,322
449,549
289,389
803,903
170,270
5,105
797,897
42,142
549,649
465,565
475,575
796,896
573,673
386,486
239,339
104,204
806,906
307,407
206,306
712,812
835,935
173,273
287,387
240,340
569,669
554,654
76,176
714,814
908,1008
12,112
389,489
364,464
163,263
256,356
493,593
285,385
706,806
21,121
371,471
708,808
77,177
892,992
425,525
478,578
412,512
994,1094
325,425
935,1035
261,361
152,252
68,168
44,144
920,1020
959,1059
683,783
431,531
996,1096
27,127
576,676
149,249
1,101
171,271
362,462
469,569
791,891
217,317
92,192
849,949
812,912
891,991
877,977
745,845
307,407
182,282
924,1024
71,171
296,396
450,550
57,157
31,131
892,992
903,1003
812,912
18,118
493,593
436,536
364,464
827,927
979,1079
878,978
357,457
314,414
277,377
88,188
757,857
317,417
131,231
568,668
385,485
794,894
847,947
329,429
938,1038
940,1040
75,175
106,206
869,969
224,324
795,895
977,1077
768,868
751,851
782,882
156,256
120,220
840,940
772,872
462,562
515,615
29,129
753,853
590,690
74,174
324,424
919,1019
845,945
92,192
962,1062
266,366
727,827
97,197
846,946
800,900
403,503
198,298
354,454
146,246
501,601
317,417
298,398
984,1084
323,423
460,560
603,703
27,127
252,352
583,683
554,654
938,1038
539,639
641,741
589,689
863,963
697,797
316,416
504,604
49,149
604,704
25,125
827,927
412,512
59,159
386,486
926,1026
29,129
293,393
307,407
667,767
854,954
509,609
851,951
327,427
734,834
652,752
769,869
533,633
605,705
826,926
170,270
739,839
515,615
536,636
590,690
449,549
690,790
166,266
339,439
677,777
670,770
1000,1100
70,170
943,1043
302,402
92,192
357,457
59,159
211,311
112,212
84,184
868,968
841,941
244,344
816,916
852,952
660,760
228,328
640,740
217,317
830,930
912,1012
486,586
193,293
164,264
620,720
435,535
352,452
211,311
83,183
847,947
873,973
361,461
275,375
536,636
270,370
313,413
226,326
288,388
819,919
855,955
243,343
295,395
162,262
206,306
141,241
902,1002
135,235
86,186
178,278
441,541
400,500
5,105
207,307
679,779
812,912
789,889
64,164
466,566
697,797
404,504
864,964
542,642
739,839
985,1085
185,285
28,128
383,483
79,179
696,796
739,839
615,715
429,529
892,992
339,439
296,396
440,540
839,939
680,780
652,752
342,442
452,552
751,851
658,758
256,356
938,1038
869,969
945,1045
719,819
572,672
813,913
438,538
986,1086
705,805
458,558
619,719
830,930
898,998
412,512
733,833
780,880
775,875
707,807
241,341
469,569
910,1010
826,926
489,589
159,259
96,196
755,855
581,681
630,730
60,160
820,920
582,682
267,367
658,758
825,925
553,653
415,515
88,188
977,1077
64,164
522,622
453,553
537,637
355,455
387,487
279,379
453,553
276,376
396,496
917,1017
478,578
103,203
96,196
55,155
600,700
695,795
867,967
728,828
630,730
95,195
577,677
834,934
717,817
742,842
175,275
508,608
360,460
707,807
75,175
720,820
630,730
547,647
379,479
74,174
39,139
774,874
950,1050
731,831
576,676
728,828
320,420
387,487
278,378
983,1083
283,383
131,231
801,901
183,283
642,742
224,324
295,395
147,247
416,516
505,605
141,241
629,729
373,473
939,1039
884,984
713,813
679,779
454,554
466,566
561,661
553,653
315,415
896,996
35,135
129,229
716,816
88,188
530,630
380,480
243,343
36,136
572,672
327,427
468,568
265,365
680,780
297,397
443,543
580,680
757,857
806,906
179,279
480,580
981,1081
287,387
569,669
112,212
388,488
368,468
889,989
659,759
966,1066
809,909
340,440
633,733
595,695
672,772
588,688
402,502
914,1014
122,222
541,641
436,536
283,383
341,441
722,822
796,896
789,889
244,344
886,986
293,393
177,277
265,365
307,407
155,255
76,176
495,595
408,508
84,184
281,381
925,1025
531,631
55,155
504,604
874,974
370,470
556,656
522,622
433,533
182,282
105,205
360,460
332,432
191,291
17,117
420,520
449,549
536,636
793,893
521,621
595,695
285,385
226,326
475,575
418,518
204,304
532,632
384,484
134,234
502,602
524,624
995,1095
768,868
229,329
510,610
222,322
591,691
172,272
686,786
290,390
561,661
38,138
405,505
451,551
346,446
699,799
102,202
723,823
111,211
265,365
210,310
740,840
653,753
481,581
446,546
717,817
454,554
218,318
65,165
562,662
548,648
530,630
37,137
189,289
478,578
293,393
220,320
905,1005
895,995
669,769
799,899
897,997
757,857
367,467
879,979
560,660
517,617
255,355
42,142
451,551
605,705
609,709
519,619
46,146
261,361
535,635
844,944
268,368
218,318
29,129
680,780
447,547
654,754
181,281
177,277
715,815
301,401
943,1043
753,853
621,721
237,337
601,701
665,765
78,178
782,882
469,569
296,396
104,204
784,884
215,315
250,350
494,594
58,158
531,631
55,155
177,277
867,967
114,214
357,457
165,265
473,573
49,149
896,996
689,789
436,536
233,333
373,473
309,409
957,1057
447,547
311,411
267,367
696,796
395,495
23,123
389,489
513,613
851,951
656,756
416,516
161,261
734,834
963,1063
734,834
196,296
572,672
430,530
10,110
597,697
202,302
77,177
860,960
681,781
729,829
921,1021
34,134
65,165
34,134
354,454
746,846
165,265
253,353
706,806
349,449
703,803
90,190
202,302
993,1093
851,951
337,437
198,298
291,391
542,642
815,915
663,763
530,630
712,812
223,323
761,861
179,279
363,463
205,305
222,322
964,1064
511,611
541,641
834,934
733,833
386,486
878,978
99,199
465,565
508,608
570,670
370,470
370,470
89,189
69,169
289,389
555,655
159,259
157,257
868,968
656,756
237,337
865,965
224,324
590,690
86,186
49,149
161,261
894,994
804,904
978,1078
792,892
307,407
28,128
453,553
650,750
701,801
33,133
447,547
638,738
308,408
531,631
361,461
899,999
260,360
706,806
225,325
591,691
932,1032
927,1027
168,268
648,748
270,370
198,298
379,479
418,518
923,1023
630,730
597,697
986,1086
965,1065
148,248
85,185
762,862
928,1028
396,496
728,828
619,719
645,745
168,268
934,1034
559,659
281,381
70,170
704,804
548,648
774,874
666,766
600,700
200,300
569,669
617,717
373,473
976,1076
285,385
996,1096
879,979
553,653
282,382
610,710
862,962
470,570
130,230
962,1062
95,195
593,693
351,451
499,599
553,653
284,384
887,987
868,968
803,903
383,483
789,889
234,334
963,1063
564,664
897,997
462,562
21,121
608,708
497,597
671,771
509,609
518,618
150,250
111,211
231,331
348,448
323,423
750,850
965,1065
934,1034
7,107
723,823
259,359
822,922
670,770
612,712
21,121
993,1093
783,883
54,154
281,381
252,352
392,492
614,714
104,204
206,306
425,525
436,536
969,1069
985,1085
495,595
672,772
830,930
397,497
829,929
972,1072
286,386
456,556
418,518
833,933
137,237
311,411
74,174
766,866
97,197
347,447
533,633
549,649
525,625
251,351
483,583
738,838
39,139
346,446
556,656
338,438
547,647
409,509
209,309
211,311
951,1051
564,664
866,966
268,368
640,740
971,1071
981,1081
539,639
363,463
591,691
387,487
826,926
385,485
810,910
594,694
865,965
404,504
805,905
676,776
306,406
773,873
685,785
477,577
368,468
270,370
759,859
765,865
466,566
493,593
235,335
617,717
260,360
714,814
987,1087
718,818
791,891
360,460
670,770
561,661
266,366
75,175
403,503
227,327
903,1003
603,703
609,709
869,969
759,859
949,1049
529,629
460,560
918,1018
954,1054
603,703
12,112
623,723
840,940
546,646
751,851
149,249
662,762
621,721
834,934
225,325
139,239
293,393
414,514
44,144
60,160
464,564
999,1099
729,829
156,256
648,748
135,235
637,737
855,955
901,1001
497,597
540,640
734,834
742,842
895,995
796,896
602,702
995,1095
806,906
229,329
763,863
759,859
382,482
454,554
876,976
661,761
98,198
884,984
820,920
823,923
52,152
861,961
275,375
273,373
965,1065
507,607
92,192
470,570
920,1020
727,827
334,434
410,510
881,981
466,566
844,944
650,750
919,1019
614,714
331,431
739,839
487,587
314,414
61,161
770,870
990,1090
678,778
62,162
464,564
34,134
347,447
341,441
333,433
530,630
938,1038
481,581
729,829
46,146
618,718
511,611
902,1002
86,186
714,814
130,230
407,507
117,217
340,440
688,788
319,419
167,267
766,866
644,744
262,362
174,274
130,230
557,657
438,538
844,944
994,1094
260,360
495,595
364,464
39,139
186,286
210,310
64,164
10,110
323,423
456,556
291,391
384,484
798,898
268,368
841,941
411,511
870,970
239,339
189,289
350,450
961,1061
747,847
615,715
74,174
110,210
2,102
348,448
224,324
880,980
944,1044
584,684
735,835
75,175
774,874
23,123
444,544
210,310
130,230
721,821
66,166
938,1038
434,534
664,764
482,582
255,355
375,475
61,161
257,357
851,951
994,1094
213,313
340,440
394,494
777,877
414,514
676,776
502,602
842,942
805,905
718,818
574,674
618,718
67,167
563,663
408,508
931,1031
95,195
347,447
707,807
205,305
494,594
258,358
366,466
286,386
114,214
323,423
490,590
563,663
592,692
113,213
409,509
892,992
801,901
310,410
81,181
498,598
601,701
153,253
179,279
258,358
892,992
237,337
407,507
566,666
732,832
949,1049
887,987
993,1093
185,285
795,895
321,421
619,719
780,880
715,815
654,754
237,337
582,682
26,126
754,854
811,911
146,246
92,192
131,231
419,519
4,104
494,594
789,889
777,877
981,1081
421,521
799,899
375,475
105,205
483,583
414,514
709,809
358,458
968,1068
336,436
958,1058
400,500
765,865
903,1003
694,794
717,817
66,166
63,163
576,676
383,483
175,275
469,569
344,444
221,321
382,482
675,775
584,684
888,988
98,198
705,805
782,882
793,893
288,388
208,308
274,374
218,318
90,190
303,403
263,363
881,981
520,620
123,223
860,960
855,955
889,989
558,658
846,946
638,738
827,927
149,249
865,965
471,571
619,719
16,116
642,742
502,602
712,812
20,120
59,159
881,981
721,821
69,169
406,506
510,610
443,543
724,824
507,607
117,217
531,631
258,358
871,971
301,401
77,177
390,490
476,576
489,589
450,550
204,304
812,912
875,975
364,464
443,543
58,158
778,878
20,120
830,930
257,357
816,916
264,364
860,960
53,153
880,980
212,312
593,693
337,437
647,747
452,552
109,209
963,1063
61,161
198,298
880,980
753,853
427,527
366,466
38,138
953,1053
105,205
275,375
840,940
584,684
514,614
121,221
621,721
746,846
251,351
221,321
276,376
146,246
965,1065
914,1014
108,208
72,172
61,161
236,336
776,876
200,300
365,465
259,359
858,958
867,967
146,246
80,180
323,423
608,708
418,518
339,439
419,519
831,931
462,562
206,306
893,993
32,132
170,270
856,956
316,416
935,1035
156,256
989,1089
792,892
438,538
501,601
67,167
754,854
439,539
858,958
568,668
261,361
502,602
721,821
604,704
843,943
56,156
841,941
169,269
835,935
615,715
776,876
763,863
133,233
592,692
328,428
258,358
639,739
867,967
257,357
771,871
294,394
766,866
591,691
565,665
799,899
470,570
29,129
632,732
247,347
321,421
578,678
352,452
236,336
868,968
157,257
526,626
716,816
991,1091
467,567
462,562
120,220
562,662
905,1005
774,874
507,607
111,211
52,152
789,889
282,382
326,426
704,804
582,682
323,423
772,872
39,139
536,636
135,235
496,596
248,348
663,763
548,648
373,473
79,179
179,279
461,561
986,1086
601,701
573,673
877,977
363,463
806,906
47,147
233,333
122,222
984,1084
648,748
661,761
535,635
557,657
401,501
509,609
1,101
115,215
974,1074
481,581
464,564
254,354
123,223
142,242
689,789
527,627
945,1045
770,870
17,117
954,1054
631,731
388,488
672,772
469,569
685,785
350,450
892,992
104,204
385,485
761,861
542,642
44,144
461,561
8,108
27,127
233,333
376,476
453,553
285,385
448,548
842,942
939,1039
948,1048
838,938
336,436
182,282
89,189
458,558
323,423
254,354
343,443
33,133
11,111
939,1039
573,673
658,758
89,189
58,158
846,946
629,729
663,763
779,879
861,961
957,1057
325,425
939,1039
100,200
372,472
208,308
82,182
552,652
806,906
975,1075
684,784
36,136
245,345
855,955
897,997
721,821
96,196
370,470
830,930
548,648
625,725
952,1052
236,336
91,191
395,495
515,615
78,178
631,731
602,702
510,610
316,416
924,1024
980,1080
49,149
472,572
229,329
270,370
832,932
284,384
286,386
25,125
501,601
766,866
56,156
397,497
479,579
122,222
996,1096
49,149
37,137
887,987
983,1083
692,792
245,345
606,706
232,332
470,570
1000,1100
48,148
920,1020
425,525
399,499
130,230
947,1047
722,822
660,760
498,598
477,577
313,413
593,693
550,650
310,410
127,227
7,107
121,221
669,769
229,329
135,235
601,701
107,207
656,756
382,482
327,427
906,1006
712,812
54,154
156,256
300,400
854,954
820,920
723,823
633,733
720,820
90,190
766,866
379,479
647,747
979,1079
534,634
293,393
297,397
551,651
881,981
189,289
596,696
425,525
723,823
857,957
947,1047
302,402
80,180
810,910
245,345
273,373
591,691
916,1016
370,470
196,296
299,399
788,888
828,928
124,224
850,950
121,221
515,615
918,1018
747,847
525,625
243,343
377,477
79,179
203,303
674,774
30,130
743,843
664,764
362,462
347,447
229,329
160,260
562,662
285,385
639,739
754,854
341,441
461,561
173,273
13,113
57,157
523,623
260,360
909,1009
480,580
587,687
862,962
780,880
80,180
652,752
686,786
141,241
500,600
91,191
447,547
281,381
668,768
918,1018
684,784
766,866
806,906
990,1090
254,354
113,213
608,708
329,429
715,815
205,305
276,376
387,487
180,280
624,724
802,902
739,839
108,208
449,549
443,543
699,799
196,296
849,949
254,354
947,1047
973,1073
979,1079
490,590
859,959
510,610
264,364
764,864
265,365
389,489
525,625
995,1095
923,1023
28,128
520,620
746,846
604,704
667,767
426,526
884,984
206,306
887,987
201,301
884,984
869,969
500,600
124,224
427,527
225,325
327,427
828,928
39,139
134,234
66,166
725,825
775,875
954,1054
719,819
145,245
812,912
164,264
760,860
460,560
90,190
407,507
118,218
365,465
374,474
359,459
112,212
174,274
150,250
895,995
454,554
572,672
718,818
626,726
153,253
867,967
960,1060
950,1050
683,783
95,195
665,765
412,512
305,405
248,348
652,752
218,318
253,353
348,448
41,141
739,839
216,316
784,884
831,931
375,475
727,827
171,271
520,620
471,571
577,677
371,471
325,425
366,466
216,316
740,840
409,509
804,904
705,805
682,782
57,157
984,1084
233,333
575,675
624,724
4,104
420,520
981,1081
669,769
983,1083
362,462
367,467
343,443
297,397
570,670
368,468
157,257
49,149
752,852
11,111
9,109
356,456
672,772
461,561
367,467
462,562
468,568
476,576
74,174
410,510
609,709
265,365
707,807
175,275
876,976
222,322
890,990
811,911
540,640
831,931
316,416
736,836
995,1095
639,739
100,200
595,695
290,390
323,423
297,397
884,984
575,675
430,530
95,195
246,346
743,843
351,451
328,428
749,849
596,696
386,486
575,675
369,469
374,474
694,794
949,1049
686,786
280,380
690,790
111,211
531,631
398,498
834,934
978,1078
130,230
241,341
181,281
147,247
621,721
900,1000
794,894
478,578
2,102
36,136
546,646
603,703
87,187
731,831
268,368
442,542
667,767
37,137
767,867
13,113
717,817
308,408
742,842
983,1083
671,771
931,1031
191,291
739,839
204,304
524,624
732,832
886,986
986,1086
100,200
79,179
717,817
573,673
359,459
174,274
151,251
271,371
181,281
979,1079
493,593
697,797
526,626
915,1015
140,240
103,203
781,881
959,1059
415,515
266,366
718,818
389,489
467,567
823,923
309,409
290,390
709,809
794,894
389,489
417,517
120,220
378,478
765,865
630,730
288,388
248,348
459,559
125,225
30,130
101,201
332,432
112,212
353,453
708,808
150,250
651,751
55,155
960,1060
515,615
859,959
869,969
443,543
470,570
49,149
376,476
16,116
856,956
752,852
544,644
283,383
937,1037
132,232
895,995
46,146
217,317
642,742
182,282
694,794
123,223
629,729
656,756
759,859
985,1085
351,451
837,937
397,497
385,485
473,573
45,145
595,695
297,397
719,819
831,931
376,476
118,218
461,561
481,581
190,290
330,430
221,321
688,788
581,681
218,318
442,542
540,640
17,117
797,897
566,666
811,911
874,974
736,836
757,857
895,995
720,820
342,442
917,1017
745,845
838,938
955,1055
95,195
708,808
22,122
275,375
296,396
497,597
399,499
383,483
269,369
985,1085
157,257
398,498
585,685
827,927
845,945
920,1020
369,469
947,1047
656,756
357,457
858,958
361,461
1000,1100
303,403
209,309
801,901
635,735
73,173
722,822
630,730
152,252
908,1008
905,1005
263,363
551,651
943,1043
331,431
527,627
854,954
77,177
816,916
357,457
59,159
737,837
532,632
218,318
105,205
592,692
561,661
370,470
986,1086
252,352
125,225
141,241
270,370
805,905
172,272
7,107
537,637
800,900
838,938
49,149
766,866
44,144
298,398
925,1025
791,891
351,451
316,416
349,449
82,182
969,1069
391,491
52,152
858,958
940,1040
855,955
748,848
770,870
249,349
716,816
921,1021
726,826
489,589
700,800
852,952
526,626
695,795
408,508
106,206
997,1097
122,222
714,814
909,1009
72,172
251,351
997,1097
153,253
921,1021
430,530
27,127
649,749
390,490
167,267
947,1047
764,864
354,454
81,181
204,304
445,545
873,973
106,206
700,800
675,775
267,367
848,948
967,1067
593,693
8,108
921,1021
531,631
668,768
633,733
722,822
877,977
545,645
360,460
604,704
845,945
203,303
160,260
678,778
865,965
133,233
382,482
711,811
647,747
309,409
555,655
985,1085
638,738
408,508
918,1018
10,110
63,163
668,768
914,1014
247,347
659,759
950,1050
297,397
2,102
685,785
243,343
749,849
79,179
328,428
22,122
860,960
552,652
924,1024
769,869
124,224
969,1069
143,243
324,424
323,423
805,905
829,929
173,273
199,299
190,290
605,705
730,830
623,723
643,743
247,347
927,1027
638,738
580,680
93,193
551,651
316,416
928,1028
197,297
396,496
588,688
843,943
537,637
777,877
662,762
252,352
396,496
798,898
446,546
636,736
476,576
683,783
444,544
899,999
312,412
297,397
105,205
85,185
51,151
202,302
470,570
87,187
149,249
981,1081
588,688
252,352
811,911
410,510
749,849
984,1084
418,518
474,574
98,198
224,324
803,903
53,153
975,1075
92,192
533,633
756,856
485,585
314,414
586,686
189,289
480,580
482,582
950,1050
105,205
857,957
880,980
852,952
268,368
936,1036
274,374
627,727
201,301
476,576
798,898
323,423
748,848
925,1025
39,139
480,580
807,907
710,810
349,449
244,344
857,957
678,778
334,434
559,659
255,355
712,812
29,129
205,305
89,189
422,522
135,235
568,668
343,443
756,856
852,952
422,522
921,1021
430,530
979,1079
807,907
538,638
154,254
655,755
942,1042
566,666
533,633
516,616
189,289
259,359
591,691
270,370
357,457
265,365
541,641
401,501
547,647
755,855
479,579
632,732
510,610
948,1048
821,921
800,900
746,846
259,359
996,1096
483,583
679,779
669,769
955,1055
130,230
749,849
763,863
772,872
815,915
706,806
947,1047
268,368
730,830
424,524
91,191
736,836
579,679
483,583
136,236
885,985
531,631
476,576
119,219
257,357
186,286
136,236
994,1094
640,740
393,493
231,331
748,848
334,434
717,817
839,939
324,424
115,215
490,590
819,919
252,352
995,1095
935,1035
514,614
831,931
109,209
542,642
410,510
798,898
170,270
223,323
665,765
213,313
859,959
295,395
399,499
962,1062
727,827
298,398
559,659
678,778
356,456
745,845
6,106
710,810
789,889
92,192
139,239
125,225
214,314
672,772
902,1002
567,667
758,858
269,369
823,923
118,218
865,965
173,273
349,449
674,774
490,590
525,625
601,701
674,774
22,122
595,695
431,531
417,517
243,343
6,106
609,709
771,871
650,750
42,142
329,429
515,615
901,1001
560,660
698,798
881,981
316,416
340,440
625,725
827,927
917,1017
878,978
372,472
162,262
55,155
102,202
220,320
695,795
60,160
918,1018
994,1094
346,446
79,179
731,831
729,829
524,624
487,587
741,841
672,772
68,168
910,1010
913,1013
60,160
859,959
471,571
322,422
321,421
491,591
562,662
691,791
220,320
660,760
115,215
762,862
421,521
738,838
614,714
997,1097
101,201
713,813
747,847
981,1081
637,737
850,950
473,573
973,1073
323,423
348,448
522,622
375,475
506,606
814,914
276,376
10,110
876,976
883,983
28,128
630,730
953,1053
420,520
174,274
495,595
581,681
526,626
39,139
979,1079
782,882
97,197
935,1035
590,690
376,476
665,765
333,433
650,750
687,787
138,238
285,385
90,190
881,981
815,915
370,470
706,806
617,717
527,627
70,170
491,591
967,1067
441,541
756,856
641,741
963,1063
359,459
928,1028
707,807
329,429
519,619
856,956
916,1016
31,131
511,611
548,648
654,754
632,732
572,672
285,385
188,288
724,824
548,648
794,894
202,302
414,514
82,182
982,1082
434,534
564,664
940,1040
817,917
314,414
506,606
654,754
115,215
999,1099
58,158
37,137
245,345
447,547
805,905
289,389
19,119
341,441
669,769
805,905
899,999
547,647
165,265
668,768
27,127
867,967
556,656
129,229
70,170
433,533
33,133
766,866
52,152
13,113
523,623
737,837
388,488
581,681
892,992
556,656
467,567
342,442
166,266
992,1092
202,302
25,125
647,747
945,1045
324,424
472,572
813,913
204,304
70,170
450,550
456,556
857,957
244,344
698,798
672,772
427,527
405,505
428,528
527,627
343,443
60,160
490,590
997,1097
81,181
65,165
728,828
210,310
965,1065
773,873
309,409
618,718
415,515
706,806
679,779
71,171
492,592
268,368
823,923
348,448
361,461
81,181
749,849
640,740
302,402
89,189
603,703
461,561
676,776
278,378
561,661
549,649
193,293
526,626
643,743
432,532
265,365
566,666
378,478
879,979
566,666
547,647
106,206
401,501
509,609
485,585
227,327
242,342
54,154
670,770
585,685
11,111
558,658
981,1081
916,1016
545,645
640,740
134,234
510,610
74,174
291,391
384,484
118,218
934,1034
805,905
509,609
441,541
147,247
676,776
547,647
33,133
881,981
760,860
410,510
22,122
95,195
58,158
265,365
934,1034
965,1065
768,868
669,769
367,467
499,599
878,978
927,1027
821,921
49,149
865,965
314,414
738,838
608,708
815,915
277,377
966,1066
616,716
415,515
529,629
584,684
227,327
454,554
482,582
445,545
506,606
77,177
987,1087
267,367
665,765
115,215
946,1046
146,246
4,104
455,555
364,464
187,287
593,693
198,298
114,214
670,770
19,119
56,156
981,1081
184,284
231,331
393,493
742,842
559,659
196,296
140,240
442,542
494,594
763,863
810,910
256,356
913,1013
760,860
807,907
794,894
303,403
425,525
510,610
308,408
524,624
1000,1100
941,1041
195,295
841,941
320,420
866,966
86,186
158,258
678,778
861,961
956,1056
905,1005
526,626
665,765
23,123
19,119
49,149
93,193
555,655
255,355
111,211
515,615
160,260
581,681
898,998
931,1031
650,750
323,423
57,157
605,705
500,600
347,447
757,857
794,894
414,514
28,128
656,756
266,366
528,628
754,854
86,186
67,167
520,620
436,536
663,763
175,275
263,363
204,304
475,575
453,553
840,940
999,1099
240,340
353,453
667,767
728,828
178,278
183,283
762,862
242,342
917,1017
346,446
543,643
393,493
480,580
403,503
13,113
75,175
336,436
232,332
867,967
13,113
62,162
445,545
496,596
652,752
775,875
720,820
641,741
641,741
244,344
603,703
276,376
847,947
376,476
464,564
704,804
563,663
195,295
621,721
105,205
430,530
420,520
26,126
567,667
570,670
414,514
973,1073
370,470
862,962
775,875
624,724
72,172
157,257
406,506
342,442
780,880
269,369
746,846
141,241
436,536
87,187
781,881
132,232
259,359
909,1009
660,760
645,745
38,138
20,120
554,654
664,764
88,188
448,548
966,1066
959,1059
700,800
383,483
629,729
2,102
493,593
734,834
589,689
921,1021
472,572
896,996
535,635
919,1019
314,414
16,116
166,266
648,748
101,201
616,716
285,385
135,235
873,973
825,925
263,363
770,870
848,948
649,749
92,192
747,847
506,606
511,611
523,623
891,991
7,107
437,537
98,198
703,803
848,948
819,919
560,660
964,1064
781,881
107,207
988,1088
469,569
836,936
256,356
371,471
294,394
262,362
384,484
334,434
720,820
686,786
180,280
532,632
832,932
710,810
78,178
175,275
893,993
123,223
165,265
530,630
380,480
772,872
133,233
881,981
705,805
619,719
566,666
388,488
414,514
406,506
322,422
476,576
617,717
691,791
244,344
509,609
331,431
588,688
92,192
52,152
221,321
306,406
156,256
712,812
491,591
623,723
509,609
568,668
735,835
581,681
152,252
61,161
75,175
656,756
95,195
217,317
611,711
350,450
395,495
767,867
687,787
347,447
892,992
595,695
675,775
652,752
4,104
832,932
524,624
410,510
344,444
460,560
731,831
104,204
923,1023
864,964
300,400
943,1043
120,220
379,479
808,908
499,599
472,572
661,761
445,545
64,164
996,1096
477,577
953,1053
408,508
264,364
612,712
628,728
983,1083
957,1057
586,686
250,350
332,432
746,846
976,1076
798,898
456,556
90,190
293,393
594,694
299,399
156,256
963,1063
970,1070
908,1008
414,514
673,773
930,1030
420,520
654,754
785,885
841,941
4,104
1000,1100
198,298
317,417
970,1070
927,1027
769,869
517,617
969,1069
731,831
627,727
310,410
848,948
643,743
20,120
136,236
336,436
580,680
222,322
244,344
535,635
86,186
448,548
566,666
179,279
587,687
612,712
556,656
389,489
840,940
927,1027
224,324
866,966
482,582
215,315
942,1042
215,315
260,360
88,188
853,953
350,450
120,220
440,540
276,376
515,615
750,850
444,544
390,490
319,419
217,317
740,840
2,102
778,878
518,618
240,340
964,1064
241,341
95,195
895,995
89,189
427,527
801,901
423,523
300,400
566,666
221,321
518,618
634,734
581,681
409,509
295,395
662,762
54,154
79,179
228,328
527,627
271,371
792,892
919,1019
56,156
115,215
447,547
384,484
783,883
31,131
338,438
740,840
844,944
466,566
391,491
597,697
514,614
983,1083
743,843
979,1079
674,774
847,947
765,865
958,1058
988,1088
47,147
289,389
772,872
207,307
298,398
670,770
591,691
191,291
851,951
812,912
348,448
111,211
512,612
113,213
465,565
610,710
436,536
409,509
673,773
406,506
587,687
329,429
901,1001
2,102
269,369
724,824
405,505
763,863
94,194
906,1006
257,357
656,756
827,927
893,993
629,729
162,262
668,768
12,112
668,768
470,570
966,1066
62,162
991,1091
944,1044
323,423
39,139
202,302
501,601
68,168
723,823
908,1008
947,1047
897,997
25,125
662,762
454,554
811,911
353,453
599,699
924,1024
319,419
908,1008
329,429
657,757
191,291
850,950
736,836
954,1054
633,733
165,265
934,1034
419,519
590,690
146,246
591,691
935,1035
159,259
298,398
828,928
292,392
194,294
616,716
647,747
804,904
494,594
967,1067
287,387
248,348
926,1026
660,760
11,111
214,314
362,462
10,110
936,1036
320,420
395,495
654,754
869,969
145,245
239,339
263,363
163,263
9,109
337,437
42,142
180,280
691,791
635,735
205,305
640,740
94,194
253,353
781,881
659,759
333,433
416,516
225,325
458,558
493,593
133,233
53,153
865,965
668,768
103,203
651,751
750,850
130,230
667,767
115,215
832,932
196,296
216,316
840,940
759,859
865,965
670,770
925,1025
114,214
396,496
914,1014
349,449
801,901
986,1086
394,494
907,1007
292,392
510,610
12,112
864,964
717,817
995,1095
623,723
778,878
804,904
592,692
732,832
421,521
857,957
314,414
313,413
149,249
385,485
889,989
790,890
308,408
279,379
338,438
20,120
28,128
469,569
62,162
159,259
972,1072
414,514
79,179
901,1001
549,649
732,832
251,351
962,1062
474,574
160,260
965,1065
576,676
865,965
110,210
966,1066
634,734
340,440
34,134
586,686
782,882
479,579
284,384
914,1014
235,335
197,297
995,1095
945,1045
92,192
972,1072
585,685
20,120
134,234
413,513
621,721
657,757
435,535
977,1077
70,170
343,443
765,865
110,210
927,1027
585,685
579,679
291,391
259,359
103,203
266,366
671,771
158,258
287,387
194,294
98,198
736,836
326,426
122,222
271,371
955,1055
851,951
994,1094
953,1053
465,565
798,898
671,771
967,1067
666,766
73,173
241,341
691,791
924,1024
807,907
595,695
951,1051
362,462
877,977
201,301
680,780
397,497
419,519
403,503
224,324
593,693
798,898
163,263
686,786
603,703
619,719
949,1049
551,651
457,557
468,568
950,1050
997,1097
918,1018
242,342
229,329
674,774
217,317
797,897
986,1086
638,738
994,1094
439,539
935,1035
827,927
204,304
704,804
432,532
768,868
158,258
890,990
503,603
992,1092
868,968
477,577
36,136
124,224
640,740
540,640
418,518
1000,1100
126,226
396,496
5,105
43,143
795,895
45,145
403,503
689,789
508,608
533,633
502,602
555,655
357,457
332,432
76,176
862,962
985,1085
773,873
900,1000
386,486
439,539
909,1009
513,613
88,188
363,463
923,1023
714,814
842,942
698,798
979,1079
456,556
655,755
718,818
442,542
74,174
556,656
493,593
35,135
11,111
451,551
392,492
587,687
918,1018
851,951
494,594
773,873
973,1073
539,639
180,280
22,122
866,966
907,1007
104,204
291,391
317,417
788,888
652,752
672,772
26,126
783,883
889,989
471,571
700,800
380,480
885,985
952,1052
264,364
443,543
307,407
111,211
182,282
646,746
144,244
808,908
496,596
658,758
423,523
716,816
793,893
682,782
9,109
668,768
871,971
860,960
284,384
186,286
128,228
85,185
259,359
839,939
265,365
813,913
97,197
440,540
439,539
404,504
694,794
645,745
748,848
503,603
698,798
126,226
52,152
788,888
722,822
788,888
662,762
551,651
298,398
541,641
274,374
391,491
84,184
233,333
29,129
199,299
304,404
886,986
880,980
147,247
53,153
772,872
552,652
133,233
673,773
49,149
831,931
487,587
833,933
759,859
590,690
132,232
109,209
743,843
684,784
136,236
994,1094
515,615
821,921
25,125
640,740
8,108
398,498
710,810
42,142
211,311
842,942
81,181
454,554
477,577
509,609
375,475
582,682
116,216
473,573
668,768
588,688
79,179
494,594
908,1008
501,601
811,911
969,1069
759,859
741,841
519,619
661,761
93,193
422,522
490,590
860,960
997,1097
779,879
578,678
33,133
966,1066
357,457
494,594
768,868
752,852
416,516
1000,1100
368,468
611,711
718,818
29,129
920,1020
47,147
956,1056
405,505
300,400
350,450
711,811
610,710
683,783
554,654
89,189
67,167
193,293
558,658
265,365
457,557
794,894
156,256
67,167
643,743
740,840
146,246
200,300
375,475
857,957
131,231
145,245
821,921
797,897
220,320
284,384
636,736
999,1099
9,109
560,660
245,345
537,637
222,322
613,713
561,661
872,972
220,320
167,267
84,184
998,1098
976,1076
467,567
128,228
235,335
963,1063
604,704
782,882
558,658
913,1013
107,207
198,298
660,760
229,329
221,321
135,235
723,823
444,544
615,715
783,883
57,157
73,173
491,591
343,443
558,658
726,826
103,203
718,818
454,554
227,327
509,609
828,928
107,207
594,694
345,445
646,746
347,447
276,376
87,187
233,333
987,1087
665,765
88,188
553,653
549,649
428,528
695,795
713,813
618,718
273,373
675,775
441,541
941,1041
149,249
217,317
410,510
763,863
303,403
741,841
607,707
564,664
819,919
442,542
554,654
708,808
249,349
223,323
394,494
261,361
454,554
37,137
164,264
370,470
52,152
169,269
53,153
536,636
53,153
582,682
691,791
151,251
968,1068
439,539
438,538
227,327
690,790
410,510
143,243
795,895
916,1016
81,181
31,131
185,285
213,313
17,117
968,1068
756,856
782,882
749,849
439,539
80,180
51,151
540,640
475,575
152,252
600,700
381,481
154,254
28,128
669,769
205,305
401,501
368,468
438,538
301,401
323,423
701,801
124,224
171,271
442,542
80,180
813,913
504,604
975,1075
82,182
862,962
803,903
959,1059
577,677
681,781
937,1037
326,426
561,661
524,624
111,211
993,1093
816,916
101,201
857,957
504,604
997,1097
699,799
427,527
16,116
34,134
732,832
797,897
265,365
637,737
749,849
505,605
282,382
57,157
208,308
161,261
674,774
731,831
972,1072
133,233
463,563
535,635
60,160
791,891
599,699
387,487
550,650
937,1037
166,266
16,116
118,218
735,835
759,859
419,519
601,701
697,797
471,571
105,205
619,719
807,907
740,840
168,268
41,141
170,270
230,330
622,722
912,1012
719,819
379,479
253,353
373,473
123,223
441,541
681,781
500,600
821,921
187,287
249,349
132,232
1,101
4,104
656,756
951,1051
401,501
633,733
215,315
833,933
427,527
195,295
521,621
411,511
574,674
89,189
956,1056
692,792
193,293
347,447
769,869
144,244
182,282
26,126
770,870
881,981
500,600
682,782
348,448
520,620
948,1048
463,563
287,387
564,664
908,1008
968,1068
621,721
368,468
696,796
686,786
388,488
839,939
498,598
820,920
487,587
402,502
223,323
577,677
605,705
179,279
397,497
209,309
303,403
370,470
836,936
220,320
754,854
677,777
544,644
304,404
792,892
211,311
298,398
185,285
536,636
83,183
611,711
521,621
718,818
696,796
186,286
188,288
426,526
981,1081
537,637
801,901
776,876
383,483
914,1014
248,348
607,707
518,618
876,976
191,291
331,431
553,653
857,957
198,298
521,621
596,696
601,701
706,806
899,999
344,444
100,200
50,150
112,212
478,578
768,868
607,707
805,905
836,936
663,763
681,781
9,109
64,164
330,430
774,874
499,599
617,717
880,980
539,639
95,195
82,182
953,1053
209,309
503,603
941,1041
867,967
434,534
505,605
14,114
225,325
366,466
31,131
284,384
345,445
915,1015
132,232
217,317
955,1055
163,263
361,461
124,224
531,631
941,1041
286,386
313,413
589,689
196,296
777,877
300,400
46,146
738,838
431,531
216,316
425,525
986,1086
715,815
179,279
872,972
118,218
49,149
806,906
647,747
811,911
716,816
719,819
117,217
425,525
428,528
221,321
480,580
696,796
970,1070
998,1098
972,1072
864,964
799,899
342,442
455,555
872,972
959,1059
623,723
610,710
137,237
562,662
72,172
942,1042
958,1058
474,574
278,378
348,448
386,486
549,649
823,923
66,166
959,1059
89,189
228,328
970,1070
155,255
878,978
57,157
808,908
247,347
304,404
417,517
586,686
403,503
712,812
520,620
122,222
668,768
399,499
292,392
956,1056
651,751
167,267
259,359
503,603
918,1018
648,748
534,634
895,995
931,1031
60,160
841,941
85,185
789,889
467,567
425,525
318,418
66,166
467,567
130,230
874,974
830,930
821,921
237,337
581,681
379,479
581,681
186,286
262,362
802,902
602,702
539,639
731,831
168,268
382,482
275,375
373,473
988,1088
546,646
253,353
421,521
350,450
201,301
726,826
711,811
879,979
468,568
601,701
778,878
302,402
398,498
590,690
757,857
315,415
263,363
983,1083
932,1032
590,690
590,690
888,988
559,659
602,702
877,977
940,1040
339,439
85,185
351,451
345,445
923,1023
791,891
407,507
349,449
948,1048
501,601
135,235
913,1013
958,1058
478,578
983,1083
595,695
198,298
587,687
991,1091
605,705
233,333
466,566
89,189
853,953
377,477
211,311
576,676
74,174
118,218
380,480
828,928
753,853
292,392
851,951
596,696
959,1059
613,713
91,191
807,907
453,553
479,579
286,386
169,269
497,597
934,1034
181,281
307,407
832,932
916,1016
44,144
954,1054
596,696
187,287
146,246
270,370
345,445
581,681
677,777
652,752
560,660
154,254
404,504
678,778
373,473
678,778
123,223
204,304
123,223
514,614
105,205
781,881
219,319
859,959
507,607
299,399
166,266
852,952
198,298
245,345
550,650
224,324
774,874
597,697
737,837
447,547
909,1009
508,608
687,787
398,498
625,725
301,401
936,1036
947,1047
968,1068
316,416
617,717
724,824
372,472
448,548
419,519
882,982
420,520
308,408
868,968
446,546
346,446
586,686
97,197
131,231
874,974
684,784
115,215
425,525
26,126
47,147
513,613
76,176
693,793
706,806
55,155
668,768
724,824
916,1016
650,750
834,934
22,122
586,686
315,415
271,371
695,795
276,376
43,143
462,562
844,944
384,484
973,1073
37,137
403,503
513,613
805,905
749,849
586,686
524,624
595,695
427,527
281,381
700,800
387,487
997,1097
983,1083
898,998
821,921
728,828
532,632
698,798
621,721
292,392
369,469
254,354
331,431
854,954
525,625
850,950
270,370
563,663
390,490
774,874
424,524
68,168
425,525
91,191
308,408
522,622
914,1014
817,917
304,404
620,720
956,1056
764,864
649,749
304,404
929,1029
623,723
914,1014
182,282
896,996
813,913
244,344
887,987
683,783
231,331
116,216
668,768
263,363
304,404
446,546
819,919
570,670
549,649
44,144
23,123
501,601
573,673
505,605
425,525
182,282
917,1017
622,722
685,785
568,668
457,557
204,304
422,522
224,324
322,422
816,916
586,686
783,883
336,436
641,741
532,632
236,336
109,209
258,358
215,315
897,997
756,856
877,977
273,373
20,120
745,845
901,1001
268,368
766,866
944,1044
950,1050
154,254
369,469
935,1035
703,803
977,1077
163,263
219,319
922,1022
102,202
524,624
940,1040
278,378
758,858
449,549
370,470
758,858
478,578
79,179
316,416
769,869
924,1024
831,931
425,525
921,1021
32,132
189,289
127,227
766,866
309,409
13,113
803,903
745,845
199,299
135,235
283,383
814,914
266,366
251,351
609,709
814,914
690,790
738,838
892,992
264,364
204,304
944,1044
200,300
914,1014
281,381
344,444
210,310
132,232
859,959
187,287
336,436
495,595
887,987
290,390
25,125
602,702
878,978
107,207
182,282
61,161
888,988
5,105
791,891
619,719
351,451
30,130
401,501
885,985
477,577
980,1080
560,660
893,993
563,663
897,997
886,986
866,966
319,419
38,138
152,252
113,213
572,672
435,535
85,185
475,575
178,278
160,260
58,158
989,1089
75,175
185,285
49,149
127,227
1000,1100
186,286
903,1003
498,598
912,1012
927,1027
606,706
557,657
479,579
169,269
408,508
181,281
203,303
426,526
339,439
726,826
361,461
725,825
961,1061
819,919
638,738
180,280
818,918
789,889
436,536
568,668
405,505
690,790
64,164
167,267
857,957
800,900
970,1070
295,395
840,940
616,716
79,179
362,462
936,1036
708,808
739,839
854,954
140,240
4,104
553,653
833,933
184,284
84,184
268,368
970,1070
627,727
907,1007
692,792
381,481
204,304
443,543
721,821
378,478
62,162
541,641
626,726
774,874
752,852
811,911
953,1053
977,1077
585,685
235,335
851,951
159,259
778,878
887,987
564,664
531,631
892,992
922,1022
513,613
462,562
735,835
49,149
957,1057
524,624
321,421
438,538
194,294
385,485
150,250
576,676
577,677
327,427
887,987
107,207
370,470
249,349
480,580
298,398
327,427
191,291
64,164
706,806
732,832
965,1065
2,102
970,1070
876,976
720,820
225,325
437,537
104,204
76,176
841,941
773,873
434,534
20,120
882,982
49,149
194,294
715,815
38,138
717,817
209,309
807,907
869,969
490,590
347,447
687,787
262,362
390,490
961,1061
918,1018
319,419
576,676
31,131
799,899
480,580
611,711
609,709
180,280
46,146
80,180
336,436
661,761
166,266
161,261
701,801
201,301
481,581
314,414
711,811
468,568
783,883
881,981
541,641
488,588
754,854
194,294
286,386
635,735
588,688
982,1082
803,903
248,348
306,406
577,677
682,782
642,742
117,217
587,687
924,1024
594,694
18,118
68,168
117,217
418,518
460,560
751,851
821,921
113,213
344,444
545,645
839,939
539,639
234,334
161,261
231,331
575,675
153,253
287,387
664,764
659,759
623,723
436,536
716,816
567,667
306,406
286,386
276,376
153,253
887,987
585,685
167,267
687,787
605,705
64,164
521,621
20,120
885,985
277,377
412,512
597,697
427,527
238,338
464,564
784,884
509,609
463,563
732,832
690,790
272,372
138,238
546,646
264,364
785,885
285,385
55,155
99,199
768,868
879,979
198,298
326,426
316,416
562,662
325,425
59,159
526,626
958,1058
981,1081
459,559
645,745
796,896
863,963
490,590
543,643
873,973
786,886
85,185
657,757
125,225
873,973
374,474
232,332
981,1081
243,343
116,216
622,722
597,697
96,196
787,887
991,1091
930,1030
414,514
322,422
376,476
194,294
789,889
793,893
937216
91797
259273
264660
115763
433225
234319
166661
157689
72703
234620
16692
227825
70195
135482
132251
22465
49890
61385
34859
24877
14130
51605
43125
29174
6761
13294
11097
3444
7295
5867
7571
1156
1984
10271
7295
4953
2480
2498
4228
45
2101
715
1471
978
1656
835
1317
57
794
785
312
473
268
27
303
379
124
71
237
87
135
128
76
25
18
6
45
10
22
46
3
23
17
18
15
15
2
3
2
12
8
1
2
3
7
2
1
4
0
0
1
1
0
0
0
3
0
0
1
1
0
0
1
1
0
0
0
0
1
1
0
0
0
0
0
0
0
0
0
0
0
0
0
0
0
0
0
0
0
0
0
0
0
0
0
0
0
0
0
0
0
0
0
0
0
0
0
0
0
0
0
0
0
0
0
0
0
0
0
0
0
0
0
0
0
0
0
0
0
0
0
0
0
0
0
0
0
0
0
0
0
0
0
0
0
0
0
0
0
0
0
0
0
0
0
0
0
0
0
0
0
0
0
0
0
0
0
0
0
0
0
0
0
0
0
0
0
0
0
0
0
0
0
0
0
0
0
0
0
0
0
0
0
0
0
0
0
0
0
0
0
0
0
0
0
0
0
0
0
0
0
0
0
0
0
0
0
0
0
0
0
0
0
0
0
0
0
0
0
0
0
0
0
0
0
0
0
0
0
0
0
0
0
0
0
0
0
0
0
0
0
0
0
0
0
0
0
0
0
0
0
0
0
0
0
0
0
0
0
0
0
0
0
0
0
0
0
0
0
0
0
0
0
0
0
0
0
0
0
0
0
0
0
0
0
0
0
0
0
0
0
0
0
0
0
0
0
0
0
0
0
0
0
0
0
0
0
0
0
0
0
0
0
0
0
0
0
0
0
0
0
0
0
0
0
0
0
0
0
0
0
0
0
0
0
0
0
0
0
0
0
0
0
0
0
0
0
0
0
0
0
0
0
0
0
0
0
0
0
0
0
0
0
0
0
0
0
0
0
0
0
0
0
0
0
0
0
0
0
0
0
0
0
0
0
0
0
0
0
0
0
0
0
0
0
0
0
0
0
0
0
0
0
0
0
0
0
0
0
0
0
0
0
0
0
0
0
0
0
0
0
0
0
0
0
0
0
0
0
0
0
0
0
0
0
0
0
0
0
0
0
0
0
0
0
0
0
0
0
0
0
0
0
0
0
0
0
0
0
0
0
0
0
0
0
0
0
0
0
0
0
0
0
0
0
0
0
0
0
0
0
0
0
0
0
0
0
0
0
0
0
0
0
0
0
0
0
0
0
0
0
0
0
0
0
0
0
0
0
0
0
0
0
0
0
0
0
0
0
0
0
0
0
0
0
0
0
0
0
0
0
0
0
0
0
0
0
0
0
0
0
0
0
0
0
0
0
0
0
0
0
0
0
0
0
0
0
0
0
0
0
0
0
0
0
0
0
0
0
0
0
0
0
0
0
0
0
0
0
0
0
0
0
0
0
0
0
0
0
0
0
0
0
0
0
0
0
0
0
0
0
0
0
0
0
0
0
0
0
0
0
0
0
0
0
0
0
0
0
0
0
0
0
0
0
0
0
0
0
0
0
0
0
0
0
0
0
0
0
0
0
0
0
0
0
0
0
0
0
0
0
0
0
0
0
0
0
0
0
0
0
0
0
0
0
0
0
0
0
0
0
0
0
0
0
0
0
0
0
0
0
0
0
0
0
0
0
0
0
0
0
0
0
0
0
0
0
0
0
0
0
0
0
0
0
0
0
0
0
0
0
0
0
0
0
0
0
0
0
0
0
0
0
0
0
0
0
0
0
0
0
0
0
0
0
0
0
0
0
0
0
0
0
0
0
0
0
0
0
