1709,298
960,233
6834,1190
1279,311
6834,1190
1599,388
5980,1042
960,233
2563,447
1599,388
3417,595
2558,621
6834,1190
2239,543
4271,744
2878,698
8542,1488
2878,698
4271,744
2239,543
1709,298
320,78
5126,893
320,78
4271,744
2558,621
6834,1190
960,233
1709,298
1919,466
4271,744
960,233
6834,1190
320,78
2563,447
1599,388
6834,1190
320,78
855,149
1919,466
2563,447
2878,698
4271,744
640,156
3417,595
1279,311
4271,744
2878,698
3417,595
3198,776
3417,595
2878,698
6834,1190
3198,776
4271,744
1919,466
7688,1339
960,233
7688,1339
2239,543
5126,893
960,233
4271,744
2239,543
1709,298
3198,776
5126,893
320,78
7688,1339
960,233
855,149
3198,776
4271,744
640,156
7688,1339
1919,466
5126,893
1279,311
5980,1042
1919,466
8542,1488
1279,311
5980,1042
2558,621
4271,744
3198,776
855,149
2239,543
1709,298
640,156
7688,1339
1279,311
6834,1190
960,233
7688,1339
1919,466
2563,447
2239,543
1709,298
1279,311
5126,893
3198,776
3417,595
2558,621
5126,893
320,78
3417,595
1599,388
2563,447
320,78
1709,298
1599,388
4271,744
640,156
3417,595
320,78
7688,1339
320,78
2563,447
320,78
8542,1488
3198,776
2563,447
2558,621
5126,893
320,78
7688,1339
3198,776
5980,1042
1919,466
6834,1190
2558,621
8542,1488
1279,311
2563,447
2239,543
855,149
960,233
6834,1190
1919,466
6834,1190
320,78
3417,595
1919,466
2563,447
1599,388
7688,1339
1599,388
8542,1488
1919,466
3417,595
2878,698
4271,744
1919,466
1709,298
3198,776
4271,744
1599,388
2563,447
1919,466
8542,1488
1919,466
2563,447
2878,698
3417,595
320,78
3417,595
1279,311
6834,1190
1919,466
8542,1488
960,233
1709,298
2878,698
7688,1339
960,233
5126,893
3198,776
5126,893
2239,543
6834,1190
1279,311
8542,1488
2239,543
4271,744
1599,388
1709,298
320,78
4271,744
2878,698
5126,893
2239,543
6834,1190
2239,543
7688,1339
2239,543
5126,893
1599,388
2563,447
960,233
3417,595
320,78
1709,298
640,156
8542,1488
320,78
8542,1488
2558,621
3417,595
3198,776
1709,298
320,78
5980,1042
1279,311
4271,744
2239,543
5980,1042
320,78
3417,595
1919,466
855,149
2239,543
1709,298
2239,543
5980,1042
2558,621
7688,1339
1279,311
6834,1190
960,233
8542,1488
3198,776
5126,893
3198,776
5126,893
2239,543
3417,595
2878,698
5980,1042
320,78
5126,893
1599,388
6834,1190
2878,698
855,149
3198,776
1709,298
1919,466
5126,893
2239,543
8542,1488
1599,388
2563,447
640,156
5126,893
2558,621
3417,595
640,156
3417,595
2878,698
855,149
320,78
7688,1339
3198,776
6834,1190
960,233
8542,1488
320,78
4271,744
320,78
6834,1190
960,233
4271,744
320,78
3417,595
2878,698
7688,1339
2239,543
5126,893
320,78
2563,447
2558,621
855,149
960,233
855,149
640,156
6834,1190
320,78
8542,1488
3198,776
5980,1042
960,233
5126,893
320,78
6834,1190
1919,466
4271,744
640,156
4271,744
3198,776
6834,1190
2558,621
855,149
1279,311
2563,447
2878,698
855,149
2878,698
7688,1339
640,156
5126,893
1919,466
5980,1042
2878,698
4271,744
2558,621
5126,893
640,156
5980,1042
2558,621
3417,595
1279,311
7688,1339
1599,388
1709,298
320,78
5980,1042
320,78
7688,1339
1279,311
8542,1488
2239,543
2563,447
3198,776
2563,447
960,233
6834,1190
320,78
855,149
1279,311
3417,595
1279,311
5980,1042
640,156
7688,1339
2239,543
6834,1190
1919,466
8542,1488
2558,621
1709,298
2878,698
2563,447
320,78
4271,744
1279,311
6834,1190
640,156
1709,298
1279,311
6834,1190
2239,543
4271,744
3198,776
5980,1042
1919,466
5980,1042
2558,621
2563,447
2239,543
855,149
1919,466
6834,1190
1279,311
855,149
2239,543
6834,1190
1599,388
5980,1042
2558,621
7688,1339
2558,621
2563,447
1919,466
5126,893
2878,698
7688,1339
2558,621
2563,447
1279,311
5126,893
1279,311
1709,298
2558,621
3417,595
2558,621
855,149
1279,311
855,149
1919,466
4271,744
1279,311
5980,1042
1919,466
7688,1339
640,156
7688,1339
960,233
3417,595
1599,388
5980,1042
3198,776
3417,595
640,156
1709,298
320,78
855,149
2878,698
7688,1339
960,233
6834,1190
320,78
3417,595
960,233
7688,1339
320,78
8542,1488
320,78
855,149
640,156
1709,298
1919,466
3417,595
1279,311
7688,1339
320,78
3417,595
960,233
2563,447
2878,698
855,149
320,78
1709,298
320,78
5126,893
640,156
855,149
3198,776
4271,744
1599,388
4271,744
2878,698
8542,1488
2558,621
5980,1042
960,233
8542,1488
960,233
5980,1042
2878,698
5126,893
960,233
5980,1042
1919,466
855,149
960,233
3417,595
1599,388
7688,1339
1919,466
4271,744
960,233
855,149
2558,621
2563,447
3198,776
7688,1339
320,78
3417,595
3198,776
7688,1339
3198,776
855,149
3198,776
2563,447
2239,543
6834,1190
2239,543
5980,1042
960,233
5980,1042
1919,466
1709,298
3198,776
5126,893
2558,621
5980,1042
1599,388
1709,298
1919,466
7688,1339
2558,621
7688,1339
2878,698
855,149
1279,311
4271,744
640,156
6834,1190
1279,311
5126,893
3198,776
5126,893
3198,776
3417,595
640,156
1709,298
3198,776
8542,1488
960,233
8542,1488
320,78
3417,595
1279,311
855,149
2558,621
6834,1190
960,233
4271,744
320,78
8542,1488
3198,776
5980,1042
3198,776
7688,1339
320,78
2563,447
1919,466
1709,298
1279,311
7688,1339
960,233
855,149
1919,466
855,149
1279,311
6834,1190
2239,543
1709,298
2239,543
855,149
2878,698
1709,298
960,233
8542,1488
1279,311
8542,1488
1919,466
7688,1339
1919,466
3417,595
3198,776
5980,1042
1279,311
6834,1190
1599,388
5126,893
1279,311
4271,744
1919,466
855,149
1279,311
5126,893
640,156
8542,1488
2878,698
2563,447
320,78
3417,595
1279,311
855,149
3198,776
5980,1042
3198,776
6834,1190
1599,388
4271,744
960,233
2563,447
2239,543
855,149
320,78
2563,447
1279,311
8542,1488
1279,311
5980,1042
1279,311
5126,893
3198,776
3417,595
1279,311
855,149
1919,466
8542,1488
3198,776
4271,744
1599,388
5980,1042
2558,621
4271,744
2558,621
7688,1339
320,78
6834,1190
3198,776
6834,1190
1279,311
5126,893
1919,466
1709,298
1279,311
7688,1339
320,78
5980,1042
2878,698
6834,1190
2239,543
5980,1042
1599,388
1709,298
2558,621
855,149
2239,543
7688,1339
2878,698
5980,1042
640,156
6834,1190
2239,543
855,149
2558,621
2563,447
2878,698
5126,893
2878,698
855,149
1279,311
6834,1190
1599,388
5980,1042
640,156
1709,298
1919,466
6834,1190
2558,621
5126,893
320,78
5980,1042
2558,621
8542,1488
2878,698
1709,298
1919,466
6834,1190
320,78
4271,744
2878,698
855,149
1919,466
2563,447
640,156
4271,744
3198,776
5980,1042
2239,543
8542,1488
2878,698
3417,595
1919,466
3417,595
640,156
2563,447
1279,311
3417,595
320,78
6834,1190
320,78
3417,595
2558,621
5980,1042
1919,466
2563,447
2558,621
5980,1042
2239,543
4271,744
2878,698
5980,1042
3198,776
2563,447
3198,776
7688,1339
1919,466
2563,447
2558,621
8542,1488
1919,466
8542,1488
2558,621
8542,1488
3198,776
855,149
1279,311
5980,1042
1919,466
2563,447
3198,776
6834,1190
1919,466
855,149
320,78
5980,1042
960,233
8542,1488
1279,311
8542,1488
2239,543
3417,595
640,156
1709,298
1279,311
855,149
1599,388
4271,744
1919,466
3417,595
320,78
8542,1488
1279,311
7688,1339
960,233
2563,447
1599,388
5980,1042
2878,698
5126,893
320,78
2563,447
960,233
7688,1339
1919,466
5126,893
2239,543
5980,1042
320,78
4271,744
1919,466
5126,893
1279,311
4271,744
320,78
4271,744
1279,311
855,149
2239,543
4271,744
2558,621
5126,893
640,156
3417,595
1599,388
7688,1339
960,233
1709,298
1919,466
4271,744
320,78
5126,893
2878,698
1709,298
1919,466
6834,1190
1279,311
7688,1339
1279,311
5980,1042
960,233
6834,1190
320,78
6834,1190
1599,388
6834,1190
1279,311
3417,595
2878,698
2563,447
2239,543
3417,595
1919,466
8542,1488
1919,466
6834,1190
2558,621
5980,1042
3198,776
3417,595
1599,388
1709,298
2239,543
8542,1488
320,78
4271,744
320,78
2563,447
2239,543
5126,893
1279,311
4271,744
2239,543
8542,1488
1919,466
5126,893
2239,543
1709,298
1599,388
7688,1339
3198,776
8542,1488
320,78
2563,447
2239,543
4271,744
640,156
5126,893
1919,466
6834,1190
2558,621
5980,1042
640,156
4271,744
960,233
4271,744
2239,543
1709,298
640,156
4271,744
2558,621
2563,447
640,156
855,149
1279,311
3417,595
960,233
6834,1190
960,233
5126,893
2239,543
1709,298
2239,543
5980,1042
2878,698
5980,1042
1919,466
3417,595
1919,466
1709,298
640,156
5126,893
2239,543
2563,447
960,233
4271,744
960,233
4271,744
1919,466
5126,893
2558,621
3417,595
2878,698
4271,744
960,233
5126,893
960,233
5126,893
2239,543
2563,447
960,233
7688,1339
2878,698
5980,1042
2239,543
7688,1339
320,78
5126,893
320,78
1709,298
1279,311
3417,595
1919,466
7688,1339
1919,466
855,149
2239,543
8542,1488
2558,621
5126,893
2878,698
5126,893
3198,776
5980,1042
3198,776
5980,1042
320,78
7688,1339
320,78
8542,1488
1279,311
5126,893
2878,698
3417,595
640,156
1709,298
1279,311
3417,595
3198,776
3417,595
320,78
1709,298
1279,311
5126,893
2878,698
7688,1339
2558,621
8542,1488
3198,776
8542,1488
2558,621
5980,1042
2878,698
8542,1488
960,233
855,149
960,233
4271,744
1599,388
5126,893
3198,776
2563,447
2239,543
1709,298
1279,311
1709,298
320,78
5980,1042
640,156
1709,298
1599,388
7688,1339
640,156
1709,298
2878,698
3417,595
1919,466
5980,1042
1919,466
1709,298
2239,543
3417,595
640,156
6834,1190
1279,311
4271,744
640,156
7688,1339
960,233
2563,447
1279,311
3417,595
2239,543
855,149
320,78
5126,893
3198,776
5980,1042
2878,698
855,149
1919,466
2563,447
1599,388
5126,893
960,233
5126,893
320,78
6834,1190
320,78
5980,1042
1919,466
7688,1339
640,156
4271,744
2239,543
8542,1488
1599,388
8542,1488
640,156
8542,1488
2878,698
855,149
640,156
5126,893
320,78
5980,1042
2878,698
4271,744
2558,621
1709,298
960,233
8542,1488
2878,698
2563,447
1279,311
5126,893
3198,776
5980,1042
1279,311
8542,1488
1599,388
2563,447
320,78
7688,1339
1919,466
4271,744
1599,388
2563,447
1919,466
4271,744
1599,388
1709,298
320,78
1709,298
1599,388
2563,447
2239,543
8542,1488
960,233
2563,447
640,156
6834,1190
1919,466
2563,447
1279,311
8542,1488
960,233
6834,1190
1599,388
8542,1488
1599,388
2563,447
2558,621
2563,447
1279,311
5126,893
2239,543
7688,1339
1919,466
1709,298
3198,776
855,149
320,78
3417,595
2239,543
855,149
960,233
855,149
2558,621
3417,595
320,78
4271,744
1919,466
2563,447
1279,311
6834,1190
2558,621
3417,595
3198,776
8542,1488
320,78
5980,1042
2878,698
3417,595
2239,543
2563,447
3198,776
1709,298
640,156
8542,1488
2558,621
2563,447
960,233
855,149
2558,621
855,149
640,156
3417,595
1919,466
8542,1488
1919,466
2563,447
2878,698
7688,1339
3198,776
5980,1042
640,156
3417,595
1279,311
1709,298
2878,698
2563,447
320,78
6834,1190
2558,621
3417,595
960,233
5126,893
960,233
5980,1042
2558,621
5126,893
640,156
855,149
640,156
4271,744
1599,388
2563,447
640,156
7688,1339
1919,466
6834,1190
2878,698
1709,298
2239,543
6834,1190
2239,543
855,149
1919,466
5980,1042
1599,388
6834,1190
2239,543
5126,893
1919,466
2563,447
1599,388
7688,1339
2239,543
1709,298
1919,466
5980,1042
1279,311
4271,744
2558,621
1709,298
2878,698
4271,744
2878,698
5126,893
3198,776
1709,298
320,78
8542,1488
1279,311
2563,447
1599,388
1709,298
2239,543
4271,744
960,233
855,149
1279,311
2563,447
1599,388
6834,1190
2878,698
1709,298
3198,776
3417,595
2878,698
2563,447
2558,621
2563,447
960,233
3417,595
2878,698
5980,1042
1599,388
855,149
2239,543
855,149
2239,543
4271,744
1279,311
8542,1488
640,156
4271,744
1279,311
6834,1190
960,233
3417,595
320,78
4271,744
2878,698
8542,1488
1599,388
6834,1190
3198,776
8542,1488
320,78
3417,595
1279,311
1709,298
3198,776
7688,1339
3198,776
6834,1190
3198,776
7688,1339
3198,776
5980,1042
640,156
6834,1190
2558,621
2563,447
320,78
5980,1042
640,156
855,149
2558,621
5126,893
960,233
2563,447
1599,388
8542,1488
2239,543
5980,1042
640,156
6834,1190
2878,698
2563,447
2558,621
3417,595
640,156
6834,1190
640,156
5980,1042
1279,311
3417,595
1919,466
855,149
1599,388
855,149
960,233
2563,447
320,78
3417,595
960,233
6834,1190
2239,543
8542,1488
2558,621
3417,595
2239,543
1709,298
320,78
6834,1190
640,156
8542,1488
640,156
5126,893
2239,543
7688,1339
2239,543
6834,1190
1919,466
7688,1339
640,156
3417,595
2558,621
8542,1488
1919,466
5980,1042
960,233
1709,298
640,156
5126,893
2878,698
7688,1339
960,233
7688,1339
1279,311
1709,298
3198,776
5980,1042
1919,466
3417,595
1279,311
5126,893
1919,466
4271,744
1919,466
855,149
2239,543
7688,1339
320,78
2563,447
1599,388
5980,1042
3198,776
2563,447
1279,311
5980,1042
1599,388
2563,447
1919,466
3417,595
2558,621
8542,1488
3198,776
4271,744
2239,543
6834,1190
640,156
3417,595
960,233
855,149
3198,776
855,149
640,156
8542,1488
960,233
5980,1042
2558,621
5126,893
2239,543
5980,1042
960,233
6834,1190
2878,698
8542,1488
2558,621
6834,1190
960,233
3417,595
3198,776
4271,744
320,78
2563,447
960,233
5126,893
1599,388
6834,1190
960,233
7688,1339
320,78
4271,744
2558,621
5126,893
2558,621
1709,298
2239,543
3417,595
1599,388
7688,1339
2558,621
5126,893
2239,543
2563,447
2239,543
2563,447
3198,776
855,149
2239,543
5126,893
960,233
855,149
1599,388
8542,1488
2558,621
8542,1488
3198,776
3417,595
1279,311
4271,744
1919,466
855,149
960,233
5126,893
960,233
8542,1488
2239,543
855,149
3198,776
8542,1488
1599,388
855,149
3198,776
1709,298
640,156
5980,1042
2558,621
3417,595
1279,311
855,149
2239,543
855,149
320,78
5126,893
3198,776
7688,1339
1279,311
5980,1042
640,156
5126,893
320,78
8542,1488
2878,698
855,149
320,78
2563,447
3198,776
2563,447
2558,621
855,149
1919,466
8542,1488
1279,311
855,149
2878,698
6834,1190
320,78
2563,447
3198,776
5126,893
3198,776
855,149
2878,698
6834,1190
2239,543
7688,1339
3198,776
7688,1339
1599,388
4271,744
2558,621
1709,298
640,156
855,149
1599,388
3417,595
3198,776
3417,595
640,156
8542,1488
320,78
1709,298
2239,543
5980,1042
960,233
4271,744
3198,776
1709,298
2239,543
3417,595
2878,698
5126,893
1919,466
855,149
2239,543
7688,1339
1279,311
5126,893
3198,776
7688,1339
320,78
5126,893
1279,311
5126,893
1599,388
1709,298
2558,621
5126,893
320,78
1709,298
1599,388
2563,447
2239,543
8542,1488
2239,543
6834,1190
2878,698
855,149
960,233
3417,595
3198,776
2563,447
2239,543
5126,893
1919,466
6834,1190
960,233
4271,744
2239,543
1709,298
2878,698
2563,447
1599,388
5126,893
960,233
3417,595
1599,388
1709,298
320,78
6834,1190
1599,388
4271,744
960,233
8542,1488
960,233
6834,1190
1599,388
8542,1488
1599,388
5980,1042
2239,543
3417,595
2239,543
5980,1042
640,156
3417,595
2239,543
5980,1042
640,156
8542,1488
960,233
5126,893
320,78
7688,1339
3198,776
4271,744
640,156
5126,893
3198,776
2563,447
1599,388
7688,1339
320,78
3417,595
960,233
5126,893
2239,543
855,149
2878,698
7688,1339
3198,776
8542,1488
640,156
3417,595
2878,698
7688,1339
1279,311
6834,1190
1599,388
855,149
1599,388
7688,1339
320,78
5980,1042
1279,311
5980,1042
3198,776
5980,1042
1279,311
855,149
1599,388
8542,1488
640,156
8542,1488
1279,311
4271,744
960,233
855,149
320,78
4271,744
3198,776
1709,298
2558,621
855,149
2878,698
8542,1488
1919,466
8542,1488
1599,388
5980,1042
1919,466
7688,1339
640,156
4271,744
1599,388
7688,1339
640,156
5980,1042
2878,698
5980,1042
2878,698
5980,1042
2239,543
7688,1339
960,233
2563,447
1599,388
8542,1488
1599,388
5980,1042
2878,698
5126,893
1279,311
7688,1339
2878,698
5126,893
2558,621
4271,744
640,156
8542,1488
2878,698
7688,1339
1279,311
855,149
1279,311
4271,744
640,156
3417,595
1599,388
1709,298
2878,698
1709,298
960,233
7688,1339
2878,698
3417,595
1599,388
5126,893
640,156
1709,298
1599,388
6834,1190
1279,311
8542,1488
1279,311
7688,1339
3198,776
855,149
2878,698
5126,893
1279,311
6834,1190
2239,543
5126,893
1279,311
5980,1042
640,156
1709,298
320,78
1709,298
1599,388
1709,298
960,233
5126,893
1599,388
5126,893
960,233
4271,744
2239,543
4271,744
2878,698
5126,893
2239,543
1709,298
1599,388
3417,595
960,233
8542,1488
960,233
3417,595
2878,698
2563,447
640,156
8542,1488
960,233
6834,1190
960,233
1709,298
1919,466
855,149
1279,311
6834,1190
960,233
6834,1190
640,156
2563,447
640,156
8542,1488
640,156
7688,1339
640,156
6834,1190
320,78
6834,1190
3198,776
7688,1339
1599,388
6834,1190
1599,388
3417,595
320,78
5126,893
3198,776
8542,1488
320,78
1709,298
1919,466
5980,1042
2878,698
3417,595
3198,776
7688,1339
2558,621
3417,595
1599,388
855,149
960,233
7688,1339
2239,543
2563,447
320,78
1709,298
1279,311
8542,1488
2878,698
1709,298
2558,621
5126,893
3198,776
8542,1488
1599,388
5980,1042
1919,466
7688,1339
320,78
7688,1339
320,78
855,149
640,156
4271,744
2239,543
5980,1042
2878,698
6834,1190
2558,621
4271,744
640,156
4271,744
960,233
6834,1190
2878,698
2563,447
2558,621
8542,1488
640,156
8542,1488
2558,621
2563,447
320,78
7688,1339
3198,776
8542,1488
960,233
1709,298
1919,466
855,149
1599,388
1709,298
2558,621
3417,595
2558,621
8542,1488
960,233
2563,447
3198,776
6834,1190
1919,466
2563,447
1279,311
1709,298
3198,776
2563,447
2878,698
2563,447
3198,776
8542,1488
2558,621
4271,744
2878,698
2563,447
1279,311
3417,595
960,233
5126,893
320,78
7688,1339
320,78
4271,744
1279,311
1709,298
1919,466
855,149
2878,698
8542,1488
320,78
2563,447
640,156
4271,744
1599,388
5980,1042
640,156
6834,1190
1919,466
2563,447
2878,698
7688,1339
2878,698
8542,1488
2558,621
5126,893
2878,698
4271,744
2239,543
8542,1488
640,156
4271,744
2239,543
8542,1488
960,233
3417,595
2239,543
4271,744
960,233
1709,298
1919,466
5126,893
2239,543
5980,1042
960,233
6834,1190
1279,311
5980,1042
1919,466
3417,595
1599,388
8542,1488
1599,388
1709,298
1919,466
7688,1339
3198,776
2563,447
2878,698
5126,893
640,156
8542,1488
2878,698
5980,1042
2239,543
2563,447
2558,621
2563,447
640,156
4271,744
2239,543
5126,893
2878,698
8542,1488
1279,311
5980,1042
960,233
4271,744
2239,543
5126,893
1279,311
6834,1190
640,156
8542,1488
640,156
7688,1339
1919,466
5980,1042
3198,776
1709,298
320,78
5126,893
2558,621
7688,1339
2878,698
4271,744
3198,776
2563,447
2558,621
5126,893
640,156
7688,1339
2239,543
1709,298
1919,466
1709,298
1279,311
3417,595
2239,543
855,149
1919,466
855,149
960,233
7688,1339
640,156
5980,1042
640,156
7688,1339
960,233
1709,298
2558,621
8542,1488
2878,698
6834,1190
2878,698
2563,447
960,233
1709,298
640,156
8542,1488
2558,621
8542,1488
1279,311
3417,595
960,233
4271,744
1599,388
5980,1042
1599,388
6834,1190
1599,388
8542,1488
2558,621
4271,744
320,78
5126,893
960,233
6834,1190
320,78
4271,744
640,156
5980,1042
3198,776
3417,595
960,233
2563,447
2239,543
5126,893
1599,388
1709,298
640,156
6834,1190
2558,621
7688,1339
2878,698
7688,1339
960,233
8542,1488
320,78
855,149
2558,621
5980,1042
1279,311
3417,595
640,156
7688,1339
3198,776
3417,595
1919,466
1709,298
3198,776
3417,595
1279,311
1556420
760351
557928
21180
378992
242767
569129
480392
418686
309111
84639
6019
232488
135679
127301
58360
94236
51021
92040
20766
35095
15720
13818
46169
37372
8911
3589
3843
12587
7240
17914
16576
19771
6080
6026
12878
9681
7290
5713
2855
382
2166
325
2851
1743
1217
672
736
716
82
834
472
254
515
139
83
343
262
146
66
6
88
36
74
92
39
13
5
50
27
22
26
20
4
0
13
3
15
10
1
4
7
0
0
0
5
4
3
1
0
2
3
0
1
0
1
0
1
0
0
0
0
1
1
1
0
0
0
0
0
0
0
0
0
0
0
0
0
0
0
0
0
0
0
0
0
0
0
0
0
0
0
0
0
0
0
0
0
0
0
0
0
0
0
0
0
0
0
0
0
0
0
0
0
0
0
0
0
0
0
0
0
0
0
0
0
0
0
0
0
0
0
0
0
0
0
0
0
0
0
0
0
0
0
0
0
0
0
0
0
0
0
0
0
0
0
0
0
0
0
0
0
0
0
0
0
0
0
0
0
0
0
0
0
0
0
0
0
0
0
0
0
0
0
0
0
0
0
0
0
0
0
0
0
0
0
0
0
0
0
0
0
0
0
0
0
0
0
0
0
0
0
0
0
0
0
0
0
0
0
0
0
0
0
0
0
0
0
0
0
0
0
0
0
0
0
0
0
0
0
0
0
0
0
0
0
0
0
0
0
0
0
0
0
0
0
0
0
0
0
0
0
0
0
0
0
0
0
0
0
0
0
0
0
0
0
0
0
0
0
0
0
0
0
0
0
0
0
0
0
0
0
0
0
0
0
0
0
0
0
0
0
0
0
0
0
0
0
0
0
0
0
0
0
0
0
0
0
0
0
0
0
0
0
0
0
0
0
0
0
0
0
0
0
0
0
0
0
0
0
0
0
0
0
0
0
0
0
0
0
0
0
0
0
0
0
0
0
0
0
0
0
0
0
0
0
0
0
0
0
0
0
0
0
0
0
0
0
0
0
0
0
0
0
0
0
0
0
0
0
0
0
0
0
0
0
0
0
0
0
0
0
0
0
0
0
0
0
0
0
0
0
0
0
0
0
0
0
0
0
0
0
0
0
0
0
0
0
0
0
0
0
0
0
0
0
0
0
0
0
0
0
0
0
0
0
0
0
0
0
0
0
0
0
0
0
0
0
0
0
0
0
0
0
0
0
0
0
0
0
0
0
0
0
0
0
0
0
0
0
0
0
0
0
0
0
0
0
0
0
0
0
0
0
0
0
0
0
0
0
0
0
0
0
0
0
0
0
0
0
0
0
0
0
0
0
0
0
0
0
0
0
0
0
0
0
0
0
0
0
0
0
0
0
0
0
0
0
0
0
0
0
0
0
0
0
0
0
0
0
0
0
0
0
0
0
0
0
0
0
0
0
0
0
0
0
0
0
0
0
0
0
0
0
0
0
0
0
0
0
0
0
0
0
0
0
0
0
0
0
0
0
0
0
0
0
0
0
0
0
0
0
0
0
0
0
0
0
0
0
0
0
0
0
0
0
0
0
0
0
0
0
0
0
0
0
0
0
0
0
0
0
0
0
0
0
0
0
0
0
0
0
0
0
0
0
0
0
0
0
0
0
0
0
0
0
0
0
0
0
0
0
0
0
0
0
0
0
0
0
0
0
0
0
0
0
0
0
0
0
0
0
0
0
0
0
0
0
0
0
0
0
0
0
0
0
0
0
0
0
0
0
0
0
0
0
0
0
0
0
0
0
0
0
0
0
0
0
0
0
0
0
0
0
0
0
0
0
0
0
0
0
0
0
0
0
0
0
0
0
0
0
0
0
0
0
0
0
0
0
0
0
0
0
0
0
0
0
0
0
