4233,758
655,134
4938,884
1745,356
1411,253
1309,267
6349,1137
1527,312
1411,253
1963,401
1411,253
1091,223
2822,506
655,134
4233,758
655,134
4938,884
1963,401
4938,884
1091,223
706,127
2181,445
5643,1011
219,45
7054,1263
1745,356
4938,884
219,45
2822,506
219,45
5643,1011
1963,401
2117,379
219,45
706,127
1091,223
4233,758
1745,356
7054,1263
437,89
7054,1263
1091,223
4938,884
655,134
3527,632
1963,401
3527,632
1091,223
5643,1011
1091,223
6349,1137
219,45
4938,884
1527,312
1411,253
437,89
6349,1137
1091,223
706,127
1745,356
7054,1263
2181,445
2117,379
437,89
3527,632
1309,267
6349,1137
1963,401
706,127
1745,356
3527,632
437,89
6349,1137
2181,445
706,127
1745,356
2117,379
1963,401
7054,1263
1745,356
6349,1137
1527,312
6349,1137
2181,445
706,127
873,178
1411,253
655,134
7054,1263
873,178
706,127
1309,267
1411,253
1745,356
5643,1011
1963,401
4233,758
1309,267
1411,253
655,134
2117,379
1745,356
5643,1011
1963,401
5643,1011
1745,356
2822,506
437,89
6349,1137
873,178
2117,379
655,134
1411,253
437,89
4938,884
2181,445
4938,884
1309,267
1411,253
1963,401
6349,1137
1745,356
4233,758
2181,445
2117,379
655,134
2117,379
655,134
1411,253
1963,401
4233,758
655,134
2822,506
655,134
1411,253
1309,267
1411,253
655,134
3527,632
655,134
3527,632
1745,356
7054,1263
873,178
1411,253
1963,401
2822,506
2181,445
3527,632
437,89
706,127
437,89
706,127
1745,356
5643,1011
1745,356
5643,1011
1745,356
2822,506
1309,267
4938,884
1309,267
4938,884
219,45
7054,1263
873,178
6349,1137
873,178
4938,884
437,89
5643,1011
655,134
2822,506
1963,401
706,127
1091,223
7054,1263
655,134
4938,884
1527,312
3527,632
219,45
7054,1263
655,134
4233,758
655,134
2822,506
219,45
3527,632
1309,267
6349,1137
1963,401
4938,884
873,178
2822,506
437,89
6349,1137
873,178
3527,632
2181,445
2117,379
1745,356
6349,1137
655,134
4233,758
655,134
7054,1263
1527,312
4233,758
1963,401
2117,379
1527,312
706,127
437,89
2117,379
655,134
2117,379
655,134
706,127
1309,267
1411,253
2181,445
706,127
1527,312
706,127
873,178
6349,1137
1091,223
4938,884
219,45
706,127
1745,356
6349,1137
1963,401
1411,253
219,45
1411,253
1745,356
6349,1137
1745,356
6349,1137
437,89
4938,884
1527,312
706,127
219,45
1411,253
1527,312
5643,1011
1091,223
6349,1137
437,89
7054,1263
437,89
1411,253
1527,312
706,127
655,134
706,127
1309,267
2822,506
2181,445
706,127
1309,267
2822,506
873,178
4938,884
2181,445
4233,758
655,134
4938,884
655,134
4233,758
1963,401
2822,506
2181,445
3527,632
1745,356
2822,506
437,89
2822,506
873,178
4938,884
1527,312
706,127
1963,401
6349,1137
655,134
5643,1011
437,89
1411,253
219,45
706,127
1963,401
6349,1137
219,45
2822,506
1745,356
706,127
1527,312
4938,884
1091,223
1411,253
1091,223
5643,1011
1745,356
706,127
437,89
1411,253
1527,312
4233,758
655,134
4233,758
437,89
1411,253
1745,356
2822,506
873,178
4233,758
219,45
1411,253
1091,223
4938,884
1309,267
1411,253
873,178
1411,253
1091,223
6349,1137
1745,356
1411,253
219,45
4233,758
1745,356
2822,506
2181,445
1411,253
1963,401
706,127
873,178
7054,1263
655,134
3527,632
655,134
5643,1011
873,178
706,127
1091,223
2117,379
655,134
3527,632
1527,312
7054,1263
219,45
6349,1137
1527,312
706,127
1309,267
4938,884
219,45
2117,379
1745,356
706,127
873,178
2822,506
1527,312
1411,253
1091,223
2822,506
437,89
7054,1263
1091,223
4938,884
873,178
2117,379
219,45
2822,506
1309,267
7054,1263
437,89
6349,1137
1745,356
5643,1011
655,134
2117,379
1745,356
2117,379
219,45
4938,884
2181,445
706,127
1091,223
2117,379
1309,267
4938,884
873,178
7054,1263
1527,312
7054,1263
1527,312
7054,1263
219,45
2822,506
219,45
706,127
655,134
4233,758
1309,267
4938,884
2181,445
2822,506
219,45
2117,379
1091,223
4938,884
1309,267
2117,379
1527,312
2822,506
1309,267
2822,506
1745,356
5643,1011
1963,401
2117,379
219,45
4233,758
1309,267
4938,884
1527,312
706,127
219,45
4233,758
655,134
6349,1137
219,45
5643,1011
437,89
706,127
437,89
5643,1011
1091,223
6349,1137
1527,312
6349,1137
873,178
2117,379
2181,445
3527,632
219,45
3527,632
437,89
4233,758
655,134
706,127
219,45
3527,632
1091,223
6349,1137
1745,356
5643,1011
219,45
3527,632
2181,445
2822,506
2181,445
3527,632
1963,401
2117,379
1527,312
7054,1263
873,178
2117,379
873,178
2822,506
873,178
4233,758
1527,312
6349,1137
219,45
7054,1263
1309,267
3527,632
219,45
2822,506
1963,401
3527,632
1527,312
706,127
1527,312
2117,379
1963,401
4938,884
1527,312
5643,1011
873,178
4233,758
1745,356
4233,758
219,45
6349,1137
2181,445
2117,379
2181,445
2117,379
873,178
2117,379
2181,445
5643,1011
219,45
2117,379
1527,312
6349,1137
1091,223
706,127
1963,401
7054,1263
1091,223
3527,632
1309,267
1411,253
2181,445
1411,253
1527,312
4938,884
2181,445
7054,1263
655,134
2117,379
219,45
3527,632
1309,267
7054,1263
2181,445
4233,758
1309,267
6349,1137
1963,401
7054,1263
1091,223
3527,632
655,134
3527,632
655,134
5643,1011
437,89
2117,379
219,45
6349,1137
1527,312
5643,1011
437,89
2117,379
1091,223
5643,1011
655,134
7054,1263
437,89
3527,632
1527,312
2822,506
1963,401
4233,758
1527,312
2117,379
2181,445
706,127
1963,401
7054,1263
2181,445
4938,884
1527,312
3527,632
1745,356
5643,1011
1963,401
5643,1011
1309,267
2822,506
1745,356
7054,1263
1963,401
3527,632
1745,356
7054,1263
873,178
3527,632
437,89
2117,379
655,134
7054,1263
1309,267
706,127
873,178
1411,253
437,89
7054,1263
873,178
2822,506
1309,267
5643,1011
437,89
2117,379
219,45
2822,506
1309,267
2117,379
2181,445
2117,379
2181,445
5643,1011
437,89
7054,1263
219,45
6349,1137
1963,401
1411,253
1963,401
6349,1137
1091,223
7054,1263
1963,401
3527,632
219,45
4233,758
1309,267
5643,1011
437,89
4233,758
219,45
5643,1011
1745,356
706,127
1963,401
706,127
1527,312
3527,632
219,45
3527,632
1309,267
4233,758
873,178
4938,884
1091,223
1411,253
1527,312
4233,758
655,134
4233,758
219,45
706,127
1527,312
7054,1263
873,178
3527,632
1091,223
4938,884
873,178
6349,1137
219,45
7054,1263
1745,356
2117,379
219,45
1411,253
873,178
3527,632
1309,267
4233,758
437,89
706,127
1091,223
2117,379
219,45
6349,1137
1527,312
706,127
1091,223
4233,758
1309,267
5643,1011
1745,356
6349,1137
1963,401
706,127
1091,223
1411,253
1309,267
3527,632
437,89
6349,1137
1091,223
6349,1137
1745,356
2117,379
1527,312
2117,379
873,178
6349,1137
2181,445
4233,758
1091,223
3527,632
1309,267
6349,1137
1745,356
4938,884
437,89
706,127
1745,356
1411,253
219,45
1411,253
437,89
5643,1011
1745,356
7054,1263
655,134
6349,1137
1527,312
1411,253
655,134
1411,253
655,134
5643,1011
1527,312
2117,379
2181,445
6349,1137
655,134
4938,884
219,45
2117,379
2181,445
4233,758
1527,312
6349,1137
437,89
3527,632
219,45
1411,253
1309,267
2117,379
219,45
5643,1011
1963,401
5643,1011
1963,401
1411,253
1527,312
2117,379
2181,445
706,127
1091,223
5643,1011
2181,445
2117,379
1527,312
2117,379
1745,356
4938,884
2181,445
2822,506
437,89
5643,1011
655,134
1411,253
1091,223
1411,253
1091,223
5643,1011
1309,267
4233,758
1527,312
2117,379
219,45
2117,379
219,45
4938,884
1745,356
7054,1263
1745,356
5643,1011
873,178
706,127
1745,356
2822,506
1091,223
6349,1137
437,89
6349,1137
219,45
706,127
1745,356
1411,253
1963,401
1411,253
1309,267
6349,1137
1527,312
6349,1137
1745,356
1411,253
1091,223
706,127
1527,312
6349,1137
1963,401
3527,632
1745,356
706,127
1309,267
4938,884
1527,312
1411,253
2181,445
1411,253
2181,445
5643,1011
1091,223
2117,379
655,134
7054,1263
2181,445
2822,506
1091,223
1411,253
437,89
1411,253
655,134
5643,1011
1527,312
7054,1263
437,89
3527,632
437,89
6349,1137
1091,223
6349,1137
1963,401
4938,884
873,178
2117,379
2181,445
2822,506
655,134
5643,1011
1309,267
7054,1263
1091,223
2822,506
873,178
706,127
437,89
4938,884
873,178
1411,253
2181,445
4233,758
1527,312
4233,758
1527,312
6349,1137
2181,445
7054,1263
219,45
6349,1137
1745,356
2822,506
437,89
7054,1263
1745,356
7054,1263
1091,223
706,127
219,45
4233,758
655,134
7054,1263
1745,356
706,127
1745,356
1411,253
655,134
7054,1263
1091,223
1411,253
655,134
2822,506
2181,445
5643,1011
219,45
3527,632
2181,445
706,127
655,134
1411,253
2181,445
6349,1137
2181,445
7054,1263
1091,223
706,127
219,45
5643,1011
873,178
5643,1011
1527,312
2117,379
1309,267
4938,884
1091,223
2822,506
1309,267
5643,1011
2181,445
2117,379
1963,401
6349,1137
219,45
2822,506
1745,356
6349,1137
873,178
1411,253
1745,356
2822,506
1527,312
1411,253
1309,267
706,127
437,89
2822,506
219,45
2822,506
873,178
6349,1137
655,134
2822,506
655,134
3527,632
2181,445
2117,379
873,178
3527,632
655,134
2822,506
1963,401
6349,1137
1527,312
5643,1011
655,134
6349,1137
1745,356
2117,379
437,89
1411,253
1091,223
706,127
437,89
4233,758
655,134
5643,1011
219,45
1411,253
1091,223
706,127
1091,223
3527,632
1309,267
4938,884
873,178
4233,758
1527,312
7054,1263
1963,401
6349,1137
1745,356
2822,506
873,178
4938,884
655,134
5643,1011
1091,223
4938,884
219,45
4233,758
1745,356
4938,884
1963,401
4233,758
437,89
4233,758
873,178
2822,506
1745,356
3527,632
2181,445
2822,506
1309,267
4938,884
1527,312
4233,758
1309,267
6349,1137
437,89
6349,1137
1527,312
4938,884
437,89
3527,632
1091,223
3527,632
1963,401
2822,506
1963,401
1411,253
655,134
6349,1137
2181,445
2822,506
1963,401
2117,379
1091,223
5643,1011
873,178
1411,253
219,45
7054,1263
2181,445
5643,1011
1091,223
706,127
437,89
4233,758
437,89
6349,1137
219,45
4233,758
2181,445
5643,1011
2181,445
4233,758
1745,356
6349,1137
1527,312
706,127
219,45
5643,1011
437,89
4938,884
1527,312
1411,253
1091,223
4938,884
437,89
4938,884
1091,223
7054,1263
1963,401
5643,1011
2181,445
2822,506
873,178
5643,1011
1963,401
4938,884
437,89
706,127
1527,312
4938,884
873,178
5643,1011
873,178
4233,758
1309,267
1411,253
2181,445
7054,1263
655,134
2822,506
1963,401
2822,506
1745,356
3527,632
1091,223
4938,884
873,178
5643,1011
1963,401
1411,253
873,178
4233,758
1745,356
7054,1263
437,89
4233,758
1963,401
3527,632
219,45
6349,1137
2181,445
4938,884
1309,267
2822,506
1745,356
2822,506
655,134
706,127
873,178
3527,632
873,178
3527,632
2181,445
2117,379
437,89
7054,1263
1745,356
706,127
1963,401
706,127
219,45
4233,758
873,178
5643,1011
1091,223
7054,1263
219,45
4233,758
1309,267
5643,1011
1091,223
4233,758
1309,267
6349,1137
655,134
1411,253
1527,312
5643,1011
219,45
6349,1137
2181,445
5643,1011
1963,401
5643,1011
2181,445
706,127
1527,312
2117,379
2181,445
3527,632
1745,356
1411,253
873,178
706,127
2181,445
7054,1263
1527,312
6349,1137
1309,267
6349,1137
873,178
2117,379
1745,356
1411,253
219,45
6349,1137
873,178
2117,379
1963,401
4233,758
437,89
1411,253
437,89
2117,379
219,45
2117,379
873,178
7054,1263
437,89
4938,884
219,45
2822,506
1527,312
7054,1263
1527,312
4233,758
1745,356
5643,1011
1963,401
4233,758
2181,445
4938,884
219,45
706,127
873,178
5643,1011
219,45
2117,379
1309,267
1411,253
1309,267
6349,1137
437,89
4233,758
1745,356
4938,884
873,178
3527,632
219,45
4233,758
2181,445
6349,1137
2181,445
706,127
1527,312
2822,506
1091,223
3527,632
1091,223
7054,1263
2181,445
5643,1011
219,45
2822,506
1963,401
2822,506
873,178
1411,253
1963,401
5643,1011
1963,401
7054,1263
1309,267
2822,506
1091,223
1411,253
1963,401
3527,632
219,45
3527,632
1091,223
2822,506
873,178
2822,506
655,134
2117,379
1527,312
2822,506
1745,356
2822,506
1091,223
7054,1263
437,89
4938,884
1309,267
4233,758
1963,401
7054,1263
1309,267
706,127
437,89
4233,758
873,178
4938,884
873,178
2822,506
655,134
5643,1011
1963,401
706,127
1091,223
706,127
873,178
3527,632
655,134
7054,1263
2181,445
5643,1011
219,45
5643,1011
1745,356
706,127
1527,312
7054,1263
2181,445
2822,506
219,45
4233,758
219,45
706,127
1963,401
3527,632
1745,356
2822,506
1527,312
4233,758
1309,267
5643,1011
219,45
7054,1263
437,89
6349,1137
219,45
706,127
1963,401
1411,253
437,89
5643,1011
873,178
5643,1011
873,178
6349,1137
1527,312
2117,379
1309,267
3527,632
2181,445
4938,884
437,89
3527,632
1527,312
706,127
1745,356
6349,1137
219,45
706,127
219,45
2822,506
1745,356
5643,1011
1527,312
5643,1011
219,45
1411,253
655,134
4233,758
873,178
706,127
1963,401
706,127
1527,312
3527,632
1309,267
4233,758
437,89
4233,758
1963,401
1411,253
1309,267
1411,253
1527,312
1411,253
437,89
7054,1263
1091,223
4938,884
1527,312
3527,632
1527,312
5643,1011
1309,267
5643,1011
873,178
1411,253
1745,356
5643,1011
1527,312
1411,253
219,45
706,127
1091,223
2117,379
655,134
4233,758
2181,445
7054,1263
219,45
3527,632
2181,445
1411,253
1309,267
4233,758
1745,356
3527,632
219,45
5643,1011
1091,223
706,127
1963,401
1411,253
437,89
4938,884
1527,312
5643,1011
1091,223
4938,884
1527,312
4938,884
2181,445
5643,1011
1527,312
2822,506
2181,445
7054,1263
873,178
2822,506
2181,445
1411,253
873,178
2117,379
2181,445
4938,884
2181,445
7054,1263
873,178
5643,1011
219,45
4938,884
1745,356
2117,379
1091,223
706,127
1963,401
7054,1263
219,45
7054,1263
655,134
2117,379
219,45
6349,1137
873,178
706,127
2181,445
4233,758
1309,267
2117,379
2181,445
5643,1011
2181,445
5643,1011
1745,356
706,127
1527,312
6349,1137
437,89
2117,379
437,89
4938,884
1091,223
4233,758
1309,267
4233,758
873,178
4233,758
1309,267
1411,253
655,134
706,127
1309,267
706,127
1527,312
2117,379
1745,356
7054,1263
873,178
4938,884
1527,312
7054,1263
1963,401
2117,379
1091,223
5643,1011
655,134
3527,632
437,89
2822,506
1745,356
5643,1011
1745,356
5643,1011
1527,312
706,127
219,45
1411,253
1963,401
7054,1263
219,45
4938,884
1091,223
6349,1137
1527,312
7054,1263
873,178
2822,506
437,89
7054,1263
219,45
7054,1263
1963,401
3527,632
655,134
706,127
437,89
5643,1011
1745,356
4233,758
1309,267
706,127
437,89
1411,253
437,89
2822,506
437,89
1411,253
1527,312
6349,1137
655,134
4938,884
1963,401
3527,632
437,89
4938,884
1527,312
2822,506
2181,445
2822,506
219,45
2117,379
1309,267
2822,506
437,89
3527,632
1527,312
7054,1263
1963,401
7054,1263
1527,312
5643,1011
2181,445
4233,758
437,89
2117,379
219,45
5643,1011
1527,312
4938,884
2181,445
2822,506
437,89
2117,379
873,178
4233,758
219,45
4938,884
1963,401
2822,506
1527,312
3527,632
1091,223
6349,1137
2181,445
3527,632
655,134
4233,758
1527,312
706,127
437,89
1411,253
655,134
4938,884
219,45
5643,1011
2181,445
4233,758
655,134
5643,1011
2181,445
1411,253
1963,401
706,127
1527,312
3527,632
1527,312
2117,379
437,89
7054,1263
2181,445
7054,1263
437,89
4938,884
1091,223
3527,632
2181,445
3527,632
2181,445
6349,1137
1309,267
2822,506
1309,267
2822,506
2181,445
4233,758
437,89
4938,884
219,45
5643,1011
1963,401
706,127
655,134
7054,1263
2181,445
7054,1263
2181,445
4233,758
873,178
7054,1263
655,134
5643,1011
437,89
5643,1011
1309,267
3527,632
1309,267
7054,1263
2181,445
2822,506
1091,223
3527,632
219,45
706,127
1091,223
2117,379
437,89
5643,1011
1963,401
4233,758
2181,445
3527,632
1745,356
706,127
2181,445
2117,379
2181,445
3527,632
1745,356
1411,253
1309,267
7054,1263
1527,312
6349,1137
873,178
5643,1011
655,134
5643,1011
873,178
706,127
655,134
6349,1137
437,89
6349,1137
1745,356
2117,379
2181,445
5643,1011
1309,267
3527,632
1527,312
4233,758
219,45
1411,253
873,178
7054,1263
873,178
5643,1011
1091,223
5643,1011
1527,312
5643,1011
219,45
3527,632
1745,356
7054,1263
1527,312
706,127
1745,356
2117,379
1309,267
3527,632
219,45
5643,1011
655,134
2822,506
437,89
5643,1011
1963,401
4938,884
437,89
4233,758
1309,267
2117,379
1091,223
3527,632
1091,223
2117,379
1091,223
7054,1263
873,178
5643,1011
1963,401
4938,884
219,45
5643,1011
219,45
706,127
655,134
1411,253
1091,223
4233,758
1527,312
706,127
1963,401
4233,758
1527,312
3527,632
1963,401
1411,253
1963,401
4233,758
1963,401
6349,1137
219,45
2117,379
2181,445
4938,884
1745,356
3527,632
1745,356
5643,1011
1091,223
2822,506
219,45
2117,379
1091,223
706,127
1745,356
2117,379
655,134
2117,379
219,45
5643,1011
1309,267
7054,1263
1963,401
2822,506
1309,267
1411,253
1527,312
5643,1011
219,45
4233,758
1527,312
3527,632
1745,356
3527,632
2181,445
7054,1263
437,89
4233,758
1091,223
706,127
437,89
1411,253
655,134
6349,1137
873,178
706,127
1309,267
1411,253
1527,312
4938,884
1309,267
2822,506
873,178
5643,1011
1091,223
3527,632
1745,356
6349,1137
1091,223
6349,1137
1527,312
4233,758
219,45
706,127
1309,267
5643,1011
2181,445
7054,1263
2181,445
2117,379
1309,267
6349,1137
437,89
2822,506
1527,312
1411,253
873,178
4233,758
1745,356
6349,1137
1309,267
6349,1137
873,178
3527,632
1963,401
1411,253
1091,223
5643,1011
1527,312
706,127
1091,223
706,127
1963,401
6349,1137
655,134
5643,1011
1963,401
706,127
437,89
5643,1011
1745,356
2822,506
1091,223
4233,758
1309,267
706,127
873,178
4233,758
219,45
4938,884
1745,356
7054,1263
2181,445
7054,1263
437,89
706,127
2181,445
7054,1263
873,178
2117,379
1745,356
706,127
1309,267
4233,758
2181,445
2822,506
1963,401
4938,884
219,45
2117,379
1527,312
4938,884
437,89
2822,506
1091,223
4938,884
1745,356
2117,379
1309,267
7054,1263
437,89
1411,253
2181,445
1411,253
1309,267
2117,379
2181,445
4233,758
219,45
3527,632
1091,223
5643,1011
219,45
706,127
2181,445
2117,379
655,134
1411,253
2181,445
7054,1263
1745,356
1411,253
655,134
5643,1011
437,89
4938,884
655,134
706,127
1745,356
2822,506
219,45
6349,1137
1963,401
7054,1263
2181,445
1411,253
1745,356
2117,379
873,178
1411,253
1091,223
4233,758
873,178
2117,379
219,45
4233,758
655,134
2117,379
655,134
1411,253
1091,223
2117,379
1091,223
3527,632
1309,267
3527,632
655,134
1411,253
655,134
706,127
1745,356
2822,506
437,89
7054,1263
1527,312
5643,1011
1745,356
2117,379
1091,223
7054,1263
1745,356
3527,632
2181,445
5643,1011
219,45
2117,379
219,45
2117,379
873,178
2822,506
1309,267
3527,632
219,45
4938,884
655,134
1411,253
655,134
4938,884
873,178
6349,1137
873,178
5643,1011
1527,312
7054,1263
219,45
7054,1263
1745,356
4233,758
1091,223
4233,758
1745,356
2822,506
2181,445
2117,379
1309,267
4233,758
873,178
7054,1263
873,178
4233,758
873,178
7054,1263
1745,356
2822,506
437,89
1411,253
873,178
5643,1011
1745,356
1411,253
2181,445
6349,1137
2181,445
4233,758
1745,356
4233,758
1963,401
1411,253
1963,401
16998
4709
23037
17753
14321
17621
13728
1947
3116
12677
3316
3693
22300
11613
15298
15097
20468
11045
8825
1677
16186
11800
8426
14077
10078
883
19857
8112
2377
1897
6274
10981
17012
4704
6300
15080
17078
17453
18276
20249
12555
18846
3664
5956
3047
4015
10798
18866
13786
10180
22291
17844
14414
3172
1317
21554
404
5616
15577
10689
14377
11548
17681
11026
2979
11724
12573
10418
14532
12777
2340
4397
14860
11418
20823
2112
20354
3444
13875
19518
12325
1095
1540
6132
11060
8925
7779
260
18792
5777
18267
3958
2192
7972
15307
4058
458
6329
4173
1163
15858
19821
6019
4087
13382
16231
14480
11129
5834
471
16281
5596
4354
15642
197
1327
3210
15879
15597
3954
13916
16930
8610
11894
16295
14901
8528
4085
18554
14606
4538
15161
16736
13824
13037
13724
11980
14788
9175
15186
980
10773
5656
1022
11754
17608
975
3674
13142
12661
11563
10223
16809
5877
14330
5334
10942
5677
14645
7664
1712
8540
10253
14553
4452
6876
1270
13096
8864
10555
1453
3132
15555
3289
382
1440
10488
8255
8157
13247
13190
5730
2372
3620
13451
6591
12908
2854
2114
5662
4408
7095
12905
9593
113
12476
14399
1622
3843
6285
11097
2170
12621
10900
10377
7282
4142
14593
1367
14442
7765
4860
13670
6930
5137
13533
12609
2738
1658
14474
5345
13151
13579
11309
771
12054
6284
919
889
8391
8763
11709
6870
6754
5357
360
9616
10475
5194
12775
2214
1784
4018
9154
7514
8754
3383
1271
10138
10202
8721
5898
8139
10541
5450
13023
9134
3049
11160
5576
7031
10879
5106
7843
12129
1388
2600
5436
3980
7216
3351
6404
6588
5623
6404
10803
11223
3028
12216
4118
10214
10191
6395
6278
7793
2199
8626
2365
8829
8404
4884
6640
2524
8297
10539
7312
844
18
11116
4680
5207
9376
1356
2567
29
8794
2723
7393
10896
3278
2542
5128
5657
3766
932
5704
11015
2813
2790
9918
9644
8565
10792
7704
9872
4024
4701
416
5625
1837
723
8150
6582
6883
2246
70
5958
3598
8526
1536
7038
4613
5320
6748
10220
1680
9989
1505
5661
7781
5043
3974
5254
10116
10275
8137
5192
4920
7732
2498
9991
8252
1232
8541
710
6247
2096
9626
8768
4858
3786
2247
8799
6045
3812
2463
7203
9175
8165
1774
555
5560
9258
1264
7772
4252
6806
8345
1916
1413
3600
1491
2692
4706
361
2313
4277
4062
7748
5720
