210,84
227,28
233,93
227,28
47,19
114,14
210,84
340,42
24,10
283,35
24,10
57,7
24,10
283,35
47,19
340,42
140,56
566,70
163,65
453,56
94,38
57,7
47,19
566,70
140,56
114,14
210,84
340,42
94,38
453,56
187,75
566,70
233,93
396,49
163,65
396,49
117,47
340,42
117,47
283,35
163,65
566,70
70,28
170,21
210,84
509,63
94,38
170,21
140,56
396,49
187,75
509,63
163,65
453,56
210,84
509,63
24,10
396,49
233,93
340,42
210,84
453,56
24,10
227,28
210,84
509,63
24,10
227,28
163,65
509,63
117,47
57,7
233,93
453,56
210,84
170,21
140,56
396,49
187,75
57,7
70,28
340,42
233,93
57,7
24,10
57,7
187,75
170,21
210,84
57,7
94,38
57,7
163,65
453,56
94,38
509,63
117,47
57,7
24,10
509,63
210,84
340,42
163,65
396,49
210,84
566,70
163,65
340,42
163,65
170,21
210,84
566,70
117,47
283,35
94,38
170,21
187,75
170,21
140,56
509,63
70,28
509,63
70,28
566,70
70,28
509,63
24,10
57,7
24,10
566,70
94,38
114,14
94,38
340,42
210,84
396,49
187,75
509,63
163,65
283,35
210,84
283,35
47,19
114,14
140,56
170,21
233,93
283,35
24,10
340,42
140,56
57,7
94,38
453,56
24,10
57,7
94,38
227,28
163,65
566,70
163,65
227,28
47,19
227,28
140,56
170,21
24,10
114,14
163,65
566,70
233,93
566,70
24,10
509,63
140,56
340,42
47,19
340,42
140,56
283,35
187,75
227,28
47,19
453,56
187,75
509,63
94,38
57,7
117,47
283,35
47,19
227,28
94,38
340,42
187,75
57,7
94,38
227,28
163,65
566,70
70,28
57,7
94,38
114,14
70,28
227,28
47,19
509,63
187,75
283,35
233,93
283,35
94,38
566,70
233,93
509,63
117,47
227,28
94,38
340,42
47,19
509,63
233,93
566,70
210,84
396,49
117,47
170,21
187,75
509,63
210,84
340,42
70,28
170,21
210,84
283,35
117,47
509,63
47,19
340,42
117,47
114,14
210,84
566,70
210,84
453,56
187,75
453,56
140,56
453,56
187,75
340,42
233,93
227,28
233,93
57,7
70,28
566,70
94,38
227,28
47,19
283,35
70,28
283,35
163,65
566,70
117,47
396,49
117,47
283,35
94,38
396,49
24,10
509,63
117,47
170,21
210,84
114,14
94,38
566,70
140,56
509,63
233,93
170,21
233,93
566,70
140,56
396,49
210,84
396,49
117,47
509,63
24,10
227,28
210,84
340,42
70,28
509,63
210,84
227,28
94,38
57,7
140,56
340,42
163,65
396,49
163,65
340,42
163,65
453,56
210,84
453,56
70,28
283,35
94,38
340,42
233,93
396,49
210,84
509,63
210,84
114,14
70,28
114,14
210,84
396,49
187,75
114,14
210,84
170,21
24,10
453,56
47,19
566,70
187,75
227,28
94,38
340,42
24,10
453,56
117,47
57,7
210,84
566,70
140,56
227,28
94,38
57,7
210,84
283,35
94,38
396,49
94,38
453,56
94,38
283,35
24,10
170,21
70,28
566,70
70,28
57,7
94,38
340,42
24,10
283,35
163,65
114,14
163,65
227,28
117,47
453,56
117,47
509,63
140,56
57,7
117,47
114,14
70,28
396,49
117,47
509,63
24,10
509,63
187,75
509,63
163,65
57,7
94,38
283,35
24,10
114,14
163,65
566,70
94,38
340,42
233,93
509,63
47,19
114,14
117,47
114,14
117,47
340,42
117,47
396,49
70,28
114,14
117,47
340,42
210,84
283,35
140,56
396,49
140,56
453,56
187,75
453,56
210,84
170,21
210,84
566,70
47,19
170,21
187,75
566,70
70,28
283,35
94,38
396,49
233,93
340,42
163,65
114,14
117,47
340,42
47,19
227,28
187,75
396,49
70,28
283,35
94,38
340,42
70,28
340,42
94,38
170,21
210,84
396,49
187,75
57,7
47,19
340,42
210,84
396,49
163,65
566,70
94,38
114,14
24,10
114,14
117,47
396,49
163,65
283,35
47,19
170,21
163,65
227,28
233,93
170,21
233,93
566,70
233,93
170,21
210,84
453,56
140,56
340,42
187,75
509,63
117,47
227,28
47,19
114,14
187,75
340,42
94,38
283,35
94,38
283,35
70,28
227,28
187,75
509,63
94,38
340,42
24,10
453,56
24,10
566,70
187,75
566,70
24,10
114,14
233,93
509,63
140,56
566,70
117,47
114,14
94,38
566,70
210,84
227,28
117,47
566,70
233,93
509,63
47,19
57,7
117,47
227,28
47,19
509,63
163,65
57,7
117,47
114,14
24,10
396,49
47,19
396,49
163,65
509,63
94,38
566,70
187,75
57,7
187,75
566,70
94,38
453,56
70,28
340,42
94,38
283,35
47,19
227,28
233,93
114,14
70,28
453,56
24,10
283,35
47,19
114,14
187,75
340,42
70,28
114,14
94,38
509,63
140,56
57,7
210,84
453,56
140,56
114,14
24,10
57,7
117,47
340,42
24,10
283,35
210,84
566,70
163,65
453,56
47,19
227,28
70,28
57,7
24,10
566,70
140,56
170,21
70,28
114,14
163,65
396,49
210,84
566,70
94,38
283,35
47,19
509,63
94,38
396,49
233,93
114,14
210,84
340,42
140,56
283,35
47,19
453,56
210,84
340,42
24,10
283,35
24,10
170,21
140,56
509,63
117,47
509,63
140,56
340,42
140,56
57,7
24,10
114,14
163,65
57,7
117,47
509,63
140,56
283,35
117,47
566,70
47,19
170,21
187,75
566,70
70,28
566,70
117,47
509,63
187,75
340,42
70,28
57,7
140,56
509,63
94,38
227,28
24,10
566,70
117,47
114,14
187,75
57,7
70,28
340,42
117,47
283,35
210,84
283,35
210,84
227,28
94,38
227,28
187,75
396,49
140,56
283,35
94,38
57,7
47,19
57,7
24,10
283,35
117,47
114,14
117,47
57,7
163,65
283,35
24,10
170,21
233,93
340,42
94,38
170,21
187,75
509,63
94,38
509,63
24,10
566,70
117,47
453,56
70,28
566,70
140,56
170,21
233,93
114,14
47,19
396,49
163,65
227,28
187,75
453,56
24,10
170,21
24,10
566,70
70,28
453,56
187,75
57,7
47,19
566,70
210,84
57,7
140,56
57,7
210,84
170,21
47,19
340,42
94,38
509,63
163,65
57,7
163,65
57,7
233,93
396,49
24,10
170,21
117,47
396,49
163,65
114,14
163,65
340,42
233,93
340,42
47,19
396,49
94,38
509,63
117,47
57,7
210,84
57,7
47,19
114,14
233,93
509,63
94,38
340,42
47,19
566,70
94,38
114,14
117,47
227,28
117,47
566,70
210,84
509,63
94,38
227,28
117,47
283,35
210,84
509,63
24,10
57,7
24,10
283,35
233,93
566,70
94,38
114,14
233,93
227,28
117,47
340,42
210,84
509,63
94,38
340,42
187,75
509,63
163,65
396,49
210,84
340,42
70,28
57,7
210,84
283,35
70,28
57,7
163,65
227,28
94,38
396,49
233,93
509,63
210,84
566,70
47,19
566,70
47,19
566,70
117,47
114,14
24,10
170,21
47,19
114,14
70,28
453,56
94,38
114,14
94,38
227,28
117,47
340,42
117,47
114,14
140,56
170,21
94,38
340,42
117,47
453,56
140,56
227,28
233,93
283,35
140,56
57,7
70,28
283,35
163,65
340,42
210,84
396,49
70,28
283,35
140,56
566,70
210,84
396,49
117,47
57,7
70,28
57,7
24,10
509,63
140,56
453,56
140,56
114,14
117,47
566,70
163,65
227,28
140,56
453,56
24,10
227,28
94,38
114,14
163,65
283,35
24,10
227,28
70,28
57,7
94,38
283,35
163,65
170,21
233,93
509,63
163,65
283,35
117,47
227,28
233,93
340,42
24,10
340,42
187,75
170,21
163,65
57,7
210,84
227,28
24,10
283,35
70,28
340,42
24,10
566,70
210,84
566,70
163,65
170,21
70,28
453,56
140,56
170,21
117,47
283,35
24,10
509,63
210,84
283,35
210,84
340,42
210,84
396,49
163,65
227,28
233,93
340,42
210,84
227,28
210,84
566,70
140,56
509,63
47,19
453,56
140,56
227,28
210,84
453,56
94,38
509,63
117,47
227,28
140,56
453,56
140,56
114,14
70,28
509,63
70,28
283,35
24,10
283,35
233,93
283,35
140,56
509,63
70,28
396,49
24,10
170,21
140,56
509,63
94,38
227,28
47,19
509,63
187,75
396,49
70,28
509,63
210,84
114,14
163,65
57,7
24,10
227,28
233,93
227,28
163,65
453,56
47,19
509,63
70,28
509,63
233,93
566,70
187,75
509,63
24,10
57,7
47,19
283,35
210,84
453,56
117,47
283,35
70,28
396,49
233,93
227,28
70,28
170,21
163,65
114,14
117,47
114,14
117,47
509,63
210,84
114,14
233,93
170,21
94,38
283,35
210,84
340,42
47,19
227,28
140,56
114,14
163,65
283,35
233,93
57,7
47,19
509,63
47,19
227,28
187,75
170,21
47,19
227,28
70,28
453,56
210,84
57,7
140,56
566,70
140,56
114,14
140,56
509,63
24,10
114,14
70,28
566,70
233,93
340,42
24,10
283,35
187,75
340,42
187,75
340,42
163,65
340,42
117,47
509,63
47,19
453,56
94,38
509,63
117,47
340,42
210,84
170,21
187,75
227,28
117,47
283,35
47,19
57,7
163,65
453,56
163,65
170,21
47,19
566,70
70,28
57,7
210,84
57,7
117,47
170,21
233,93
566,70
163,65
566,70
47,19
509,63
187,75
283,35
24,10
227,28
163,65
396,49
24,10
57,7
24,10
453,56
140,56
170,21
47,19
396,49
47,19
340,42
187,75
340,42
70,28
453,56
94,38
453,56
70,28
114,14
117,47
227,28
163,65
283,35
24,10
396,49
117,47
227,28
70,28
227,28
163,65
396,49
47,19
283,35
24,10
283,35
94,38
509,63
140,56
170,21
117,47
509,63
94,38
509,63
24,10
453,56
163,65
453,56
117,47
453,56
47,19
227,28
140,56
509,63
117,47
340,42
24,10
340,42
24,10
170,21
210,84
114,14
117,47
340,42
163,65
396,49
24,10
566,70
70,28
283,35
187,75
283,35
24,10
114,14
94,38
227,28
94,38
340,42
187,75
57,7
94,38
340,42
24,10
509,63
47,19
114,14
210,84
170,21
117,47
340,42
117,47
227,28
94,38
227,28
47,19
227,28
163,65
509,63
187,75
340,42
210,84
566,70
187,75
396,49
47,19
566,70
70,28
283,35
163,65
509,63
187,75
396,49
94,38
453,56
140,56
396,49
140,56
114,14
94,38
509,63
24,10
283,35
70,28
396,49
140,56
283,35
94,38
566,70
140,56
396,49
70,28
340,42
70,28
170,21
210,84
283,35
210,84
453,56
117,47
114,14
163,65
509,63
187,75
509,63
210,84
57,7
24,10
566,70
24,10
114,14
47,19
170,21
210,84
57,7
210,84
114,14
117,47
283,35
163,65
396,49
70,28
340,42
210,84
340,42
94,38
396,49
233,93
340,42
210,84
509,63
233,93
509,63
70,28
170,21
24,10
340,42
233,93
509,63
47,19
453,56
163,65
170,21
47,19
453,56
117,47
340,42
140,56
283,35
117,47
340,42
140,56
170,21
24,10
566,70
210,84
227,28
233,93
509,63
117,47
340,42
117,47
283,35
233,93
114,14
187,75
453,56
47,19
114,14
117,47
396,49
163,65
170,21
47,19
566,70
210,84
170,21
140,56
170,21
210,84
453,56
47,19
227,28
94,38
396,49
233,93
396,49
140,56
170,21
117,47
340,42
210,84
340,42
140,56
283,35
187,75
453,56
163,65
396,49
140,56
114,14
47,19
227,28
163,65
57,7
24,10
566,70
210,84
509,63
24,10
566,70
117,47
170,21
140,56
453,56
233,93
283,35
210,84
340,42
210,84
340,42
70,28
227,28
70,28
170,21
70,28
340,42
210,84
283,35
94,38
57,7
94,38
396,49
117,47
227,28
70,28
396,49
233,93
57,7
140,56
57,7
210,84
340,42
70,28
170,21
94,38
566,70
210,84
283,35
94,38
283,35
187,75
340,42
94,38
283,35
187,75
114,14
70,28
566,70
117,47
509,63
47,19
170,21
70,28
340,42
94,38
170,21
70,28
227,28
187,75
114,14
140,56
566,70
140,56
170,21
70,28
396,49
163,65
114,14
187,75
283,35
210,84
453,56
233,93
340,42
140,56
114,14
47,19
453,56
210,84
114,14
233,93
340,42
47,19
283,35
94,38
566,70
24,10
170,21
70,28
453,56
94,38
453,56
163,65
170,21
233,93
340,42
233,93
566,70
163,65
227,28
70,28
170,21
47,19
453,56
47,19
509,63
140,56
566,70
233,93
114,14
187,75
566,70
117,47
227,28
24,10
57,7
117,47
227,28
94,38
396,49
210,84
340,42
117,47
396,49
70,28
114,14
163,65
566,70
94,38
509,63
47,19
453,56
70,28
57,7
233,93
170,21
47,19
509,63
233,93
453,56
117,47
509,63
94,38
566,70
233,93
283,35
187,75
227,28
233,93
453,56
70,28
340,42
70,28
340,42
24,10
566,70
140,56
453,56
187,75
509,63
70,28
283,35
210,84
566,70
163,65
453,56
187,75
396,49
70,28
453,56
70,28
170,21
47,19
396,49
187,75
340,42
117,47
114,14
47,19
283,35
24,10
283,35
117,47
170,21
47,19
340,42
210,84
227,28
70,28
566,70
210,84
396,49
233,93
396,49
163,65
340,42
47,19
340,42
47,19
453,56
210,84
453,56
187,75
170,21
140,56
453,56
117,47
170,21
210,84
566,70
94,38
566,70
24,10
509,63
210,84
57,7
140,56
396,49
47,19
227,28
117,47
340,42
24,10
170,21
70,28
227,28
140,56
114,14
140,56
114,14
187,75
453,56
187,75
340,42
140,56
566,70
47,19
566,70
187,75
283,35
163,65
453,56
117,47
283,35
94,38
396,49
140,56
57,7
210,84
283,35
47,19
396,49
163,65
114,14
24,10
340,42
70,28
114,14
47,19
509,63
70,28
453,56
163,65
227,28
187,75
283,35
47,19
396,49
94,38
170,21
233,93
509,63
70,28
227,28
187,75
57,7
117,47
453,56
24,10
566,70
47,19
227,28
163,65
566,70
233,93
170,21
94,38
227,28
140,56
114,14
24,10
57,7
94,38
396,49
233,93
453,56
94,38
57,7
163,65
340,42
47,19
227,28
47,19
340,42
163,65
283,35
163,65
453,56
47,19
453,56
47,19
283,35
233,93
396,49
94,38
114,14
233,93
227,28
210,84
566,70
233,93
509,63
187,75
283,35
70,28
566,70
24,10
114,14
163,65
566,70
210,84
227,28
140,56
453,56
70,28
114,14
24,10
566,70
24,10
566,70
70,28
566,70
187,75
566,70
24,10
227,28
187,75
283,35
47,19
509,63
187,75
566,70
24,10
396,49
233,93
114,14
187,75
170,21
187,75
114,14
140,56
340,42
140,56
509,63
70,28
453,56
210,84
227,28
70,28
509,63
163,65
114,14
70,28
340,42
70,28
396,49
233,93
396,49
70,28
114,14
163,65
114,14
187,75
283,35
140,56
453,56
210,84
509,63
163,65
509,63
24,10
396,49
94,38
170,21
94,38
57,7
24,10
453,56
24,10
566,70
233,93
340,42
140,56
57,7
117,47
566,70
24,10
114,14
163,65
566,70
210,84
396,49
140,56
283,35
117,47
340,42
47,19
453,56
210,84
227,28
233,93
453,56
117,47
340,42
117,47
396,49
233,93
566,70
140,56
396,49
210,84
114,14
70,28
396,49
70,28
340,42
70,28
114,14
70,28
509,63
187,75
227,28
24,10
170,21
187,75
340,42
70,28
114,14
210,84
57,7
140,56
227,28
187,75
396,49
117,47
170,21
210,84
114,14
163,65
340,42
233,93
340,42
233,93
114,14
94,38
340,42
140,56
396,49
70,28
453,56
70,28
396,49
117,47
227,28
47,19
170,21
70,28
396,49
47,19
566,70
24,10
396,49
117,47
566,70
210,84
509,63
117,47
114,14
140,56
566,70
233,93
170,21
24,10
340,42
117,47
340,42
94,38
114,14
94,38
283,35
47,19
396,49
47,19
57,7
210,84
453,56
210,84
453,56
70,28
566,70
233,93
396,49
210,84
227,28
47,19
227,28
94,38
340,42
47,19
340,42
163,65
227,28
47,19
170,21
70,28
283,35
233,93
566,70
94,38
396,49
163,65
114,14
117,47
170,21
163,65
453,56
94,38
340,42
163,65
227,28
117,47
509,63
24,10
283,35
94,38
566,70
233,93
170,21
140,56
283,35
210,84
57,7
94,38
170,21
117,47
170,21
140,56
396,49
210,84
170,21
140,56
227,28
233,93
114,14
47,19
566,70
70,28
396,49
47,19
340,42
47,19
340,42
233,93
453,56
140,56
170,21
94,38
566,70
187,75
566,70
163,65
170,21
163,65
566,70
233,93
340,42
47,19
114,14
163,65
283,35
24,10
396,49
163,65
396,49
117,47
227,28
210,84
227,28
117,47
509,63
117,47
396,49
233,93
396,49
94,38
396,49
233,93
396,49
140,56
509,63
210,84
57,7
94,38
57,7
187,75
340,42
117,47
227,28
210,84
170,21
163,65
340,42
140,56
396,49
140,56
340,42
210,84
283,35
187,75
170,21
163,65
566,70
233,93
340,42
187,75
170,21
47,19
57,7
117,47
114,14
140,56
340,42
187,75
340,42
163,65
396,49
70,28
114,14
117,47
340,42
70,28
57,7
140,56
566,70
70,28
283,35
246
327
303
335
240
289
312
278
253
316
306
321
320
313
278
226
292
284
245
252
238
319
269
319
228
285
270
288
258
271
320
311
310
335
310
305
252
291
282
307
237
268
224
234
256
227
253
287
306
279
251
329
294
235
247
256
335
258
229
238
235
261
304
309
242
330
309
238
320
253
271
309
303
329
237
281
259
238
269
238
259
303
230
238
278
260
253
236
327
330
321
297
297
309
329
266
315
241
266
249
270
313
257
273
262
326
240
316
231
267
282
302
274
326
274
334
300
263
272
240
251
333
295
297
286
294
298
278
279
289
230
243
233
252
224
300
252
229
224
232
290
244
265
273
248
294
323
245
271
247
330
276
289
290
309
291
302
248
292
255
333
309
326
326
288
297
325
266
323
249
330
305
279
324
330
297
297
296
252
287
259
257
225
257
315
253
325
289
306
267
288
242
301
262
246
241
283
291
277
281
284
268
254
322
229
238
227
330
310
278
326
331
265
246
258
224
323
229
297
253
293
312
277
268
230
259
325
249
333
329
270
306
335
328
236
280
329
230
289
263
252
254
294
231
257
287
329
324
322
244
230
329
318
295
256
305
315
297
289
281
285
334
264
227
248
331
234
260
264
331
312
246
248
332
301
232
238
318
243
323
231
230
321
268
324
265
307
303
305
229
249
234
274
231
252
277
302
326
268
309
326
305
231
321
224
270
264
278
262
228
262
229
312
269
324
312
226
299
334
315
288
249
272
236
244
287
241
280
226
272
308
258
263
299
245
226
303
295
283
258
254
281
227
312
273
251
277
326
224
313
316
329
299
329
299
265
225
225
253
306
225
239
283
227
274
328
307
319
318
321
291
231
318
259
233
324
279
266
250
303
312
280
226
264
321
333
326
234
229
247
333
311
327
328
262
293
318
276
269
271
314
276
310
300
316
317
250
298
237
331
326
228
264
307
278
314
305
329
328
233
269
278
284
298
284
318
229
274
250
290
297
284
240
240
234
285
284
253
304
264
317
284
225
240
278
257
231
228
241
313
257
294
281
232
279
295
267
292
238
307
278
247
305
300
279
297
289
286
322
284
247
225
328
296
269
248
286
256
318
253
334
266
270
320
331
229
266
305
325
331
240
315
281
251
230
321
290
313
229
334
279
268
224
324
246
266
245
250
334
235
296
289
258
289
300
266
225
252
258
277
271
270
333
296
298
277
231
225
240
305
236
228
270
253
237
289
334
286
277
253
259
289
234
235
272
266
228
320
287
335
234
307
288
279
224
252
332
312
313
323
241
302
271
317
250
245
333
226
306
255
225
315
251
268
304
281
251
246
307
294
304
250
316
268
307
279
296
304
252
236
246
263
265
262
236
298
260
264
315
270
265
227
232
247
263
244
249
252
313
271
278
299
308
327
319
257
276
243
236
246
288
279
315
256
277
320
245
314
233
270
304
257
239
256
304
317
275
259
303
266
302
277
275
304
299
264
230
231
240
263
277
266
307
229
328
308
320
332
326
268
230
236
279
317
234
333
230
257
330
271
234
288
249
272
274
279
313
236
275
329
275
251
276
233
226
309
321
314
282
295
327
271
253
283
290
275
277
270
264
287
231
243
317
277
302
267
249
265
247
302
286
327
255
318
249
232
284
320
224
266
330
292
311
317
317
314
248
307
277
226
237
284
266
241
302
249
237
285
301
298
314
307
233
259
326
313
288
335
269
312
305
326
323
322
272
318
328
309
266
331
244
283
287
319
324
333
267
228
278
264
304
278
296
253
294
308
333
224
331
285
334
313
309
242
234
271
240
319
299
227
286
238
306
260
335
304
227
250
296
293
