2452,3452
6482,7482
2008,3008
2631,3631
2166,3166
6685,7685
6092,7092
8284,9284
9747,10747
5334,6334
766,1766
6522,7522
6185,7185
8959,9959
197,1197
7429,8429
45,1045
6268,7268
2193,3193
4442,5442
7043,8043
2329,3329
2870,3870
9695,10695
9245,10245
5843,6843
7815,8815
8596,9596
2435,3435
4203,5203
8908,9908
8095,9095
4942,5942
4180,5180
3055,4055
8856,9856
7048,8048
6577,7577
103,1103
8559,9559
2302,3302
5651,6651
5256,6256
9416,10416
8823,9823
9141,10141
8080,9080
1557,2557
3655,4655
7543,8543
3071,4071
7476,8476
9051,10051
7533,8533
2461,3461
2857,3857
9818,10818
3933,4933
7790,8790
4860,5860
7362,8362
9691,10691
5054,6054
6054,7054
5337,6337
8052,9052
1054,2054
1035,2035
3929,4929
5264,6264
2046,3046
8309,9309
5939,6939
4875,5875
5617,6617
4421,5421
7876,8876
9429,10429
2730,3730
5737,6737
504,1504
4627,5627
3127,4127
931,1931
1906,2906
4844,5844
6828,7828
7911,8911
5191,6191
3547,4547
3854,4854
8457,9457
8768,9768
3099,4099
8657,9657
7840,8840
6512,7512
7740,8740
2667,3667
5730,6730
1213,2213
6484,7484
8886,9886
389,1389
1713,2713
6995,7995
5462,6462
4896,5896
9374,10374
6082,7082
679,1679
7203,8203
1999,2999
3346,4346
2270,3270
9744,10744
6723,7723
3461,4461
830,1830
8782,9782
1991,2991
9682,10682
2980,3980
9448,10448
8542,9542
228,1228
5192,6192
2117,3117
30,1030
5863,6863
6057,7057
7491,8491
1094,2094
5377,6377
2026,3026
2494,3494
5658,6658
7395,8395
2842,3842
6383,7383
1579,2579
3417,4417
1873,2873
6355,7355
504,1504
9926,10926
6615,7615
3663,4663
8614,9614
6652,7652
3584,4584
758,1758
1076,2076
5973,6973
8871,9871
1371,2371
1052,2052
3733,4733
3856,4856
3446,4446
8740,9740
6924,7924
305,1305
8702,9702
4691,5691
229,1229
6315,7315
5586,6586
9731,10731
6841,7841
1188,2188
5663,6663
229,1229
7967,8967
5302,6302
6847,7847
7861,8861
1258,2258
6002,7002
9303,10303
4392,5392
9855,10855
7819,8819
6316,7316
6913,7913
5142,6142
9170,10170
1091,2091
3110,4110
3634,4634
3990,4990
2398,3398
4124,5124
9935,10935
1080,2080
8619,9619
7423,8423
8286,9286
3776,4776
5159,6159
3742,4742
1493,2493
897,1897
7336,8336
7210,8210
9577,10577
4123,5123
5567,6567
5349,6349
6544,7544
9173,10173
6221,7221
1955,2955
8603,9603
6820,7820
8727,9727
1790,2790
9172,10172
4325,5325
3961,4961
3989,4989
9986,10986
2165,3165
5476,6476
473,1473
4323,5323
4636,5636
3986,4986
8494,9494
7992,8992
6046,7046
2423,3423
2395,3395
7149,8149
2212,3212
8610,9610
2137,3137
7400,8400
5129,6129
2016,3016
85,1085
2630,3630
4986,5986
9076,10076
8790,9790
9258,10258
27,1027
4774,5774
5484,6484
8742,9742
9610,10610
7146,8146
4311,5311
6600,7600
1308,2308
6296,7296
4150,5150
9336,10336
4044,5044
7553,8553
7219,8219
5258,6258
1737,2737
5080,6080
2139,3139
9266,10266
3770,4770
9354,10354
4110,5110
2871,3871
7545,8545
76,1076
7476,8476
1824,2824
2601,3601
2802,3802
664,1664
9712,10712
294,1294
9587,10587
6147,7147
6854,7854
6084,7084
1456,2456
5422,6422
6529,7529
8337,9337
2156,3156
7065,8065
1507,2507
5606,6606
5834,6834
6066,7066
640,1640
8607,9607
3439,4439
6901,7901
1413,2413
1643,2643
3504,4504
4232,5232
4056,5056
3542,4542
8824,9824
5289,6289
4738,5738
7900,8900
9121,10121
3965,4965
8612,9612
9341,10341
7523,8523
9574,10574
7499,8499
3465,4465
4748,5748
391,1391
9241,10241
1127,2127
9032,10032
4455,5455
1672,2672
7944,8944
6297,7297
1528,2528
7075,8075
9308,10308
1747,2747
6040,7040
2010,3010
4905,5905
5000,6000
1129,2129
5980,6980
5355,6355
7331,8331
5122,6122
6919,7919
7081,8081
2948,3948
8941,9941
1995,2995
8076,9076
4532,5532
3397,4397
12,1012
7433,8433
5947,6947
4810,5810
8031,9031
6666,7666
4151,5151
5927,6927
3859,4859
3527,4527
5600,6600
3800,4800
3858,4858
1144,2144
6288,7288
3807,4807
5017,6017
1456,2456
5147,6147
9670,10670
4723,5723
7527,8527
4930,5930
9151,10151
3912,4912
8113,9113
9766,10766
4328,5328
5359,6359
967,1967
2402,3402
2987,3987
7159,8159
6891,7891
3836,4836
5115,6115
7961,8961
3208,4208
6992,7992
1505,2505
7907,8907
573,1573
6151,7151
7918,8918
8686,9686
2006,3006
3935,4935
7079,8079
4080,5080
2860,3860
2664,3664
6528,7528
872,1872
5322,6322
2980,3980
6843,7843
5098,6098
6070,7070
1034,2034
8788,9788
5468,6468
2337,3337
5976,6976
8962,9962
6399,7399
9552,10552
602,1602
1369,2369
8341,9341
1843,2843
6069,7069
8461,9461
8340,9340
960,1960
5698,6698
7803,8803
1628,2628
6192,7192
6481,7481
2994,3994
5000,6000
79,1079
1366,2366
6458,7458
4444,5444
6350,7350
6855,7855
2299,3299
2807,3807
6601,7601
7194,8194
3099,4099
3569,4569
9157,10157
8572,9572
1312,2312
6145,7145
4323,5323
4079,5079
642,1642
5243,6243
7890,8890
3854,4854
5616,6616
7874,8874
4753,5753
9370,10370
6597,7597
4608,5608
8168,9168
7626,8626
9883,10883
4789,5789
3898,4898
9230,10230
7909,8909
961,1961
7964,8964
8665,9665
3561,4561
7253,8253
3721,4721
6393,7393
7531,8531
3599,4599
2681,3681
3561,4561
4909,5909
5141,6141
1996,2996
633,1633
6363,7363
2724,3724
9975,10975
5322,6322
9120,10120
6215,7215
5894,6894
395,1395
3983,4983
744,1744
9915,10915
2459,3459
7766,8766
2219,3219
4566,5566
7413,8413
4878,5878
9959,10959
3029,4029
7533,8533
263,1263
4310,5310
4096,5096
2047,3047
635,1635
4980,5980
3294,4294
2279,3279
7448,8448
1958,2958
8718,9718
3407,4407
2810,3810
5644,6644
7634,8634
1112,2112
1789,2789
6288,7288
9516,10516
6260,7260
194,1194
5750,6750
9589,10589
1007,2007
146,1146
1712,2712
2860,3860
8228,9228
400,1400
9957,10957
8939,9939
6220,7220
4829,5829
6743,7743
9989,10989
1695,2695
7827,8827
282,1282
5379,6379
7058,8058
1982,2982
1923,2923
8630,9630
7551,8551
6820,7820
7547,8547
7933,8933
8544,9544
9728,10728
2883,3883
4643,5643
4913,5913
6432,7432
3680,4680
1905,2905
452,1452
9969,10969
3289,4289
3335,4335
5174,6174
3487,4487
9331,10331
8630,9630
196,1196
4522,5522
6103,7103
4207,5207
1414,2414
3104,4104
9287,10287
710,1710
4440,5440
8852,9852
7046,8046
8746,9746
32,1032
7909,8909
5961,6961
612,1612
971,1971
1735,2735
1372,2372
6311,7311
861,1861
7535,8535
6286,7286
869,1869
6528,7528
8654,9654
8926,9926
8114,9114
505,1505
1633,2633
2242,3242
2173,3173
4222,5222
8260,9260
497,1497
1648,2648
9417,10417
146,1146
7414,8414
3474,4474
7551,8551
2044,3044
5912,6912
1638,2638
7430,8430
9289,10289
6670,7670
5179,6179
4158,5158
3812,4812
7130,8130
5902,6902
9247,10247
5984,6984
1384,2384
278,1278
7822,8822
6217,7217
514,1514
2886,3886
9970,10970
1257,2257
1359,2359
1812,2812
6710,7710
6771,7771
4472,5472
8300,9300
570,1570
7928,8928
6670,7670
3553,4553
389,1389
2130,3130
1622,2622
3613,4613
243,1243
9350,10350
8577,9577
9170,10170
2469,3469
5462,6462
2206,3206
9120,10120
1513,2513
6342,7342
783,1783
269,1269
3268,4268
4404,5404
4595,5595
2927,3927
2066,3066
2977,3977
3194,4194
5869,6869
6862,7862
4534,5534
4576,5576
1734,2734
5976,6976
3683,4683
378,1378
1542,2542
1824,2824
7868,8868
1221,2221
8940,9940
6574,7574
8707,9707
7934,8934
3278,4278
7011,8011
1032,2032
7896,8896
2485,3485
6350,7350
6297,7297
833,1833
3776,4776
8275,9275
7203,8203
4579,5579
7171,8171
7428,8428
6383,7383
450,1450
429,1429
2346,3346
695,1695
1587,2587
5623,6623
9217,10217
6893,7893
983,1983
5891,6891
7735,8735
6379,7379
6847,7847
9809,10809
5198,6198
4464,5464
5114,6114
2283,3283
9214,10214
4595,5595
1318,2318
4889,5889
7814,8814
3678,4678
8337,9337
309,1309
870,1870
1918,2918
6774,7774
1040,2040
3697,4697
6513,7513
1321,2321
8797,9797
9888,10888
7199,8199
4238,5238
3970,4970
7828,8828
9183,10183
3779,4779
9741,10741
159,1159
7307,8307
2863,3863
588,1588
2439,3439
9458,10458
3101,4101
9430,10430
4345,5345
880,1880
5970,6970
4744,5744
4814,5814
1769,2769
9557,10557
2445,3445
4691,5691
7307,8307
7751,8751
1524,2524
3575,4575
4050,5050
4587,5587
9079,10079
479,1479
5248,6248
5735,6735
6229,7229
4507,5507
3399,4399
7567,8567
7854,8854
7343,8343
8431,9431
6636,7636
9942,10942
1969,2969
7498,8498
5086,6086
3405,4405
1769,2769
809,1809
567,1567
9363,10363
5138,6138
8627,9627
6950,7950
6918,7918
3025,4025
5471,6471
4987,5987
3972,4972
8946,9946
1373,2373
4463,5463
2490,3490
1847,2847
2370,3370
7791,8791
1942,2942
3907,4907
2467,3467
4364,5364
2065,3065
6502,7502
2501,3501
9316,10316
9155,10155
5969,6969
8214,9214
4390,5390
8706,9706
9414,10414
6154,7154
2260,3260
1713,2713
3764,4764
6333,7333
1602,2602
1793,2793
9120,10120
8551,9551
2878,3878
9258,10258
2192,3192
7128,8128
7294,8294
3113,4113
3282,4282
5088,6088
5253,6253
5455,6455
2949,3949
3515,4515
3251,4251
2406,3406
46,1046
5976,6976
4294,5294
7249,8249
7323,8323
5159,6159
2004,3004
1159,2159
5455,6455
870,1870
5510,6510
6440,7440
2700,3700
5758,6758
5502,6502
8061,9061
9456,10456
7940,8940
7415,8415
2008,3008
7234,8234
7431,8431
9389,10389
7976,8976
7049,8049
3601,4601
3072,4072
6799,7799
1452,2452
6470,7470
7562,8562
1060,2060
2705,3705
1622,2622
4615,5615
2423,3423
8777,9777
7105,8105
2941,3941
8537,9537
6322,7322
9909,10909
2303,3303
8049,9049
8867,9867
1027,2027
1883,2883
8846,9846
5612,6612
3168,4168
5814,6814
5265,6265
5748,6748
6653,7653
3186,4186
3098,4098
9006,10006
2333,3333
2765,3765
6284,7284
6565,7565
8958,9958
2630,3630
971,1971
6424,7424
1027,2027
2301,3301
1969,2969
4659,5659
6499,7499
9593,10593
9866,10866
8876,9876
4569,5569
2377,3377
6657,7657
4366,5366
1209,2209
2887,3887
6460,7460
453,1453
8154,9154
125,1125
1477,2477
7844,8844
4299,5299
2892,3892
3753,4753
4458,5458
7207,8207
3361,4361
7678,8678
9436,10436
6476,7476
5682,6682
8305,9305
9843,10843
7119,8119
7869,8869
9342,10342
3317,4317
1306,2306
455,1455
2226,3226
324,1324
4886,5886
2478,3478
7224,8224
9614,10614
9402,10402
9342,10342
8476,9476
3933,4933
185,1185
9124,10124
6220,7220
6421,7421
2553,3553
413,1413
5265,6265
8400,9400
281,1281
4465,5465
7195,8195
1426,2426
8345,9345
724,1724
1717,2717
7172,8172
4638,5638
4635,5635
525,1525
1981,2981
1810,2810
9401,10401
953,1953
2708,3708
2557,3557
4222,5222
3538,4538
5775,6775
9427,10427
4389,5389
7270,8270
9697,10697
2751,3751
7835,8835
8346,9346
9478,10478
9921,10921
1991,2991
6396,7396
7786,8786
9478,10478
2707,3707
1083,2083
5569,6569
9524,10524
996,1996
7090,8090
3296,4296
8029,9029
5161,6161
610,1610
6155,7155
8010,9010
9720,10720
8312,9312
302,1302
4146,5146
7771,8771
6740,7740
1887,2887
6513,7513
1188,2188
7713,8713
3172,4172
590,1590
6518,7518
1879,2879
3468,4468
9663,10663
1132,2132
2432,3432
6272,7272
5795,6795
6949,7949
3355,4355
3531,4531
281,1281
457,1457
5532,6532
1406,2406
1089,2089
6858,7858
4705,5705
9245,10245
1915,2915
2245,3245
7008,8008
3891,4891
5170,6170
2559,3559
7785,8785
4032,5032
2487,3487
5942,6942
399,1399
7200,8200
2343,3343
4861,5861
4354,5354
2751,3751
6413,7413
200,1200
1941,2941
2055,3055
927,1927
7409,8409
7761,8761
2462,3462
8706,9706
7784,8784
1873,2873
8230,9230
9169,10169
9794,10794
9066,10066
966,1966
541,1541
9262,10262
8316,9316
4458,5458
6072,7072
3474,4474
3512,4512
4891,5891
4866,5866
634,1634
1989,2989
1948,2948
7642,8642
6398,7398
8545,9545
7063,8063
6930,7930
2529,3529
9406,10406
8619,9619
6667,7667
6227,7227
8653,9653
9243,10243
3714,4714
5365,6365
5162,6162
6702,7702
613,1613
546,1546
9863,10863
1972,2972
4916,5916
7103,8103
2616,3616
2233,3233
5848,6848
7334,8334
5647,6647
9438,10438
45,1045
9782,10782
2061,3061
6523,7523
8616,9616
6893,7893
8058,9058
8478,9478
3634,4634
4539,5539
9537,10537
1421,2421
9764,10764
4965,5965
7556,8556
3427,4427
4032,5032
9052,10052
4132,5132
5509,6509
7766,8766
6658,7658
822,1822
1169,2169
2878,3878
1417,2417
6853,7853
6117,7117
3336,4336
3117,4117
5684,6684
3344,4344
7201,8201
6059,7059
4920,5920
1205,2205
768,1768
4481,5481
9194,10194
2823,3823
5085,6085
2395,3395
9161,10161
9718,10718
9417,10417
6250,7250
350,1350
5875,6875
5501,6501
6405,7405
8940,9940
827,1827
7534,8534
8150,9150
9717,10717
8436,9436
3295,4295
4585,5585
1730,2730
9177,10177
1889,2889
3328,4328
7678,8678
2715,3715
6597,7597
7215,8215
9434,10434
939,1939
9713,10713
4362,5362
7474,8474
5456,6456
3990,4990
5128,6128
9788,10788
4388,5388
1331,2331
5127,6127
142,1142
9761,10761
4,1004
8271,9271
7326,8326
1663,2663
3851,4851
3251,4251
6508,7508
9385,10385
156,1156
1262,2262
214,1214
5488,6488
2182,3182
3517,4517
573,1573
5213,6213
5722,6722
3696,4696
8561,9561
3310,4310
8768,9768
1585,2585
4725,5725
7327,8327
5558,6558
9830,10830
1028,2028
6837,7837
820,1820
2885,3885
8247,9247
7369,8369
7028,8028
2876,3876
3245,4245
520,1520
9844,10844
1823,2823
2906,3906
1861,2861
9442,10442
4084,5084
4571,5571
5429,6429
1882,2882
6183,7183
3711,4711
9531,10531
9161,10161
8623,9623
8546,9546
7933,8933
4038,5038
7524,8524
4605,5605
1781,2781
3339,4339
9974,10974
2462,3462
4076,5076
7179,8179
857,1857
1143,2143
7818,8818
8796,9796
2979,3979
1130,2130
5752,6752
7670,8670
2715,3715
8077,9077
7696,8696
4407,5407
5442,6442
4460,5460
8209,9209
9992,10992
4949,5949
571,1571
7424,8424
6351,7351
9793,10793
616,1616
1494,2494
7890,8890
955,1955
7227,8227
9938,10938
9349,10349
3879,4879
2934,3934
9198,10198
1229,2229
2232,3232
3746,4746
6774,7774
8617,9617
4406,5406
3012,4012
1933,2933
4392,5392
9530,10530
3091,4091
585,1585
1402,2402
9293,10293
8142,9142
9816,10816
520,1520
8280,9280
9651,10651
9652,10652
716,1716
408,1408
5084,6084
9086,10086
2337,3337
8260,9260
637,1637
7439,8439
6047,7047
8696,9696
943,1943
7702,8702
1830,2830
793,1793
8128,9128
1030,2030
1366,2366
8377,9377
3677,4677
6778,7778
399,1399
8503,9503
59,1059
5170,6170
7865,8865
5048,6048
9413,10413
2887,3887
3373,4373
5816,6816
1574,2574
7790,8790
7151,8151
9015,10015
5005,6005
3791,4791
1355,2355
209,1209
9842,10842
5579,6579
2286,3286
5689,6689
5502,6502
5514,6514
8695,9695
41,1041
7653,8653
2694,3694
8669,9669
4607,5607
7145,8145
9295,10295
1163,2163
4582,5582
8836,9836
4355,5355
163,1163
2712,3712
6874,7874
286,1286
4588,5588
7762,8762
7392,8392
6774,7774
8800,9800
2510,3510
6407,7407
2468,3468
804,1804
8488,9488
472,1472
3912,4912
2911,3911
346,1346
3933,4933
4215,5215
4320,5320
2077,3077
1840,2840
5397,6397
7004,8004
7899,8899
7125,8125
492,1492
9511,10511
4909,5909
8862,9862
5555,6555
3564,4564
3390,4390
6307,7307
345,1345
1988,2988
9127,10127
103,1103
6183,7183
376,1376
949,1949
2076,3076
9603,10603
496,1496
1738,2738
1956,2956
8546,9546
5631,6631
5367,6367
9615,10615
9222,10222
3907,4907
5277,6277
3375,4375
8150,9150
7708,8708
9266,10266
8913,9913
7420,8420
6872,7872
9922,10922
449,1449
7408,8408
3564,4564
142,1142
8161,9161
1666,2666
8330,9330
1129,2129
6365,7365
3034,4034
7476,8476
3645,4645
1876,2876
3842,4842
57,1057
3143,4143
342,1342
6844,7844
5730,6730
2759,3759
7867,8867
6818,7818
4429,5429
7344,8344
6277,7277
7544,8544
2318,3318
5355,6355
7260,8260
5409,6409
1584,2584
3313,4313
8037,9037
8985,9985
7460,8460
1500,2500
6934,7934
7010,8010
9897,10897
7770,8770
4179,5179
2252,3252
1614,2614
8065,9065
4079,5079
1618,2618
9078,10078
5858,6858
485,1485
291,1291
5126,6126
4483,5483
8310,9310
166,1166
8560,9560
5332,6332
4968,5968
7043,8043
9126,10126
6781,7781
6401,7401
182,1182
7925,8925
7543,8543
361,1361
1829,2829
268,1268
447,1447
6152,7152
937,1937
5492,6492
8869,9869
8104,9104
9273,10273
9251,10251
5873,6873
8487,9487
2765,3765
2686,3686
1461,2461
3923,4923
9558,10558
5047,6047
2540,3540
3090,4090
3256,4256
8193,9193
4517,5517
9100,10100
9021,10021
2161,3161
6483,7483
1398,2398
5925,6925
233,1233
6007,7007
2182,3182
1103,2103
1373,2373
3205,4205
8849,9849
3383,4383
2804,3804
3835,4835
1574,2574
8704,9704
7056,8056
5256,6256
9784,10784
5635,6635
5876,6876
9147,10147
6910,7910
8727,9727
6939,7939
8160,9160
6252,7252
8018,9018
1569,2569
4021,5021
4385,5385
7047,8047
9457,10457
1007,2007
5987,6987
4086,5086
5714,6714
3583,4583
624,1624
4884,5884
6745,7745
7926,8926
554,1554
7819,8819
1676,2676
8453,9453
1846,2846
9500,10500
6116,7116
3445,4445
8339,9339
9548,10548
1057,2057
611,1611
2302,3302
1996,2996
998,1998
3018,4018
7693,8693
4774,5774
4281,5281
7714,8714
9705,10705
7995,8995
6727,7727
2433,3433
3932,4932
9722,10722
73,1073
2861,3861
6592,7592
8799,9799
3191,4191
3351,4351
1403,2403
3499,4499
8276,9276
1719,2719
2920,3920
7554,8554
5419,6419
8636,9636
4426,5426
2779,3779
4613,5613
8745,9745
4333,5333
6332,7332
7160,8160
612,1612
9185,10185
8891,9891
5594,6594
807,1807
1384,2384
7449,8449
8785,9785
4241,5241
8662,9662
9386,10386
5303,6303
1965,2965
2716,3716
4203,5203
1650,2650
6950,7950
2343,3343
5999,6999
9637,10637
5435,6435
8280,9280
4166,5166
3882,4882
2734,3734
7778,8778
7734,8734
2165,3165
3041,4041
8050,9050
4851,5851
5486,6486
2595,3595
5336,6336
2669,3669
3586,4586
4295,5295
7645,8645
7673,8673
3582,4582
683,1683
268,1268
7496,8496
5678,6678
5508,6508
4085,5085
8738,9738
2508,3508
6270,7270
4237,5237
9103,10103
3126,4126
8456,9456
2460,3460
679,1679
1339,2339
3755,4755
1451,2451
5819,6819
1704,2704
3865,4865
7660,8660
1627,2627
2106,3106
1856,2856
5445,6445
7234,8234
4106,5106
6101,7101
7941,8941
5160,6160
318,1318
8600,9600
5530,6530
1245,2245
5748,6748
5914,6914
2703,3703
8848,9848
4160,5160
3947,4947
9825,10825
2038,3038
9048,10048
3771,4771
168,1168
4593,5593
8784,9784
9697,10697
7566,8566
6554,7554
3818,4818
1769,2769
6985,7985
3731,4731
9936,10936
2970,3970
8761,9761
4827,5827
7893,8893
3334,4334
372,1372
79,1079
4751,5751
8990,9990
346,1346
2488,3488
739,1739
9919,10919
1466,2466
1609,2609
299,1299
4697,5697
1343,2343
66,1066
503,1503
6428,7428
6781,7781
2674,3674
7326,8326
4379,5379
1878,2878
2228,3228
8654,9654
9642,10642
1791,2791
1670,2670
3524,4524
3348,4348
2921,3921
6698,7698
8327,9327
3805,4805
1197,2197
8210,9210
1303,2303
5746,6746
3574,4574
1844,2844
8275,9275
9899,10899
3378,4378
3362,4362
1707,2707
1978,2978
600,1600
7997,8997
9635,10635
4244,5244
8676,9676
2169,3169
9454,10454
4046,5046
4338,5338
3520,4520
4663,5663
7119,8119
366,1366
1798,2798
576,1576
5780,6780
6516,7516
5568,6568
7186,8186
2193,3193
1095,2095
9956,10956
5677,6677
4543,5543
3052,4052
2372,3372
7266,8266
2402,3402
9896,10896
3569,4569
4143,5143
6776,7776
1717,2717
1330,2330
6583,7583
2222,3222
3583,4583
5696,6696
6235,7235
1594,2594
7422,8422
7462,8462
286,1286
4059,5059
7814,8814
2523,3523
2583,3583
7513,8513
3945,4945
6532,7532
8510,9510
2945,3945
9948,10948
1578,2578
6974,7974
4382,5382
6919,7919
3634,4634
8886,9886
2384,3384
4883,5883
7066,8066
6341,7341
7153,8153
10000,11000
4785,5785
7887,8887
8493,9493
5585,6585
106,1106
743,1743
8018,9018
4317,5317
4755,5755
5671,6671
439,1439
910,1910
2534,3534
4714,5714
7772,8772
4763,5763
7726,8726
7056,8056
6274,7274
5821,6821
5225,6225
2376,3376
5712,6712
317,1317
4535,5535
1370,2370
3962,4962
8824,9824
1743,2743
6079,7079
1920,2920
8447,9447
5926,6926
956,1956
7991,8991
3597,4597
5217,6217
2969,3969
1624,2624
365,1365
7969,8969
7245,8245
1029,2029
993,1993
6283,7283
8772,9772
5653,6653
7426,8426
4933,5933
707,1707
9419,10419
9537,10537
1716,2716
532,1532
2900,3900
740,1740
2096,3096
5494,6494
9041,10041
6441,7441
5092,6092
1773,2773
7971,8971
8820,9820
5529,6529
191,1191
2517,3517
8230,9230
4086,5086
7241,8241
5752,6752
2086,3086
2903,3903
6693,7693
2529,3529
8254,9254
8417,9417
8081,9081
4584,5584
6148,7148
3571,4571
8231,9231
9735,10735
2208,3208
3249,4249
4924,5924
3245,4245
4666,5666
2169,3169
7263,8263
5256,6256
9977,10977
5803,6803
4144,5144
9979,10979
2411,3411
5855,6855
7300,8300
3237,4237
299,1299
8361,9361
4433,5433
8666,9666
9769,10769
2604,3604
2107,3107
2667,3667
9299,10299
131,1131
7434,8434
3451,4451
3972,4972
2418,3418
6248,7248
1254,2254
9485,10485
3825,4825
9055,10055
1367,2367
533,1533
1849,2849
4322,5322
8115,9115
9034,10034
1876,2876
3026,4026
1519,2519
4743,5743
5169,6169
9402,10402
2031,3031
3890,4890
1443,2443
526,1526
1675,2675
8742,9742
6885,7885
7806,8806
1942,2942
7844,8844
1341,2341
4537,5537
9661,10661
9461,10461
4871,5871
2079,3079
6701,7701
6465,7465
5189,6189
5552,6552
5928,6928
5344,6344
8728,9728
1135,2135
9005,10005
6124,7124
7147,8147
2794,3794
3162,4162
9607,10607
9701,10701
8941,9941
5285,6285
6459,7459
5523,6523
8941,9941
1157,2157
7810,8810
1149,2149
7328,8328
1210,2210
183,1183
728,1728
1955,2955
4232,5232
5264,6264
2015,3015
2142,3142
8695,9695
1825,2825
137,1137
6925,7925
802,1802
1222,2222
1389,2389
7136,8136
3868,4868
1549,2549
5354,6354
5059,6059
6183,7183
45,1045
1261,2261
2176,3176
4781,5781
6339,7339
7925,8925
5510,6510
3379,4379
5349,6349
4069,5069
3581,4581
6582,7582
8445,9445
9009,10009
5081,6081
7673,8673
7551,8551
858,1858
9626,10626
3009,4009
8745,9745
6384,7384
7787,8787
8366,9366
7818,8818
7562,8562
3442,4442
1463,2463
4526,5526
3929,4929
1939,2939
8736,9736
3798,4798
1198,2198
3049,4049
3551,4551
5227,6227
8571,9571
3600,4600
7553,8553
8384,9384
3108,4108
1867,2867
7608,8608
5598,6598
1977,2977
2680,3680
8361,9361
9945,10945
2498,3498
8673,9673
9212,10212
9766,10766
5901,6901
1050,2050
9847,10847
3355,4355
5358,6358
7127,8127
4674,5674
9395,10395
1626,2626
4023,5023
9516,10516
4523,5523
193,1193
654,1654
2688,3688
5197,6197
7914,8914
9642,10642
1052,2052
5999,6999
5997,6997
5844,6844
5722,6722
2674,3674
6360,7360
1549,2549
1002,2002
7319,8319
4911,5911
117,1117
2854,3854
1887,2887
4711,5711
3239,4239
3495,4495
8200,9200
2241,3241
8650,9650
6032,7032
8620,9620
7529,8529
2980,3980
7217,8217
8709,9709
254,1254
6594,7594
1511,2511
5546,6546
1424,2424
1098,2098
7214,8214
8476,9476
3003,4003
5995,6995
1645,2645
9872,10872
3870,4870
635,1635
5520,6520
5175,6175
2991,3991
6794,7794
56,1056
3364,4364
5757,6757
1700,2700
719,1719
7548,8548
6950,7950
328,1328
5778,6778
8484,9484
8718,9718
5840,6840
3973,4973
9036,10036
229,1229
5120,6120
2281,3281
4474,5474
2945,3945
6971,7971
6668,7668
8535,9535
6615,7615
1242,2242
2404,3404
4120,5120
9731,10731
3251,4251
4377,5377
2341,3341
6740,7740
9549,10549
4575,5575
9563,10563
4039,5039
5093,6093
3228,4228
9838,10838
7800,8800
2838,3838
7316,8316
7413,8413
4998,5998
2694,3694
4987,5987
8754,9754
4175,5175
2023,3023
6428,7428
9235,10235
4676,5676
6693,7693
9614,10614
2793,3793
5722,6722
9132,10132
5916,6916
3603,4603
975,1975
8821,9821
8188,9188
4753,5753
6691,7691
9921,10921
3356,4356
7584,8584
7025,8025
7145,8145
8364,9364
8387,9387
6194,7194
1817,2817
5050,6050
1465,2465
2490,3490
3482,4482
5188,6188
3301,4301
8599,9599
4137,5137
9167,10167
5159,6159
1255,2255
8813,9813
3480,4480
498,1498
1497,2497
593,1593
5006,6006
4446,5446
2545,3545
2487,3487
2211,3211
6761,7761
6688,7688
5975,6975
7137,8137
9480,10480
9027,10027
5683,6683
9188,10188
1060,2060
4045,5045
5201,6201
6873,7873
6144,7144
9494,10494
8290,9290
6879,7879
2012,3012
5450,6450
6657,7657
6711,7711
7218,8218
6699,7699
7922,8922
3330,4330
3662,4662
7508,8508
8120,9120
5536,6536
3856,4856
7962,8962
6094,7094
8129,9129
2183,3183
3192,4192
3995,4995
6585,7585
9309,10309
41,1041
6205,7205
9209,10209
5004,6004
3487,4487
3009,4009
1413,2413
9948,10948
2691,3691
6998,7998
2543,3543
9686,10686
8390,9390
470,1470
4602,5602
9373,10373
9515,10515
3891,4891
8375,9375
6621,7621
9277,10277
5253,6253
4796,5796
5494,6494
3655,4655
3562,4562
504,1504
9769,10769
4150,5150
7361,8361
6468,7468
9941,10941
3009,4009
2877,3877
7392,8392
975,1975
7448,8448
6334,7334
6284,7284
5430,6430
2604,3604
2956,3956
1257,2257
9711,10711
6599,7599
4629,5629
6146,7146
3954,4954
7529,8529
6080,7080
1705,2705
4919,5919
1635,2635
9331,10331
426,1426
1545,2545
814,1814
3250,4250
699,1699
9914,10914
8042,9042
4531,5531
9772,10772
9981,10981
6329,7329
7561,8561
3946,4946
6393,7393
9123,10123
9379,10379
9685,10685
5569,6569
2248,3248
6674,7674
4022,5022
8427,9427
6800,7800
8926,9926
1806,2806
1885,2885
3444,4444
6631,7631
9280,10280
2074,3074
2008,3008
1352,2352
8918,9918
6344,7344
2919,3919
4973,5973
6944,7944
2565,3565
2849,3849
3998,4998
8202,9202
7249,8249
2851,3851
3660,4660
9568,10568
2896,3896
626,1626
2248,3248
9222,10222
9084,10084
732,1732
8338,9338
2148,3148
8999,9999
6953,7953
5506,6506
8793,9793
1375,2375
1340,2340
5108,6108
3928,4928
7015,8015
9214,10214
5712,6712
5367,6367
7829,8829
5547,6547
9660,10660
5848,6848
9137,10137
2246,3246
2447,3447
4041,5041
1466,2466
1223,2223
5967,6967
501,1501
5938,6938
2094,3094
1756,2756
5890,6890
5213,6213
4014,5014
6998,7998
2352,3352
6850,7850
1758,2758
5213,6213
377,1377
2103,3103
9599,10599
7350,8350
5474,6474
4533,5533
7834,8834
7360,8360
8141,9141
8301,9301
7418,8418
2583,3583
9784,10784
6856,7856
3898,4898
9526,10526
1420,2420
210,1210
1448,2448
7326,8326
3890,4890
301,1301
3772,4772
5350,6350
2477,3477
5821,6821
460,1460
6884,7884
3250,4250
9162,10162
227,1227
1585,2585
5134,6134
4681,5681
305,1305
8409,9409
5762,6762
4335,5335
5508,6508
4591,5591
99,1099
6201,7201
8478,9478
2770,3770
7457,8457
2712,3712
2161,3161
448,1448
4196,5196
1653,2653
1610,2610
6740,7740
7010,8010
4148,5148
515,1515
6036,7036
7955,8955
7659,8659
9682,10682
2894,3894
3619,4619
466,1466
2061,3061
1033,2033
3517,4517
8573,9573
553,1553
8649,9649
3861,4861
2685,3685
1984,2984
7222,8222
9162,10162
1332,2332
6589,7589
8143,9143
7259,8259
121,1121
4008,5008
8018,9018
25,1025
882,1882
5691,6691
4155,5155
9552,10552
1928,2928
2344,3344
6889,7889
7033,8033
97,1097
2571,3571
516,1516
7658,8658
7739,8739
6952,7952
9204,10204
557,1557
7575,8575
6721,7721
1130,2130
4121,5121
2090,3090
7752,8752
6574,7574
3455,4455
5289,6289
577,1577
429,1429
789,1789
6802,7802
242,1242
5185,6185
5217,6217
9959,10959
8493,9493
9943,10943
8940,9940
1850,2850
7277,8277
2764,3764
8097,9097
1339,2339
4351,5351
4293,5293
8504,9504
335,1335
9482,10482
2780,3780
4293,5293
1297,2297
94,1094
5058,6058
2326,3326
8164,9164
3462,4462
2505,3505
2307,3307
7895,8895
7381,8381
2493,3493
7321,8321
1313,2313
5933,6933
5995,6995
6307,7307
4778,5778
4780,5780
882,1882
775,1775
223,1223
7294,8294
7392,8392
638,1638
6671,7671
4871,5871
1525,2525
8304,9304
5672,6672
9170,10170
6181,7181
7602,8602
7911,8911
467,1467
4683,5683
1619,2619
4277,5277
5133,6133
9390,10390
4177,5177
3976,4976
9966,10966
8617,9617
8768,9768
2480,3480
8141,9141
9651,10651
7445,8445
7686,8686
9506,10506
9809,10809
1423,2423
6784,7784
2406,3406
6992,7992
1806,2806
3925,4925
4338,5338
3975,4975
2856,3856
6751,7751
5206,6206
3326,4326
989,1989
5294,6294
5273,6273
7486,8486
1722,2722
5095,6095
3721,4721
333,1333
9562,10562
6765,7765
3875,4875
2832,3832
1937,2937
6037,7037
6921,7921
5494,6494
7102,8102
8294,9294
5161,6161
4245,5245
4204,5204
668,1668
5562,6562
5876,6876
2900,3900
624,1624
1403,2403
9101,10101
5018,6018
4556,5556
4741,5741
3982,4982
6688,7688
6127,7127
9111,10111
6229,7229
9008,10008
9988,10988
2829,3829
7208,8208
692,1692
4582,5582
517,1517
4757,5757
2241,3241
9358,10358
4977,5977
6314,7314
4251,5251
1528,2528
5514,6514
9705,10705
2925,3925
1490,2490
457,1457
7029,8029
6589,7589
5648,6648
9768,10768
634,1634
3457,4457
7045,8045
2185,3185
2148,3148
4025,5025
2611,3611
1418,2418
5127,6127
703,1703
3609,4609
7805,8805
9701,10701
7354,8354
7867,8867
4244,5244
8727,9727
3295,4295
1201,2201
1875,2875
7321,8321
1331,2331
6278,7278
9505,10505
9445,10445
705,1705
832,1832
1660,2660
2508,3508
6755,7755
9766,10766
2324,3324
3286,4286
3457,4457
9977,10977
7510,8510
2937,3937
1074,2074
9333,10333
9852,10852
8852,9852
9677,10677
9887,10887
2497,3497
9494,10494
4376,5376
8836,9836
7369,8369
1462,2462
554,1554
4513,5513
9278,10278
3081,4081
3472,4472
9844,10844
4271,5271
152,1152
2961,3961
8003,9003
2984,3984
7891,8891
3210,4210
7627,8627
9181,10181
5695,6695
7830,8830
4062,5062
5657,6657
3671,4671
5994,6994
5620,6620
9102,10102
8824,9824
1568,2568
12,1012
142,1142
2159,3159
5907,6907
8177,9177
8294,9294
1554,2554
4421,5421
6610,7610
7260,8260
8468,9468
4397,5397
5625,6625
273,1273
1271,2271
6197,7197
811,1811
3012,4012
4113,5113
2058,3058
7879,8879
7171,8171
6914,7914
3530,4530
7488,8488
5241,6241
6288,7288
2491,3491
2969,3969
7853,8853
2358,3358
9041,10041
2519,3519
9521,10521
1100,2100
1009,2009
3116,4116
9700,10700
6947,7947
2856,3856
4398,5398
7287,8287
7879,8879
8766,9766
4596,5596
2668,3668
6301,7301
968,1968
8273,9273
4928,5928
1420,2420
339,1339
4804,5804
7983,8983
5563,6563
9182,10182
1315,2315
8824,9824
6670,7670
4419,5419
9893,10893
6652,7652
8107,9107
9088,10088
4662,5662
7334,8334
3193,4193
2718,3718
5423,6423
159,1159
2539,3539
5397,6397
1546,2546
6607,7607
2838,3838
364,1364
7670,8670
4794,5794
4809,5809
9797,10797
8519,9519
9981,10981
8512,9512
3970,4970
4797,5797
7728,8728
8921,9921
5794,6794
5920,6920
5449,6449
5100,6100
1153,2153
7561,8561
3591,4591
4611,5611
7732,8732
2271,3271
816,1816
2300,3300
1837,2837
3183,4183
5509,6509
7081,8081
4637,5637
4991,5991
7999,8999
2658,3658
5660,6660
6628,7628
9945,10945
6006,7006
5743,6743
5663,6663
9478,10478
2006,3006
5533,6533
3670,4670
8618,9618
3197,4197
6980,7980
4218,5218
9137,10137
4852,5852
3221,4221
4143,5143
1959,2959
9187,10187
9823,10823
8931,9931
1256,2256
4294,5294
7199,8199
9767,10767
18,1018
8819,9819
6157,7157
2400,3400
7098,8098
1791,2791
8987,9987
7381,8381
1499,2499
4481,5481
2490,3490
5208,6208
4455,5455
1485,2485
6633,7633
8605,9605
3762,4762
2770,3770
2517,3517
6679,7679
2858,3858
7874,8874
4867,5867
6617,7617
8537,9537
3535,4535
7218,8218
3481,4481
2272,3272
357,1357
1369,2369
2906,3906
4185,5185
8258,9258
8869,9869
5520,6520
1917,2917
7561,8561
3922,4922
9696,10696
5355,6355
6503,7503
3556,4556
6456,7456
6322,7322
5465,6465
2637,3637
9648,10648
7538,8538
8125,9125
819,1819
5191,6191
338,1338
7474,8474
267,1267
1780,2780
3960,4960
7218,8218
976,1976
912,1912
820,1820
7234,8234
8574,9574
7402,8402
8897,9897
6818,7818
6900,7900
1498,2498
7928,8928
1956,2956
2129,3129
354,1354
6523,7523
5363,6363
1520,2520
9825,10825
9339,10339
3841,4841
1621,2621
9602,10602
892,1892
8266,9266
3506,4506
94,1094
126,1126
32,1032
9206,10206
1126,2126
9260,10260
8784,9784
7870,8870
9064,10064
2183,3183
577,1577
5203,6203
9674,10674
4739,5739
5619,6619
5850,6850
2657,3657
326,1326
5711,6711
186,1186
3925,4925
2993,3993
5771,6771
8099,9099
6654,7654
2134,3134
8070,9070
4929,5929
1459,2459
3526,4526
5869,6869
6812,7812
7506,8506
19,1019
4423,5423
807,1807
1163,2163
1304,2304
8199,9199
7166,8166
8527,9527
66,1066
4703,5703
2072,3072
5108,6108
7286,8286
1381,2381
4831,5831
6428,7428
2860,3860
9697,10697
1489,2489
3568,4568
7938,8938
9603,10603
4762,5762
3662,4662
8120,9120
2383,3383
3723,4723
6273,7273
5174,6174
6997,7997
4755,5755
2530,3530
8174,9174
7637,8637
571,1571
347,1347
9327,10327
2098,3098
2156,3156
382,1382
4523,5523
7505,8505
2414,3414
9475,10475
6814,7814
3307,4307
3770,4770
7428,8428
7014,8014
6660,7660
2850,3850
291,1291
6647,7647
8095,9095
9011,10011
2812,3812
4221,5221
1997,2997
6920,7920
7820,8820
10000,11000
9302,10302
6108,7108
9435,10435
2334,3334
8773,9773
8911,9911
5423,6423
3005,4005
8429,9429
6987,7987
2827,3827
2863,3863
5026,6026
7621,8621
5168,6168
3926,4926
1791,2791
4626,5626
1342,2342
8115,9115
9372,10372
4674,5674
2381,3381
2985,3985
13,1013
8606,9606
9602,10602
7050,8050
1641,2641
7204,8204
8752,9752
4669,5669
3778,4778
3004,4004
7458,8458
8931,9931
124,1124
1410,2410
7268,8268
6319,7319
8654,9654
7494,8494
1780,2780
2093,3093
5494,6494
6196,7196
6910,7910
9291,10291
4987,5987
9042,10042
9801,10801
289,1289
5473,6473
5982,6982
3196,4196
8067,9067
9495,10495
6538,7538
75,1075
5512,6512
4201,5201
2397,3397
760,1760
51,1051
3167,4167
1171,2171
7941,8941
546,1546
8555,9555
233,1233
8733,9733
7758,8758
4066,5066
8096,9096
9847,10847
8589,9589
9284,10284
3647,4647
6109,7109
4099,5099
9406,10406
9998,10998
7222,8222
5754,6754
4354,5354
4810,5810
1713,2713
438,1438
899,1899
1036,2036
7099,8099
8046,9046
9353,10353
1985,2985
1550,2550
411,1411
4873,5873
9153,10153
5639,6639
1532,2532
7743,8743
9439,10439
9080,10080
8791,9791
176,1176
8997,9997
2304,3304
7713,8713
6762,7762
5732,6732
365,1365
1097,2097
7435,8435
4082,5082
8450,9450
2673,3673
9164,10164
2652,3652
5998,6998
3851,4851
9311,10311
110,1110
4511,5511
872,1872
2909,3909
3379,4379
2592,3592
782,1782
8840,9840
281,1281
4390,5390
1700,2700
9519,10519
5471,6471
741,1741
4379,5379
6973,7973
780,1780
8689,9689
2197,3197
498,1498
9440,10440
8955,9955
4616,5616
2657,3657
605,1605
8960,9960
4841,5841
7783,8783
5159,6159
9772,10772
7940,8940
1735,2735
353,1353
9734,10734
7903,8903
8978,9978
7511,8511
9264,10264
1377,2377
8105,9105
9921,10921
2105,3105
1176,2176
8916,9916
7250,8250
7402,8402
4191,5191
8245,9245
6810,7810
1592,2592
6509,7509
8901,9901
606,1606
5496,6496
8785,9785
9181,10181
654,1654
6778,7778
5588,6588
7228,8228
8326,9326
719,1719
1723,2723
3463,4463
5803,6803
3432,4432
4940,5940
1434,2434
7552,8552
2958,3958
5126,6126
6109,7109
175,1175
6943,7943
6639,7639
7013,8013
8190,9190
9297,10297
6505,7505
8352,9352
5759,6759
928,1928
213,1213
9178,10178
2652,3652
5445,6445
6216,7216
5766,6766
5226,6226
8140,9140
172,1172
4270,5270
5950,6950
2672,3672
7220,8220
581,1581
9689,10689
3974,4974
5555,6555
6655,7655
350,1350
8191,9191
5742,6742
7094,8094
8426,9426
3368,4368
8576,9576
6884,7884
8660,9660
2906,3906
8695,9695
8640,9640
9563,10563
8918,9918
3363,4363
5473,6473
6602,7602
7967,8967
1352,2352
8468,9468
4550,5550
6630,7630
9851,10851
5857,6857
266,1266
6428,7428
6143,7143
6383,7383
9282,10282
3815,4815
9242,10242
1278,2278
7271,8271
1089,2089
2760,3760
270,1270
9635,10635
1279,2279
364,1364
8088,9088
5993,6993
9053,10053
5494,6494
2676,3676
4333,5333
7859,8859
2305,3305
8596,9596
7185,8185
4289,5289
5634,6634
553,1553
3815,4815
1738,2738
2515,3515
5805,6805
4969,5969
3182,4182
1926,2926
2317,3317
2784,3784
6322,7322
718,1718
2424,3424
9004,10004
3154,4154
863,1863
8107,9107
5853,6853
282,1282
1365,2365
4108,5108
4992,5992
3776,4776
1205,2205
4552,5552
6377,7377
5099,6099
8112,9112
2957,3957
9817,10817
1850,2850
305,1305
9090,10090
6739,7739
6615,7615
5926,6926
9679,10679
2101,3101
8035,9035
4891,5891
8867,9867
5817,6817
6857,7857
2245,3245
4150,5150
3373,4373
9719,10719
3823,4823
2821,3821
8827,9827
634,1634
2441,3441
9132,10132
8442,9442
186,1186
1906,2906
7108,8108
2013,3013
6059,7059
1174,2174
6520,7520
7317,8317
8449,9449
4058,5058
9259,10259
3916,4916
4810,5810
5819,6819
9312,10312
3151,4151
9252,10252
1385,2385
5077,6077
2338,3338
9375,10375
1267,2267
5279,6279
440,1440
7982,8982
8024,9024
9632,10632
7073,8073
5174,6174
243,1243
173,1173
598,1598
7814,8814
6171,7171
9525,10525
1913,2913
4722,5722
6644,7644
7116,8116
1128,2128
2144,3144
4089,5089
5808,6808
2771,3771
5760,6760
8476,9476
1895,2895
5413,6413
4232,5232
241,1241
8587,9587
8695,9695
5329,6329
815,1815
8035,9035
1558,2558
3460,4460
9286,10286
3243,4243
3354,4354
9530,10530
9902,10902
178,1178
3077,4077
2595,3595
609,1609
1582,2582
7934,8934
7277,8277
6811,7811
9061,10061
2444,3444
8888,9888
6025,7025
1771,2771
182,1182
8279,9279
3400,4400
3712,4712
2499,3499
5416,6416
6747,7747
122,1122
8988,9988
6609,7609
694,1694
7730,8730
520,1520
8058,9058
8503,9503
1596,2596
3227,4227
9741,10741
163,1163
4413,5413
1926,2926
7118,8118
8959,9959
7762,8762
7018,8018
1609,2609
379,1379
5102,6102
8745,9745
7528,8528
4434,5434
3886,4886
505,1505
7019,8019
247,1247
162,1162
2649,3649
5100,6100
8235,9235
6681,7681
9805,10805
1264,2264
9428,10428
3142,4142
3857,4857
719,1719
8265,9265
1302,2302
5859,6859
9864,10864
4652,5652
6806,7806
196,1196
6862,7862
606,1606
8940,9940
6944,7944
4427,5427
3788,4788
2661,3661
692,1692
8089,9089
7567,8567
347,1347
1628,2628
8443,9443
4504,5504
561,1561
6709,7709
3544,4544
5799,6799
61,1061
1160,2160
8432,9432
6392,7392
2850,3850
5178,6178
6541,7541
9922,10922
3386,4386
956,1956
1915,2915
5614,6614
438,1438
2401,3401
6262,7262
6242,7242
4548,5548
1492,2492
6860,7860
7560,8560
480,1480
4056,5056
9247,10247
5008,6008
2641,3641
8592,9592
6353,7353
5324,6324
7056,8056
3590,4590
1535,2535
8269,9269
6566,7566
4817,5817
8901,9901
2759,3759
1336,2336
1427,2427
3845,4845
2585,3585
4857,5857
8562,9562
4676,5676
3014,4014
5409,6409
6982,7982
5877,6877
5211,6211
4013,5013
5447,6447
7816,8816
744,1744
797,1797
7303,8303
8362,9362
3060,4060
8610,9610
2927,3927
6312,7312
3342,4342
6901,7901
8364,9364
5337,6337
4824,5824
3593,4593
9329,10329
6467,7467
5928,6928
7234,8234
6407,7407
710,1710
6509,7509
8798,9798
4411,5411
3834,4834
6160,7160
9674,10674
3320,4320
6273,7273
1381,2381
9092,10092
843,1843
2849,3849
1025,2025
9141,10141
3884,4884
2642,3642
4535,5535
2045,3045
4535,5535
5064,6064
9979,10979
2853,3853
4027,5027
9281,10281
3378,4378
2318,3318
8213,9213
4496,5496
7482,8482
1835,2835
9229,10229
1342,2342
5198,6198
5060,6060
1620,2620
4913,5913
603,1603
2849,3849
6378,7378
1428,2428
132,1132
7046,8046
5601,6601
339,1339
4362,5362
4658,5658
3625,4625
186,1186
3025,4025
3944,4944
6600,7600
5841,6841
3646,4646
1642,2642
9422,10422
1441,2441
8281,9281
7268,8268
9919,10919
2585,3585
4408,5408
8094,9094
692,1692
3668,4668
7750,8750
6518,7518
8693,9693
6250,7250
3583,4583
1081,2081
1087,2087
2507,3507
4033,5033
8371,9371
7904,8904
1552,2552
753,1753
8887,9887
6799,7799
4365,5365
9772,10772
2649,3649
974,1974
5188,6188
4546,5546
4917,5917
2554,3554
3582,4582
7826,8826
4777,5777
5479,6479
8962,9962
6362,7362
199,1199
5868,6868
5796,6796
2273,3273
3444,4444
3266,4266
8053,9053
2236,3236
6238,7238
5514,6514
8083,9083
2886,3886
7734,8734
6719,7719
7139,8139
823,1823
7011,8011
1296,2296
7201,8201
4798,5798
4679,5679
9395,10395
3643,4643
1355,2355
2235,3235
9725,10725
1144,2144
2089,3089
3499,4499
1657,2657
3445,4445
7830,8830
5559,6559
9820,10820
8846,9846
2054,3054
7196,8196
9712,10712
728,1728
3186,4186
3632,4632
8796,9796
6608,7608
9482,10482
1194,2194
9969,10969
3929,4929
2245,3245
692,1692
191,1191
4618,5618
7463,8463
8501,9501
5169,6169
8980,9980
446,1446
1325,2325
6126,7126
8715,9715
8016,9016
6347,7347
1213,2213
1416,2416
7313,8313
2364,3364
3004,4004
5508,6508
8753,9753
3587,4587
9524,10524
2036,3036
4762,5762
9686,10686
5594,6594
1440,2440
5276,6276
3583,4583
8984,9984
3869,4869
4378,5378
5159,6159
3507,4507
1305,2305
8154,9154
2347,3347
6103,7103
4883,5883
9027,10027
3656,4656
2803,3803
4046,5046
2524,3524
715,1715
3451,4451
4167,5167
3687,4687
3519,4519
5252,6252
7825,8825
6928,7928
4200,5200
1089,2089
9680,10680
4313,5313
9974,10974
7653,8653
7440,8440
6869,7869
2931,3931
5101,6101
3357,4357
8930,9930
5832,6832
8156,9156
6146,7146
9198,10198
527,1527
8698,9698
2149,3149
9697,10697
7124,8124
6562,7562
341,1341
7997,8997
6594,7594
633,1633
5747,6747
5838,6838
5070,6070
6096,7096
5433,6433
3704,4704
4929,5929
1097,2097
6119,7119
1621,2621
8925,9925
809,1809
7780,8780
9779,10779
1430,2430
4509,5509
1326,2326
4154,5154
9716,10716
6831,7831
212,1212
3025,4025
9590,10590
7987,8987
501,1501
8256,9256
1339,2339
6127,7127
5056,6056
9340,10340
7366,8366
7445,8445
387,1387
5601,6601
8296,9296
3754,4754
8781,9781
822,1822
9586,10586
1905,2905
9565,10565
3325,4325
1531,2531
6198,7198
4869,5869
3689,4689
582,1582
4521,5521
9542,10542
1996,2996
4932,5932
9031,10031
8974,9974
2828,3828
8086,9086
6938,7938
4582,5582
8103,9103
8462,9462
2346,3346
540,1540
6853,7853
7421,8421
9418,10418
6397,7397
9503,10503
1374,2374
7332,8332
9625,10625
9736,10736
9312,10312
5413,6413
3110,4110
1948,2948
4990,5990
5758,6758
9073,10073
7921,8921
2940,3940
7588,8588
7928,8928
6321,7321
435,1435
6154,7154
6932,7932
9810,10810
9748,10748
8041,9041
1470,2470
7122,8122
868,1868
9276,10276
2521,3521
7811,8811
5765,6765
861,1861
4842,5842
1617,2617
7984,8984
2099,3099
2736,3736
6807,7807
9011,10011
5223,6223
3315,4315
280,1280
5990,6990
695,1695
1268,2268
4116,5116
2613,3613
5127,6127
2224,3224
7532,8532
1592,2592
8735,9735
6325,7325
572,1572
1564,2564
8255,9255
7559,8559
8406,9406
8552,9552
4263,5263
3012,4012
4823,5823
6816,7816
1045,2045
4974,5974
328,1328
9756,10756
8393,9393
7661,8661
2471,3471
1977,2977
2931,3931
8691,9691
5647,6647
5889,6889
8692,9692
110,1110
8134,9134
4203,5203
9876,10876
3590,4590
8270,9270
6179,7179
2048,3048
6172,7172
4885,5885
5364,6364
6411,7411
5544,6544
7732,8732
4336,5336
624,1624
404,1404
6950,7950
5055,6055
943,1943
8963,9963
7641,8641
547,1547
3081,4081
5119,6119
6373,7373
3625,4625
5313,6313
8188,9188
9127,10127
6149,7149
8772,9772
1630,2630
8251,9251
453,1453
9557,10557
2830,3830
6317,7317
1498,2498
4007,5007
3878,4878
8104,9104
2322,3322
2006,3006
1882,2882
6392,7392
2688,3688
9236,10236
6532,7532
1685,2685
8171,9171
6920,7920
7588,8588
9208,10208
9036,10036
8673,9673
8214,9214
4250,5250
4536,5536
3674,4674
1763,2763
9152,10152
1044,2044
9138,10138
2297,3297
8240,9240
6281,7281
1068,2068
4208,5208
8531,9531
8440,9440
859,1859
7092,8092
1316,2316
7875,8875
5699,6699
4352,5352
282,1282
174,1174
270,1270
5834,6834
6379,7379
322,1322
8912,9912
6151,7151
1903,2903
5935,6935
8619,9619
9144,10144
4548,5548
7860,8860
8229,9229
6005,7005
1412,2412
2104,3104
6250,7250
9764,10764
5628,6628
458,1458
4344,5344
6613,7613
3228,4228
6131,7131
2407,3407
1277,2277
9596,10596
7110,8110
2478,3478
4488,5488
9743,10743
3164,4164
1742,2742
4399,5399
3914,4914
5856,6856
9539,10539
2146,3146
1086,2086
9449,10449
3889,4889
6658,7658
4093,5093
2424,3424
6619,7619
8861,9861
6562,7562
7974,8974
4241,5241
1872,2872
8102,9102
5014,6014
8202,9202
1012,2012
7201,8201
935,1935
8950,9950
529,1529
9318,10318
560,1560
8300,9300
1344,2344
2633,3633
622,1622
4025,5025
5395,6395
812,1812
5935,6935
9046,10046
3937,4937
819,1819
8010,9010
435,1435
5096,6096
7865,8865
8884,9884
9454,10454
2638,3638
7307,8307
8452,9452
4552,5552
6733,7733
3996,4996
2635,3635
1792,2792
7585,8585
3047,4047
2644,3644
6384,7384
1320,2320
9127,10127
2450,3450
8029,9029
2760,3760
125,1125
6386,7386
1426,2426
8349,9349
1281,2281
1201,2201
9013,10013
7265,8265
8744,9744
3525,4525
1472,2472
8953,9953
2360,3360
3783,4783
1,1001
8903,9903
1372,2372
504,1504
1075,2075
8587,9587
5087,6087
4697,5697
4281,5281
6977,7977
3229,4229
9911,10911
6973,7973
8691,9691
8617,9617
4680,5680
2017,3017
7089,8089
166,1166
1889,2889
6524,7524
379,1379
5639,6639
9090,10090
8193,9193
6698,7698
9263,10263
4100,5100
4280,5280
8738,9738
8141,9141
4723,5723
4424,5424
1054,2054
6879,7879
455,1455
6745,7745
839,1839
6534,7534
9610,10610
3581,4581
1605,2605
5639,6639
8919,9919
2698,3698
5158,6158
1346,2346
9733,10733
5323,6323
8564,9564
216,1216
8643,9643
1327,2327
5518,6518
4860,5860
3445,4445
5431,6431
7407,8407
5810,6810
3939,4939
8654,9654
5244,6244
5122,6122
1335,2335
5397,6397
767,1767
7233,8233
1726,2726
4824,5824
1995,2995
8456,9456
2018,3018
6016,7016
2069,3069
4115,5115
4211,5211
2398,3398
2927,3927
6058,7058
3357,4357
7041,8041
9261,10261
1543,2543
9674,10674
5170,6170
8422,9422
8780,9780
2698,3698
8699,9699
3709,4709
1777,2777
3851,4851
7521,8521
7246,8246
7584,8584
6504,7504
6628,7628
7014,8014
4744,5744
461,1461
2116,3116
7108,8108
3802,4802
8903,9903
5393,6393
1657,2657
9973,10973
7617,8617
7084,8084
6105,7105
5415,6415
2972,3972
5817,6817
8958,9958
9829,10829
8549,9549
7590,8590
7053,8053
8898,9898
4522,5522
3038,4038
3964,4964
924,1924
7008,8008
5166,6166
1757,2757
395,1395
3148,4148
8571,9571
1940,2940
2963,3963
7478,8478
5195,6195
3268,4268
4902,5902
9589,10589
6075,7075
7673,8673
2826,3826
2358,3358
3400,4400
8445,9445
863,1863
1575,2575
6075,7075
4572,5572
6680,7680
8057,9057
977,1977
3316,4316
3425,4425
70,1070
5242,6242
7430,8430
4407,5407
4399,5399
4235,5235
9483,10483
6888,7888
4582,5582
5928,6928
4286,5286
6941,7941
2148,3148
4609,5609
9508,10508
9919,10919
3097,4097
7461,8461
9734,10734
9513,10513
9551,10551
9487,10487
9768,10768
3823,4823
3943,4943
1502,2502
9583,10583
8239,9239
1137,2137
3248,4248
8339,9339
3262,4262
7284,8284
255,1255
2174,3174
8524,9524
9400,10400
4976,5976
813,1813
4824,5824
5660,6660
7837,8837
2016,3016
4472,5472
8538,9538
9772,10772
1223,2223
1945,2945
234,1234
9784,10784
8135,9135
2838,3838
7629,8629
419,1419
7704,8704
1511,2511
9261,10261
1403,2403
7065,8065
185,1185
9039,10039
6689,7689
8609,9609
4570,5570
5666,6666
6429,7429
1867,2867
9727,10727
204,1204
6442,7442
7702,8702
4115,5115
5194,6194
8947,9947
3061,4061
7382,8382
8226,9226
8413,9413
9301,10301
8978,9978
9796,10796
9803,10803
3423,4423
9096,10096
677,1677
9315,10315
4940,5940
3794,4794
3968,4968
118,1118
8481,9481
6294,7294
6462,7462
8850,9850
3428,4428
7447,8447
7446,8446
6801,7801
5479,6479
1104,2104
4651,5651
469,1469
3311,4311
5519,6519
216,1216
8481,9481
8694,9694
2733,3733
7778,8778
178,1178
8294,9294
1279,2279
6382,7382
4557,5557
4295,5295
3097,4097
3251,4251
9670,10670
7022,8022
5831,6831
1057,2057
2284,3284
9698,10698
6026,7026
4286,5286
844,1844
9072,10072
5181,6181
5720,6720
444,1444
6471,7471
8399,9399
9324,10324
5343,6343
676,1676
9972,10972
9713,10713
798,1798
9990,10990
6014,7014
974,1974
9669,10669
2655,3655
8160,9160
6499,7499
6767,7767
2346,3346
6413,7413
6093,7093
663,1663
7305,8305
8328,9328
6127,7127
1576,2576
9031,10031
8744,9744
3006,4006
5511,6511
2436,3436
4556,5556
330,1330
6348,7348
9182,10182
6252,7252
5744,6744
7700,8700
3520,4520
4744,5744
9602,10602
9298,10298
5000,6000
6446,7446
2766,3766
9864,10864
1368,2368
2451,3451
5732,6732
9339,10339
3779,4779
8690,9690
4840,5840
2912,3912
1481,2481
9682,10682
2059,3059
5916,6916
3500,4500
5581,6581
5930,6930
8617,9617
8029,9029
9416,10416
4225,5225
8415,9415
1871,2871
9794,10794
7798,8798
187,1187
8486,9486
8591,9591
7823,8823
6467,7467
5340,6340
4251,5251
3653,4653
5099,6099
9442,10442
7713,8713
6367,7367
625,1625
5019,6019
496,1496
7930,8930
783,1783
3682,4682
6994,7994
1976,2976
4326,5326
3749,4749
4234,5234
4019,5019
2981,3981
6278,7278
2873,3873
1015,2015
3745,4745
7009,8009
9640,10640
2071,3071
353,1353
3891,4891
1468,2468
637,1637
2639,3639
6096,7096
4948,5948
524,1524
6168,7168
1705,2705
6017,7017
376,1376
3097,4097
570,1570
1908,2908
6011,7011
9685,10685
2090,3090
3321,4321
5002,6002
707,1707
3329,4329
491,1491
3577,4577
6842,7842
6369,7369
6435,7435
2298,3298
915,1915
2754,3754
7429,8429
1219,2219
6371,7371
2222,3222
6773,7773
145,1145
265,1265
1722,2722
460,1460
1723,2723
4519,5519
5463,6463
7519,8519
9652,10652
3660,4660
9864,10864
9960,10960
6455,7455
6922,7922
9120,10120
4846,5846
3298,4298
6477,7477
11,1011
8622,9622
7565,8565
2552,3552
7911,8911
4562,5562
862,1862
8412,9412
1453,2453
6632,7632
2594,3594
1022,2022
5860,6860
3393,4393
9136,10136
2130,3130
629,1629
2084,3084
7011,8011
2766,3766
7850,8850
5143,6143
9170,10170
6466,7466
6571,7571
3671,4671
2531,3531
9629,10629
9432,10432
3134,4134
6829,7829
3893,4893
4229,5229
4703,5703
3707,4707
5069,6069
1456,2456
5746,6746
8865,9865
7821,8821
5343,6343
7170,8170
1510,2510
5842,6842
4669,5669
8592,9592
5184,6184
1024,2024
6907,7907
4460,5460
5675,6675
7688,8688
1280,2280
1241,2241
1990,2990
9874,10874
4960,5960
306,1306
586,1586
3648,4648
7758,8758
5577,6577
6165,7165
5898,6898
9229,10229
9587,10587
4003,5003
411,1411
4792,5792
9623,10623
7890,8890
2298,3298
8058,9058
5710,6710
4066,5066
6173,7173
214,1214
2799,3799
8374,9374
6324,7324
1530,2530
6936,7936
8896,9896
6225,7225
4477,5477
3885,4885
8143,9143
411,1411
6381,7381
7961,8961
9862,10862
5927,6927
6417,7417
6772,7772
4349,5349
4704,5704
8223,9223
1857,2857
827,1827
8528,9528
4091,5091
4150,5150
7170,8170
8528,9528
1995,2995
96,1096
3337,4337
9909,10909
3763,4763
5797,6797
2450,3450
6269,7269
8845,9845
4023,5023
267,1267
2510,3510
5297,6297
4085,5085
9734,10734
3084,4084
7645,8645
3757,4757
7348,8348
9853,10853
1013,2013
1235,2235
8272,9272
7409,8409
9783,10783
6963,7963
38,1038
6369,7369
481,1481
8589,9589
7205,8205
435,1435
7586,8586
6707,7707
6847,7847
7541,8541
8527,9527
2540,3540
7781,8781
8765,9765
8883,9883
3834,4834
9648,10648
6090,7090
9507,10507
1422,2422
6348,7348
4266,5266
5746,6746
1826,2826
8987,9987
7064,8064
3179,4179
2321,3321
9124,10124
2362,3362
5774,6774
7737,8737
7872,8872
1114,2114
1144,2144
2569,3569
7816,8816
2996,3996
8082,9082
7304,8304
161,1161
144,1144
5271,6271
1616,2616
9682,10682
7314,8314
3640,4640
355,1355
6655,7655
4516,5516
3704,4704
2725,3725
48,1048
7554,8554
1644,2644
1782,2782
6766,7766
2841,3841
8803,9803
9517,10517
6959,7959
4911,5911
2984,3984
7229,8229
775,1775
4031,5031
7089,8089
8532,9532
5906,6906
3064,4064
9888,10888
5470,6470
4776,5776
3019,4019
8923,9923
4757,5757
7769,8769
3030,4030
7556,8556
4204,5204
7330,8330
1209,2209
5866,6866
2239,3239
6453,7453
8971,9971
5735,6735
2280,3280
8690,9690
3581,4581
8051,9051
3624,4624
6791,7791
5553,6553
9207,10207
1091,2091
2626,3626
6041,7041
1028,2028
1502,2502
7800,8800
4134,5134
8906,9906
4508,5508
561,1561
1254,2254
4807,5807
3424,4424
5070,6070
5769,6769
4291,5291
5054,6054
1667,2667
5572,6572
1650,2650
8387,9387
2451,3451
4366,5366
5029,6029
6964,7964
6178,7178
497,1497
2428,3428
1931,2931
165,1165
9406,10406
8160,9160
1396,2396
1981,2981
6496,7496
3298,4298
8161,9161
2569,3569
3361,4361
5436,6436
3715,4715
3832,4832
52,1052
4506,5506
1976,2976
1474,2474
6663,7663
1220,2220
471,1471
7089,8089
4672,5672
2705,3705
6813,7813
9954,10954
8870,9870
8384,9384
9070,10070
3716,4716
5051,6051
6437,7437
5184,6184
9209,10209
4445,5445
1959,2959
5529,6529
9673,10673
415,1415
8015,9015
2371,3371
8181,9181
3134,4134
3741,4741
9931,10931
5189,6189
639,1639
24,1024
8932,9932
8057,9057
5121,6121
3207,4207
8058,9058
9897,10897
6975,7975
6323,7323
7397,8397
1820,2820
6537,7537
647,1647
7701,8701
6922,7922
6306,7306
3056,4056
2596,3596
4667,5667
6107,7107
4055,5055
1316,2316
5437,6437
8991,9991
1112,2112
1350,2350
6483,7483
9419,10419
4280,5280
5710,6710
893,1893
68,1068
6887,7887
8691,9691
7856,8856
451,1451
2839,3839
7728,8728
4196,5196
3510,4510
6682,7682
4240,5240
3435,4435
3975,4975
1811,2811
7609,8609
5196,6196
3834,4834
9995,10995
4156,5156
4301,5301
7957,8957
4562,5562
2666,3666
6535,7535
3586,4586
9486,10486
8112,9112
491,1491
316,1316
8934,9934
5780,6780
9289,10289
674,1674
7103,8103
8428,9428
4609,5609
6364,7364
5527,6527
3113,4113
1628,2628
2049,3049
6824,7824
4325,5325
286,1286
5304,6304
1365,2365
9623,10623
514,1514
1041,2041
1419,2419
9375,10375
3552,4552
5866,6866
6454,7454
4236,5236
7064,8064
5227,6227
7080,8080
963,1963
6865,7865
1601,2601
2811,3811
4201,5201
199,1199
5050,6050
3968,4968
2559,3559
6534,7534
7684,8684
4790,5790
4360,5360
5376,6376
9339,10339
5347,6347
6629,7629
4744,5744
6979,7979
9531,10531
4614,5614
2373,3373
1786,2786
7687,8687
8846,9846
2657,3657
2613,3613
1410,2410
5344,6344
2683,3683
3076,4076
9889,10889
3304,4304
8223,9223
8178,9178
1722,2722
397,1397
8647,9647
2298,3298
8935,9935
9746,10746
7154,8154
7817,8817
1446,2446
9904,10904
7914,8914
6166,7166
2392,3392
3878,4878
7126,8126
2110,3110
2444,3444
7685,8685
3325,4325
3534,4534
5975,6975
2680,3680
251,1251
5731,6731
3339,4339
4277,5277
7550,8550
5727,6727
6048,7048
5776,6776
3169,4169
6519,7519
5952,6952
7319,8319
7125,8125
3794,4794
2813,3813
4868,5868
315,1315
3301,4301
924,1924
310,1310
6898,7898
3429,4429
8542,9542
3588,4588
5298,6298
4603,5603
9476,10476
2332,3332
6133,7133
8432,9432
1347,2347
5049,6049
6333,7333
6799,7799
8126,9126
6914,7914
9715,10715
9765,10765
5765,6765
2547,3547
8587,9587
1986,2986
5223,6223
1478,2478
6331,7331
8561,9561
8324,9324
7652,8652
2921,3921
8142,9142
1998,2998
1972,2972
954,1954
3994,4994
4844,5844
3112,4112
841,1841
7931,8931
2823,3823
98,1098
3772,4772
8394,9394
935,1935
3218,4218
5692,6692
4921,5921
7701,8701
6573,7573
3671,4671
6047,7047
1339,2339
5874,6874
3153,4153
4322,5322
512,1512
9179,10179
3502,4502
1015,2015
5439,6439
251,1251
8398,9398
1857,2857
8,1008
8164,9164
2846,3846
7775,8775
4209,5209
9664,10664
8785,9785
3939,4939
3857,4857
9718,10718
4497,5497
7514,8514
3397,4397
6481,7481
2654,3654
5223,6223
897,1897
1591,2591
9803,10803
9718,10718
3896,4896
3720,4720
558,1558
3315,4315
4862,5862
455,1455
9422,10422
3958,4958
6518,7518
7074,8074
7822,8822
1657,2657
5744,6744
8834,9834
1697,2697
1378,2378
2784,3784
4743,5743
5468,6468
5102,6102
1393,2393
9751,10751
9616,10616
7278,8278
311,1311
1378,2378
5990,6990
1386,2386
5612,6612
6784,7784
4900,5900
2618,3618
3410,4410
8620,9620
8311,9311
4573,5573
317,1317
8217,9217
4071,5071
5495,6495
9431,10431
3201,4201
9212,10212
6388,7388
2919,3919
2130,3130
5834,6834
7251,8251
2861,3861
763,1763
1362,2362
2699,3699
5731,6731
7086,8086
2632,3632
6365,7365
1266,2266
6537,7537
1519,2519
7866,8866
5424,6424
6755,7755
279,1279
2106,3106
8071,9071
3896,4896
2652,3652
4888,5888
607,1607
756,1756
8631,9631
7408,8408
3578,4578
5483,6483
2637,3637
1281,2281
40,1040
7924,8924
1784,2784
4385,5385
8729,9729
8656,9656
4578,5578
7062,8062
339,1339
7816,8816
5408,6408
8720,9720
160,1160
284,1284
8673,9673
5189,6189
1067,2067
9234,10234
4533,5533
9435,10435
4146,5146
5688,6688
8497,9497
5629,6629
8826,9826
9227,10227
1817,2817
5182,6182
5985,6985
2955,3955
6751,7751
458,1458
326,1326
8481,9481
1923,2923
8344,9344
6468,7468
5421,6421
7188,8188
8177,9177
8258,9258
3396,4396
7848,8848
4308,5308
6978,7978
6485,7485
4808,5808
2114,3114
7271,8271
8792,9792
4771,5771
6519,7519
5313,6313
9588,10588
8927,9927
2802,3802
2688,3688
9948,10948
787,1787
2587,3587
4585,5585
6061,7061
5170,6170
4187,5187
9549,10549
305,1305
7921,8921
3511,4511
3313,4313
8031,9031
3714,4714
955,1955
6139,7139
1583,2583
2676,3676
5064,6064
5422,6422
9635,10635
4449,5449
5377,6377
6025,7025
2273,3273
8431,9431
8356,9356
315,1315
5913,6913
2406,3406
5472,6472
2205,3205
5781,6781
7593,8593
3439,4439
9331,10331
4776,5776
8949,9949
5448,6448
9754,10754
9957,10957
3138,4138
2847,3847
6163,7163
2134,3134
8860,9860
7165,8165
275,1275
3299,4299
7172,8172
4489,5489
1380,2380
7436,8436
2276,3276
97,1097
264,1264
962,1962
6678,7678
3731,4731
8369,9369
5747,6747
4023,5023
9236,10236
7662,8662
2675,3675
6225,7225
4659,5659
7323,8323
5479,6479
165,1165
5215,6215
6984,7984
7774,8774
3003,4003
5573,6573
1187,2187
8464,9464
6813,7813
4332,5332
3811,4811
4210,5210
4894,5894
5861,6861
7233,8233
3799,4799
6365,7365
5047,6047
5878,6878
9870,10870
9438,10438
8450,9450
6562,7562
2660,3660
6108,7108
5274,6274
5234,6234
9336,10336
6594,7594
5394,6394
6361,7361
6969,7969
531,1531
5683,6683
5276,6276
4356,5356
1088,2088
3727,4727
8772,9772
1387,2387
3427,4427
1148,2148
6103,7103
7278,8278
2019,3019
8657,9657
531,1531
2398,3398
5161,6161
7733,8733
9086,10086
783,1783
8547,9547
9935,10935
2658,3658
6466,7466
9079,10079
5025,6025
9409,10409
4984,5984
2737,3737
9771,10771
2270,3270
1166,2166
5863,6863
210,1210
5779,6779
4578,5578
9151,10151
5669,6669
1957,2957
349,1349
2691,3691
2644,3644
1946,2946
3551,4551
387,1387
7472,8472
7581,8581
9660,10660
8978,9978
7029,8029
9100,10100
8370,9370
4875,5875
9076,10076
2880,3880
6935,7935
8877,9877
726,1726
5962,6962
8306,9306
7357,8357
4422,5422
701,1701
1732,2732
3498,4498
281,1281
2792,3792
3630,4630
8707,9707
6549,7549
7357,8357
2213,3213
9338,10338
9691,10691
7888,8888
2846,3846
8714,9714
2851,3851
7426,8426
9596,10596
8958,9958
7372,8372
4136,5136
1251,2251
8626,9626
5483,6483
5411,6411
5430,6430
476,1476
3150,4150
6413,7413
9562,10562
7138,8138
3489,4489
8340,9340
2739,3739
3199,4199
9090,10090
8337,9337
2513,3513
7778,8778
9336,10336
8919,9919
4377,5377
2765,3765
7387,8387
3957,4957
674,1674
5806,6806
5068,6068
2591,3591
9139,10139
9927,10927
947,1947
3161,4161
6065,7065
4690,5690
6151,7151
3108,4108
3261,4261
8142,9142
4670,5670
6992,7992
5527,6527
4807,5807
1783,2783
7652,8652
4569,5569
5404,6404
1879,2879
3247,4247
7316,8316
2561,3561
856,1856
6832,7832
2318,3318
8576,9576
5496,6496
9681,10681
5747,6747
5533,6533
4873,5873
7777,8777
651,1651
5414,6414
7158,8158
8125,9125
2115,3115
3824,4824
3035,4035
6045,7045
9302,10302
1192,2192
1468,2468
3886,4886
9150,10150
9816,10816
4734,5734
9350,10350
4834,5834
6935,7935
7646,8646
9842,10842
7818,8818
8654,9654
7805,8805
7111,8111
8748,9748
9915,10915
7089,8089
6763,7763
4236,5236
3781,4781
782,1782
3094,4094
5237,6237
369,1369
9731,10731
6852,7852
6083,7083
3890,4890
3759,4759
1623,2623
3804,4804
8347,9347
8999,9999
6734,7734
5428,6428
8609,9609
9778,10778
9843,10843
30,1030
5999,6999
6328,7328
8489,9489
4004,5004
674,1674
1607,2607
9032,10032
6953,7953
7569,8569
122,1122
1447,2447
2719,3719
3174,4174
5363,6363
2814,3814
2882,3882
6994,7994
1754,2754
9684,10684
6818,7818
5184,6184
6569,7569
162,1162
9380,10380
86,1086
1670,2670
1365,2365
6825,7825
4701,5701
7491,8491
3399,4399
7913,8913
5120,6120
3418,4418
809,1809
5640,6640
6652,7652
8377,9377
359,1359
3113,4113
2725,3725
9905,10905
3850,4850
35,1035
812,1812
3911,4911
3505,4505
9980,10980
8092,9092
7927,8927
6911,7911
9667,10667
849,1849
2891,3891
8876,9876
5761,6761
6642,7642
8534,9534
4729,5729
2458,3458
2859,3859
180,1180
5606,6606
4386,5386
7968,8968
7811,8811
4950,5950
144,1144
2387,3387
8181,9181
2328,3328
39,1039
1122,2122
4904,5904
2959,3959
4910,5910
2870,3870
8920,9920
8074,9074
6612,7612
9052,10052
3870,4870
9959,10959
2825,3825
6434,7434
3488,4488
9503,10503
8292,9292
4257,5257
9379,10379
8467,9467
9579,10579
7423,8423
4831,5831
3524,4524
7197,8197
5698,6698
2436,3436
8042,9042
2336,3336
564,1564
7089,8089
3522,4522
4308,5308
7421,8421
8555,9555
3708,4708
5541,6541
9767,10767
435,1435
4820,5820
8603,9603
4316,5316
3988,4988
7123,8123
5493,6493
4343,5343
1268,2268
8216,9216
543,1543
2334,3334
7913,8913
474,1474
4629,5629
8463,9463
8711,9711
1476,2476
6854,7854
7801,8801
976,1976
5353,6353
53,1053
2364,3364
6070,7070
2188,3188
72,1072
4866,5866
8052,9052
823,1823
6085,7085
6699,7699
4643,5643
3992,4992
6392,7392
6653,7653
1199,2199
3206,4206
2815,3815
9676,10676
46,1046
8775,9775
6861,7861
6534,7534
9850,10850
8869,9869
7742,8742
3861,4861
4152,5152
3101,4101
2175,3175
1452,2452
8966,9966
1888,2888
6981,7981
9026,10026
9186,10186
1499,2499
548,1548
5720,6720
4332,5332
2867,3867
7262,8262
3427,4427
535,1535
6322,7322
7346,8346
4314,5314
448,1448
681,1681
4492,5492
2230,3230
1674,2674
3056,4056
5828,6828
4044,5044
7627,8627
4194,5194
9731,10731
4631,5631
8676,9676
8493,9493
6764,7764
796,1796
2023,3023
9781,10781
1210,2210
7442,8442
3826,4826
893,1893
4928,5928
4715,5715
5886,6886
4421,5421
2959,3959
9156,10156
1469,2469
3161,4161
3642,4642
2306,3306
1015,2015
8663,9663
8147,9147
6286,7286
2322,3322
5827,6827
1494,2494
3242,4242
5245,6245
3713,4713
3752,4752
7594,8594
4963,5963
4425,5425
3341,4341
3391,4391
8332,9332
9287,10287
311,1311
9366,10366
6685,7685
150,1150
7407,8407
2000,3000
6922,7922
4906,5906
2870,3870
5515,6515
1081,2081
1271,2271
7221,8221
9052,10052
2359,3359
752,1752
6473,7473
6276,7276
3077,4077
1700,2700
6114,7114
3635,4635
6873,7873
4196,5196
1745,2745
1643,2643
3711,4711
2616,3616
2083,3083
2869,3869
6761,7761
4007,5007
4987,5987
6820,7820
8970,9970
8767,9767
2552,3552
7217,8217
5037,6037
3167,4167
8493,9493
500,1500
5121,6121
61,1061
8516,9516
5219,6219
3418,4418
1913,2913
9374,10374
3439,4439
4819,5819
7295,8295
7529,8529
2581,3581
6395,7395
9349,10349
3264,4264
4253,5253
5510,6510
4669,5669
5916,6916
9692,10692
3672,4672
235,1235
1607,2607
1513,2513
8003,9003
1990,2990
7350,8350
7556,8556
8344,9344
1418,2418
5564,6564
7485,8485
8030,9030
3975,4975
8207,9207
27,1027
8742,9742
8562,9562
5579,6579
8511,9511
1965,2965
4316,5316
5637,6637
2266,3266
1765,2765
9852,10852
988,1988
8973,9973
1748,2748
6323,7323
8674,9674
518,1518
3992,4992
8231,9231
4831,5831
3178,4178
513,1513
921,1921
8942,9942
6715,7715
9133,10133
117,1117
3756,4756
3873,4873
8280,9280
9814,10814
6407,7407
6115,7115
3992,4992
6436,7436
9733,10733
8500,9500
9054,10054
4093,5093
1085,2085
5511,6511
9679,10679
7037,8037
6903,7903
8349,9349
8553,9553
3696,4696
7022,8022
2059,3059
8806,9806
179,1179
9449,10449
2024,3024
8948,9948
5622,6622
4714,5714
1809,2809
884,1884
9029,10029
1990,2990
420,1420
8803,9803
8619,9619
2152,3152
3646,4646
5961,6961
3397,4397
4720,5720
6066,7066
8933,9933
9187,10187
3896,4896
9895,10895
5083,6083
7581,8581
6285,7285
6552,7552
7090,8090
5914,6914
1337,2337
169,1169
1300,2300
8114,9114
125,1125
1065,2065
1881,2881
9731,10731
1380,2380
4875,5875
2497,3497
8474,9474
5367,6367
489,1489
5696,6696
8862,9862
7841,8841
1900,2900
3679,4679
7197,8197
4790,5790
4854,5854
8925,9925
8730,9730
4647,5647
5346,6346
6451,7451
7387,8387
7417,8417
1479,2479
3059,4059
1612,2612
4523,5523
2074,3074
1928,2928
1906,2906
4294,5294
2893,3893
4800,5800
1433,2433
2202,3202
4361,5361
8989,9989
3479,4479
888,1888
6398,7398
744,1744
6550,7550
4613,5613
9908,10908
6890,7890
9748,10748
434,1434
3268,4268
8035,9035
2004,3004
578,1578
1924,2924
5129,6129
5667,6667
1955,2955
7032,8032
5697,6697
8052,9052
8536,9536
7555,8555
92,1092
5025,6025
6183,7183
160,1160
4187,5187
8374,9374
5746,6746
4824,5824
5990,6990
7529,8529
4581,5581
3555,4555
8564,9564
8335,9335
7471,8471
145,1145
9895,10895
392,1392
1007,2007
6638,7638
6673,7673
760,1760
6121,7121
5653,6653
676,1676
4192,5192
1777,2777
7381,8381
6209,7209
3201,4201
3010,4010
274,1274
1450,2450
997,1997
3722,4722
1048,2048
9994,10994
886,1886
1517,2517
1185,2185
1130,2130
4442,5442
2426,3426
2955,3955
5020,6020
911,1911
3383,4383
7065,8065
3878,4878
9583,10583
4264,5264
5793,6793
1129,2129
8466,9466
625,1625
556,1556
4765,5765
6483,7483
2044,3044
2710,3710
206,1206
171,1171
821,1821
6311,7311
3740,4740
1223,2223
8530,9530
5808,6808
5195,6195
7453,8453
4465,5465
3501,4501
3944,4944
7546,8546
2,1002
3165,4165
4233,5233
2849,3849
8894,9894
9382,10382
2382,3382
2826,3826
5049,6049
1138,2138
9927,10927
2231,3231
6908,7908
3574,4574
561,1561
6916,7916
7973,8973
276,1276
8151,9151
9689,10689
5465,6465
395,1395
8466,9466
7086,8086
4473,5473
229,1229
6622,7622
7136,8136
2223,3223
3025,4025
8614,9614
8494,9494
1233,2233
8137,9137
8382,9382
6161,7161
83,1083
3074,4074
4169,5169
2138,3138
410,1410
993,1993
7558,8558
3657,4657
3181,4181
5169,6169
7794,8794
3846,4846
1233,2233
6650,7650
3186,4186
2864,3864
910,1910
2204,3204
6220,7220
2912,3912
7215,8215
9735,10735
5621,6621
712,1712
4231,5231
2726,3726
5380,6380
6001,7001
9985,10985
8121,9121
2067,3067
6985,7985
6692,7692
4757,5757
3722,4722
74,1074
8473,9473
4941,5941
1152,2152
4317,5317
5619,6619
4293,5293
9801,10801
4560,5560
5078,6078
3534,4534
3716,4716
4662,5662
2165,3165
2734,3734
955,1955
4348,5348
7109,8109
1340,2340
3884,4884
6006,7006
1662,2662
7558,8558
6958,7958
8749,9749
210,1210
8618,9618
7515,8515
7787,8787
690,1690
5128,6128
1743,2743
1975,2975
5362,6362
6017,7017
2186,3186
8328,9328
5708,6708
6384,7384
9525,10525
4060,5060
3729,4729
9481,10481
3819,4819
3068,4068
90,1090
5570,6570
4454,5454
7952,8952
49,1049
9448,10448
2777,3777
2045,3045
1912,2912
3801,4801
97,1097
5117,6117
8393,9393
6547,7547
6409,7409
7070,8070
357,1357
9263,10263
3432,4432
7318,8318
5314,6314
9367,10367
6293,7293
3994,4994
2725,3725
9914,10914
5955,6955
1306,2306
1332,2332
1898,2898
2447,3447
82,1082
6829,7829
2004,3004
6850,7850
175,1175
5936,6936
2970,3970
3534,4534
8964,9964
6203,7203
9550,10550
4656,5656
1361,2361
6609,7609
6337,7337
5905,6905
9670,10670
663,1663
4744,5744
8385,9385
1105,2105
8340,9340
4133,5133
8747,9747
3092,4092
2042,3042
7932,8932
9179,10179
8568,9568
902,1902
2071,3071
6274,7274
7940,8940
8599,9599
7049,8049
7949,8949
9225,10225
6664,7664
7523,8523
6789,7789
8695,9695
9424,10424
5484,6484
5632,6632
7022,8022
5434,6434
2390,3390
8204,9204
651,1651
8720,9720
8876,9876
4677,5677
1936,2936
5720,6720
7450,8450
4727,5727
1081,2081
708,1708
10,1010
5297,6297
6970,7970
5992,6992
9643,10643
5031,6031
5417,6417
6136,7136
4798,5798
5497,6497
6300,7300
2756,3756
7077,8077
5177,6177
6745,7745
1978,2978
4172,5172
2828,3828
6761,7761
7242,8242
6420,7420
7724,8724
8953,9953
9853,10853
4209,5209
3480,4480
616,1616
673,1673
3767,4767
9822,10822
6855,7855
7420,8420
1366,2366
6406,7406
5224,6224
8303,9303
2930,3930
6055,7055
7195,8195
2363,3363
2348,3348
8952,9952
7211,8211
4960,5960
9802,10802
7292,8292
8028,9028
4186,5186
1309,2309
9774,10774
2026,3026
6262,7262
8930,9930
9031,10031
7551,8551
4485,5485
1268,2268
3343,4343
8231,9231
3453,4453
203,1203
8864,9864
7375,8375
7849,8849
8443,9443
7695,8695
3675,4675
8529,9529
5029,6029
8009,9009
997,1997
9997,10997
917,1917
9162,10162
3591,4591
6619,7619
8874,9874
2030,3030
1206,2206
3297,4297
9146,10146
7995,8995
3520,4520
6071,7071
9442,10442
9788,10788
8144,9144
1995,2995
2832,3832
5409,6409
2965,3965
9724,10724
3147,4147
2408,3408
4468,5468
6730,7730
3819,4819
3089,4089
2365,3365
6088,7088
6196,7196
8914,9914
1723,2723
5903,6903
4766,5766
8712,9712
4479,5479
7855,8855
7095,8095
1143,2143
1316,2316
5656,6656
103,1103
75,1075
7015,8015
5712,6712
8666,9666
4272,5272
407,1407
1915,2915
3268,4268
2956,3956
2692,3692
9188,10188
6643,7643
1435,2435
1735,2735
699,1699
7455,8455
6922,7922
7125,8125
3995,4995
3695,4695
736,1736
501,1501
6205,7205
3453,4453
5116,6116
8709,9709
6893,7893
3795,4795
3707,4707
56,1056
7885,8885
7008,8008
7459,8459
8294,9294
5060,6060
198,1198
9947,10947
8583,9583
9881,10881
1935,2935
4647,5647
328,1328
4139,5139
8279,9279
4986,5986
1413,2413
4939,5939
4408,5408
6907,7907
222,1222
3002,4002
2072,3072
3287,4287
3430,4430
7478,8478
713,1713
5362,6362
3349,4349
9839,10839
9717,10717
8007,9007
5887,6887
2236,3236
403,1403
7802,8802
5089,6089
1545,2545
1759,2759
3456,4456
8377,9377
9446,10446
5184,6184
4131,5131
6385,7385
6462,7462
2013,3013
116,1116
8414,9414
662,1662
29,1029
3652,4652
1084,2084
4090,5090
141,1141
2870,3870
1435,2435
3940,4940
4348,5348
3846,4846
4614,5614
6847,7847
5827,6827
6640,7640
1587,2587
7061,8061
1857,2857
6383,7383
9711,10711
5178,6178
5964,6964
1712,2712
8853,9853
6196,7196
7172,8172
8439,9439
2934,3934
5026,6026
4990,5990
7063,8063
970,1970
827,1827
5881,6881
6587,7587
1558,2558
6061,7061
5161,6161
6384,7384
9278,10278
8081,9081
5820,6820
4923,5923
7833,8833
3128,4128
3640,4640
9755,10755
3461,4461
4900,5900
2925,3925
6961,7961
1169,2169
8987,9987
6056,7056
7042,8042
8425,9425
1586,2586
912,1912
6798,7798
9021,10021
1643,2643
5596,6596
6710,7710
685,1685
8590,9590
4506,5506
3065,4065
1917,2917
9925,10925
2524,3524
4655,5655
9540,10540
7172,8172
6371,7371
6989,7989
1153,2153
9353,10353
3953,4953
3533,4533
6107,7107
2307,3307
9556,10556
8484,9484
7016,8016
7459,8459
1687,2687
8504,9504
9224,10224
3669,4669
6167,7167
8347,9347
287,1287
7506,8506
8033,9033
2158,3158
9823,10823
8442,9442
8428,9428
1559,2559
6596,7596
4592,5592
301,1301
4383,5383
2247,3247
7378,8378
1780,2780
2466,3466
4125,5125
3508,4508
1824,2824
1552,2552
8376,9376
7567,8567
6409,7409
4845,5845
7293,8293
1621,2621
5398,6398
9479,10479
7020,8020
7102,8102
9252,10252
8448,9448
9386,10386
478,1478
9347,10347
1805,2805
4221,5221
9952,10952
5667,6667
6975,7975
1729,2729
9058,10058
1958,2958
3334,4334
3919,4919
1458,2458
928,1928
6293,7293
9526,10526
8391,9391
3991,4991
8577,9577
4609,5609
2198,3198
3838,4838
5972,6972
2275,3275
7230,8230
7093,8093
3364,4364
5479,6479
1142,2142
6243,7243
1309,2309
6521,7521
6580,7580
3292,4292
5986,6986
4503,5503
3210,4210
3973,4973
3337,4337
6123,7123
7252,8252
2280,3280
2642,3642
2798,3798
4770,5770
3444,4444
180,1180
9130,10130
364,1364
9717,10717
4033,5033
3924,4924
5652,6652
7859,8859
8261,9261
5515,6515
5319,6319
7459,8459
7106,8106
2296,3296
8787,9787
9781,10781
700,1700
2976,3976
6624,7624
8983,9983
1912,2912
8119,9119
1871,2871
421,1421
2937,3937
8470,9470
9725,10725
5918,6918
8836,9836
5093,6093
6717,7717
5654,6654
4491,5491
1485,2485
8500,9500
734,1734
448,1448
2252,3252
5236,6236
995,1995
5001,6001
3275,4275
6641,7641
8228,9228
2896,3896
9630,10630
9882,10882
8586,9586
2630,3630
6517,7517
9846,10846
3172,4172
2377,3377
615,1615
3629,4629
8446,9446
3923,4923
5432,6432
4921,5921
9562,10562
9887,10887
5411,6411
8977,9977
4699,5699
9020,10020
5471,6471
6909,7909
7112,8112
1767,2767
7209,8209
789,1789
3552,4552
2901,3901
4491,5491
4710,5710
7735,8735
8233,9233
9721,10721
6504,7504
7999,8999
2850,3850
2124,3124
694,1694
3748,4748
3373,4373
1188,2188
1056,2056
6381,7381
4248,5248
5386,6386
1739,2739
4730,5730
974,1974
717,1717
581,1581
5666,6666
8095,9095
7698,8698
6120,7120
8435,9435
9076,10076
699,1699
7491,8491
6041,7041
2381,3381
3636,4636
9204,10204
2508,3508
3477,4477
5914,6914
2543,3543
7661,8661
774,1774
8671,9671
9555,10555
7999,8999
6496,7496
2259,3259
5879,6879
6861,7861
2769,3769
1460,2460
9597,10597
5245,6245
626,1626
3877,4877
7939,8939
7150,8150
1519,2519
1899,2899
4274,5274
8909,9909
996,1996
5077,6077
8528,9528
7784,8784
4630,5630
3149,4149
6528,7528
3575,4575
2948,3948
3426,4426
4405,5405
9823,10823
4146,5146
6637,7637
202,1202
1665,2665
8319,9319
1814,2814
6196,7196
776,1776
6985,7985
690,1690
649,1649
9158,10158
5475,6475
7131,8131
3994,4994
6039,7039
8864,9864
6846,7846
4821,5821
4419,5419
7640,8640
4974,5974
837,1837
8686,9686
9623,10623
7809,8809
4816,5816
2685,3685
5945,6945
1363,2363
5155,6155
603,1603
3689,4689
2303,3303
520,1520
5645,6645
7946,8946
2610,3610
2373,3373
8262,9262
862,1862
6168,7168
8914,9914
9906,10906
8120,9120
5332,6332
1227,2227
6870,7870
6341,7341
4283,5283
3257,4257
1039,2039
6996,7996
8361,9361
5725,6725
3098,4098
6140,7140
8168,9168
9285,10285
496,1496
6322,7322
1398,2398
3342,4342
5763,6763
2885,3885
7157,8157
4610,5610
2255,3255
4915,5915
3593,4593
6307,7307
6745,7745
1328,2328
2098,3098
5716,6716
7894,8894
3338,4338
4430,5430
4069,5069
5050,6050
4829,5829
5112,6112
3261,4261
3619,4619
8041,9041
1228,2228
9704,10704
1936,2936
9040,10040
2409,3409
4119,5119
7261,8261
8961,9961
2053,3053
2795,3795
6134,7134
2863,3863
2013,3013
3328,4328
9470,10470
1423,2423
5636,6636
4619,5619
7495,8495
807,1807
1964,2964
1917,2917
8612,9612
8862,9862
5852,6852
6629,7629
2991,3991
2542,3542
416,1416
9949,10949
1756,2756
6388,7388
7963,8963
8675,9675
6038,7038
7086,8086
579,1579
8895,9895
4976,5976
7584,8584
2495,3495
3359,4359
4601,5601
4060,5060
7204,8204
9249,10249
186,1186
2924,3924
7805,8805
1642,2642
2057,3057
9434,10434
2915,3915
8444,9444
7726,8726
4653,5653
5821,6821
996,1996
7739,8739
6991,7991
2012,3012
9129,10129
267,1267
7011,8011
2450,3450
5779,6779
7997,8997
2446,3446
9199,10199
7400,8400
5107,6107
9821,10821
3321,4321
6361,7361
6411,7411
237,1237
4295,5295
1688,2688
3715,4715
8108,9108
8296,9296
694,1694
9282,10282
4669,5669
9882,10882
8303,9303
4649,5649
5577,6577
2892,3892
6898,7898
5395,6395
8529,9529
9249,10249
5391,6391
8228,9228
729,1729
5674,6674
6112,7112
7975,8975
1965,2965
9994,10994
4874,5874
4709,5709
7705,8705
8234,9234
4594,5594
737,1737
4015,5015
8743,9743
8618,9618
9316,10316
1580,2580
8497,9497
7380,8380
3877,4877
2268,3268
5340,6340
7039,8039
3623,4623
9458,10458
488,1488
839,1839
1567,2567
2478,3478
705,1705
9218,10218
8188,9188
5063,6063
5381,6381
7642,8642
1130,2130
9748,10748
9959,10959
4051,5051
2363,3363
1489,2489
9240,10240
337,1337
3536,4536
8357,9357
7282,8282
4341,5341
7554,8554
170,1170
6126,7126
8153,9153
764,1764
3165,4165
6376,7376
3683,4683
9940,10940
9360,10360
6034,7034
5719,6719
7659,8659
6370,7370
4019,5019
2465,3465
3262,4262
4406,5406
4380,5380
5618,6618
3338,4338
1506,2506
7828,8828
8010,9010
9543,10543
3828,4828
6859,7859
2163,3163
2585,3585
3830,4830
2009,3009
178,1178
9260,10260
321,1321
2286,3286
9484,10484
1786,2786
4358,5358
3983,4983
5221,6221
9814,10814
7005,8005
6777,7777
4138,5138
6119,7119
9523,10523
3985,4985
6353,7353
8208,9208
7552,8552
6906,7906
8568,9568
3998,4998
5865,6865
4881,5881
8800,9800
456,1456
7534,8534
4921,5921
2315,3315
4477,5477
2423,3423
1678,2678
5210,6210
4937,5937
2833,3833
4653,5653
1355,2355
4489,5489
9769,10769
64,1064
4302,5302
7685,8685
4119,5119
9884,10884
5711,6711
5353,6353
5217,6217
536,1536
4482,5482
7160,8160
3583,4583
5007,6007
818,1818
8756,9756
4325,5325
2392,3392
2131,3131
6977,7977
5111,6111
668,1668
2504,3504
6017,7017
9804,10804
1367,2367
9273,10273
6672,7672
2008,3008
4175,5175
4242,5242
8664,9664
1007,2007
2201,3201
9681,10681
2020,3020
9773,10773
4402,5402
7217,8217
4616,5616
9947,10947
6013,7013
797,1797
4364,5364
2068,3068
6166,7166
2870,3870
3267,4267
7913,8913
6667,7667
4505,5505
2757,3757
2671,3671
4923,5923
5342,6342
7218,8218
423,1423
6471,7471
7059,8059
9970,10970
655,1655
6630,7630
5734,6734
9121,10121
204,1204
8965,9965
1284,2284
8773,9773
3153,4153
6132,7132
8423,9423
9784,10784
3639,4639
8567,9567
5965,6965
3212,4212
5577,6577
3730,4730
5192,6192
9454,10454
862,1862
4618,5618
3,1003
421,1421
7835,8835
8882,9882
2018,3018
4976,5976
3277,4277
6400,7400
8448,9448
8459,9459
1579,2579
4830,5830
6391,7391
233,1233
8986,9986
8029,9029
7231,8231
3278,4278
3574,4574
4962,5962
627,1627
5824,6824
5077,6077
3920,4920
9027,10027
800,1800
8561,9561
490,1490
4213,5213
2838,3838
5702,6702
1055,2055
8313,9313
4275,5275
1098,2098
8106,9106
5073,6073
5796,6796
3476,4476
7469,8469
1358,2358
933,1933
4488,5488
6963,7963
8116,9116
2754,3754
9725,10725
7855,8855
7509,8509
7085,8085
9026,10026
1278,2278
600,1600
2654,3654
2288,3288
4980,5980
4637,5637
6616,7616
8324,9324
6657,7657
2134,3134
3018,4018
7908,8908
8250,9250
6974,7974
8019,9019
6480,7480
3070,4070
9135,10135
8206,9206
8267,9267
5108,6108
2541,3541
7728,8728
2730,3730
3939,4939
9646,10646
9449,10449
4098,5098
9217,10217
8625,9625
3867,4867
3859,4859
8827,9827
8030,9030
4774,5774
6219,7219
4379,5379
4812,5812
9003,10003
9592,10592
7231,8231
2708,3708
5640,6640
5744,6744
3939,4939
2799,3799
4145,5145
2271,3271
4596,5596
268,1268
1538,2538
895,1895
9102,10102
9688,10688
7482,8482
6306,7306
3286,4286
5801,6801
6931,7931
9600,10600
5824,6824
2229,3229
2887,3887
7455,8455
8205,9205
1246,2246
1179,2179
1373,2373
3209,4209
8016,9016
4788,5788
6157,7157
1758,2758
7120,8120
9506,10506
4038,5038
9805,10805
956,1956
6578,7578
5921,6921
9241,10241
971,1971
8349,9349
4175,5175
2567,3567
3542,4542
4841,5841
229,1229
8035,9035
2826,3826
9541,10541
8769,9769
6427,7427
7389,8389
7897,8897
1306,2306
9156,10156
1557,2557
1182,2182
4408,5408
738,1738
9121,10121
8297,9297
2820,3820
7462,8462
5837,6837
8737,9737
6277,7277
5419,6419
1718,2718
9805,10805
5887,6887
9860,10860
4776,5776
6988,7988
8243,9243
216,1216
4084,5084
6077,7077
5747,6747
4959,5959
3287,4287
2816,3816
5736,6736
3955,4955
9611,10611
6126,7126
1173,2173
4466,5466
6938,7938
6761,7761
8526,9526
8543,9543
112,1112
637,1637
5635,6635
6675,7675
694,1694
3735,4735
4477,5477
8973,9973
8923,9923
7779,8779
3599,4599
6662,7662
3897,4897
2836,3836
375,1375
1124,2124
4887,5887
977,1977
5770,6770
9462,10462
8219,9219
3586,4586
6567,7567
3921,4921
7637,8637
2757,3757
7206,8206
3049,4049
4169,5169
375,1375
7916,8916
4078,5078
6628,7628
6620,7620
1748,2748
6887,7887
8311,9311
5223,6223
1812,2812
7535,8535
5775,6775
2628,3628
5446,6446
530,1530
577,1577
7715,8715
1253,2253
148,1148
4029,5029
9115,10115
2529,3529
8264,9264
6942,7942
6206,7206
308,1308
4914,5914
5824,6824
9980,10980
6240,7240
6665,7665
7314,8314
4205,5205
4063,5063
5243,6243
890,1890
1050,2050
1296,2296
1492,2492
5316,6316
1708,2708
3282,4282
5019,6019
1650,2650
7229,8229
136,1136
4660,5660
3087,4087
8464,9464
8438,9438
4158,5158
564,1564
263,1263
5821,6821
4302,5302
1992,2992
2405,3405
5621,6621
9775,10775
875,1875
8122,9122
2104,3104
9062,10062
5752,6752
4711,5711
5611,6611
2885,3885
3790,4790
5444,6444
6820,7820
3656,4656
4279,5279
2530,3530
4752,5752
4622,5622
8524,9524
9904,10904
4675,5675
6916,7916
724,1724
3511,4511
2981,3981
9687,10687
2526,3526
3942,4942
745,1745
4867,5867
3587,4587
1892,2892
1288,2288
7769,8769
5301,6301
1650,2650
5057,6057
1518,2518
9508,10508
6253,7253
7259,8259
6736,7736
1087,2087
5751,6751
8513,9513
544,1544
5251,6251
3507,4507
1515,2515
3843,4843
1468,2468
6469,7469
5489,6489
8172,9172
3763,4763
3463,4463
1018,2018
5615,6615
4449,5449
6060,7060
2252,3252
9294,10294
503,1503
9293,10293
1334,2334
9825,10825
6862,7862
2188,3188
3870,4870
3109,4109
2412,3412
8029,9029
8621,9621
4568,5568
3216,4216
8928,9928
5691,6691
1404,2404
6329,7329
3083,4083
6379,7379
2992,3992
545,1545
6208,7208
6362,7362
3569,4569
3427,4427
2089,3089
1977,2977
5467,6467
4565,5565
4087,5087
6807,7807
1233,2233
5640,6640
2142,3142
8555,9555
539,1539
1665,2665
3804,4804
6317,7317
9618,10618
8687,9687
3611,4611
3550,4550
23,1023
5720,6720
3050,4050
9931,10931
2085,3085
1282,2282
4598,5598
2481,3481
3351,4351
7283,8283
8401,9401
2559,3559
3816,4816
967,1967
1483,2483
5474,6474
9413,10413
6924,7924
2475,3475
3084,4084
3203,4203
1039,2039
1789,2789
9387,10387
8693,9693
4454,5454
6533,7533
9470,10470
2818,3818
987,1987
9500,10500
7597,8597
5918,6918
795,1795
4271,5271
514,1514
6340,7340
6009,7009
1142,2142
5886,6886
9994,10994
7488,8488
1446,2446
2482,3482
2252,3252
6245,7245
5572,6572
6277,7277
9377,10377
53,1053
701,1701
6793,7793
199,1199
7691,8691
8105,9105
4077,5077
3315,4315
5393,6393
7527,8527
6644,7644
6725,7725
7779,8779
3605,4605
7692,8692
3813,4813
8404,9404
9147,10147
1457,2457
9741,10741
2441,3441
3034,4034
9127,10127
9786,10786
6317,7317
1099,2099
5366,6366
7861,8861
4354,5354
1647,2647
4043,5043
2866,3866
2448,3448
282,1282
6763,7763
139,1139
7438,8438
211,1211
111,1111
8159,9159
5264,6264
8283,9283
164,1164
9317,10317
673,1673
6618,7618
3206,4206
9191,10191
4385,5385
5644,6644
5357,6357
1388,2388
2799,3799
9724,10724
1414,2414
4577,5577
9816,10816
7816,8816
9615,10615
9368,10368
1985,2985
7998,8998
2384,3384
4446,5446
9689,10689
3301,4301
8905,9905
7584,8584
8672,9672
2668,3668
9206,10206
3384,4384
3700,4700
9132,10132
5756,6756
5935,6935
6649,7649
100,1100
8051,9051
3957,4957
8356,9356
1581,2581
6020,7020
1097,2097
8613,9613
9158,10158
1087,2087
5460,6460
1721,2721
9710,10710
1252,2252
4906,5906
7493,8493
9737,10737
5882,6882
5625,6625
179,1179
75,1075
5703,6703
2650,3650
5980,6980
1436,2436
8124,9124
7583,8583
2704,3704
2121,3121
3464,4464
2198,3198
6364,7364
4655,5655
9000,10000
2920,3920
7669,8669
4147,5147
1621,2621
6639,7639
3057,4057
2668,3668
4796,5796
7752,8752
6752,7752
2337,3337
5141,6141
959,1959
5079,6079
1908,2908
2430,3430
4883,5883
5908,6908
5797,6797
5970,6970
7413,8413
2319,3319
1638,2638
1082,2082
4432,5432
6642,7642
4649,5649
658,1658
8244,9244
1532,2532
7022,8022
5875,6875
3777,4777
402,1402
4594,5594
6459,7459
9966,10966
4486,5486
7852,8852
8559,9559
5792,6792
6878,7878
7972,8972
2925,3925
398,1398
8736,9736
9931,10931
2724,3724
4317,5317
6706,7706
1741,2741
2381,3381
598,1598
9664,10664
5454,6454
8824,9824
2798,3798
8968,9968
973,1973
8953,9953
3912,4912
7955,8955
7401,8401
8382,9382
3334,4334
5179,6179
6378,7378
9790,10790
3795,4795
5100,6100
1365,2365
262,1262
1336,2336
6597,7597
4696,5696
1070,2070
2240,3240
4437,5437
2041,3041
4428,5428
7068,8068
3027,4027
1147,2147
110,1110
8433,9433
7989,8989
5314,6314
1112,2112
3609,4609
2621,3621
4119,5119
1169,2169
6988,7988
9393,10393
8504,9504
2360,3360
1003,2003
2618,3618
9477,10477
4576,5576
7371,8371
423,1423
7693,8693
9548,10548
3219,4219
1166,2166
2762,3762
8262,9262
1389,2389
5414,6414
2162,3162
1079,2079
1260,2260
7308,8308
207,1207
6365,7365
4398,5398
1190,2190
1007,2007
8805,9805
9989,10989
6787,7787
2660,3660
9678,10678
3159,4159
2822,3822
3254,4254
6462,7462
6462,7462
6029,7029
1600,2600
9132,10132
1570,2570
6221,7221
5299,6299
6391,7391
2713,3713
3064,4064
934,1934
5954,6954
4957,5957
7376,8376
9254,10254
959,1959
6489,7489
3645,4645
9876,10876
8210,9210
6512,7512
5788,6788
6459,7459
359,1359
4510,5510
3861,4861
7699,8699
6624,7624
512,1512
3377,4377
2463,3463
9950,10950
7440,8440
8379,9379
5997,6997
4283,5283
9501,10501
5839,6839
9786,10786
2043,3043
3227,4227
3812,4812
4015,5015
8475,9475
6912,7912
4614,5614
8673,9673
9059,10059
3731,4731
1294,2294
1062,2062
2433,3433
3610,4610
6671,7671
2040,3040
5209,6209
7707,8707
9025,10025
3772,4772
5655,6655
6612,7612
9040,10040
5727,6727
4855,5855
8411,9411
4006,5006
4957,5957
8391,9391
3883,4883
9644,10644
7828,8828
16,1016
1067,2067
1089,2089
7537,8537
7523,8523
1135,2135
7665,8665
1200,2200
9185,10185
6748,7748
4032,5032
4613,5613
3679,4679
4534,5534
928,1928
7920,8920
2503,3503
5154,6154
8825,9825
7473,8473
3324,4324
7524,8524
6902,7902
6392,7392
8736,9736
1504,2504
2742,3742
2508,3508
762,1762
1093,2093
6320,7320
1300,2300
4438,5438
7276,8276
9540,10540
5938,6938
5344,6344
532,1532
9274,10274
1243,2243
6668,7668
2135,3135
6385,7385
455,1455
2891,3891
5658,6658
264,1264
4348,5348
3113,4113
7049,8049
1585,2585
9246,10246
4175,5175
4541,5541
8019,9019
6019,7019
4631,5631
2346,3346
6261,7261
2165,3165
6749,7749
6396,7396
6384,7384
6808,7808
6760,7760
7046,8046
1713,2713
2655,3655
5135,6135
7360,8360
1386,2386
6739,7739
5779,6779
238,1238
3896,4896
3439,4439
3608,4608
9839,10839
6577,7577
5976,6976
6589,7589
8785,9785
6860,7860
3957,4957
5386,6386
9310,10310
1333,2333
9346,10346
2337,3337
9057,10057
7854,8854
4008,5008
9035,10035
4280,5280
8987,9987
4131,5131
9172,10172
3209,4209
3412,4412
8439,9439
5179,6179
1235,2235
5958,6958
9136,10136
7170,8170
6256,7256
9244,10244
2931,3931
2857,3857
3401,4401
6171,7171
1145,2145
9117,10117
734,1734
2123,3123
9469,10469
989,1989
238,1238
955,1955
2799,3799
1525,2525
9966,10966
5367,6367
4353,5353
9584,10584
4048,5048
8658,9658
2945,3945
473,1473
473,1473
6378,7378
5456,6456
1985,2985
2039,3039
2375,3375
6393,7393
7911,8911
8945,9945
3597,4597
999,1999
679,1679
8133,9133
6200,7200
720,1720
1139,2139
1137,2137
5809,6809
5053,6053
109,1109
3173,4173
3303,4303
47,1047
4926,5926
8217,9217
8863,9863
153054
123010
50786
93057
27873
134658
169976
190352
30172
27067
114477
130487
132888
82165
95075
52976
70356
164435
155484
149552
58807
39127
96217
49405
22376
100840
46435
29175
117858
172387
127356
49195
149315
57270
31613
102010
6652
148320
121562
109367
99034
57849
51141
81118
34003
133447
1405
96366
125577
14057
116039
2736
141245
4102
109677
100492
8804
72046
49947
27006
107113
40510
81062
16533
87240
49485
138037
122261
40575
117638
26294
131856
26546
161123
66867
65169
135320
24443
68848
120078
161089
106738
91042
106766
88224
158875
12305
10281
31348
77218
22658
34430
112952
80210
62936
35515
15028
72889
133939
89220
119543
101345
44698
56566
135137
41238
93646
70909
68907
34934
43354
49852
117772
133006
139017
58128
75539
2424
43005
15881
2499
4121
123686
143678
10564
65014
129959
8950
37947
97156
101717
15711
92112
35648
137014
24357
95129
53395
129643
130724
112329
58585
105756
112008
82960
96681
40128
138211
112154
122808
58519
111798
70646
126415
83049
56372
109751
95428
5893
98031
95823
103447
61369
5605
54537
33930
119437
102589
48735
123333
71938
28316
29021
8316
87342
64019
120193
87342
93504
41513
10936
64440
31781
37475
119953
1388
112980
35330
77607
79266
19940
120973
126021
48922
28953
18917
41737
92814
105341
18212
44451
18893
103529
1917
72081
112521
34688
117051
44618
86057
19420
54572
96062
3365
73946
102030
59442
3502
69476
22835
102886
115865
99882
24753
100045
20563
40822
110209
64163
105205
50047
112575
108755
97355
100017
66383
81168
96868
33020
57693
50724
45271
28929
4623
99882
53706
32305
31103
17656
68236
68774
92267
66597
70141
12607
58091
15552
34218
39831
41924
65916
69906
26402
25161
91374
91374
75282
71801
59656
75194
24546
75856
66529
9268
30555
91760
19017
91512
80115
51410
61939
46328
29833
69810
60888
19142
43569
91408
84762
91954
6946
51641
49708
39735
80337
85505
36926
13889
82208
63831
44692
1130
18867
8838
7776
54407
90747
19032
43233
19029
92782
24425
49044
58957
1294
74199
6695
34443
12495
35162
36133
86873
71680
75686
43608
5586
39951
43225
16618
2354
69447
46391
64452
50736
33309
31625
37380
33901
15943
24432
69879
67890
32217
34926
36320
1053
45260
69695
73391
14678
76291
8147
20039
52825
15080
9838
43293
32081
9595
54105
33655
77460
55226
57090
78782
53250
70908
74726
23937
5689
31346
66577
18021
38278
63855
73994
53820
22453
76604
62917
71829
26013
43313
33018
76640
52202
69142
63372
73608
30490
16978
61427
29913
40232
24070
10373
71774
23477
16091
68635
