945,1045
898,998
629,729
723,823
476,576
992,1092
407,507
165,265
492,592
22,122
243,343
243,343
864,964
40,140
511,611
126,226
466,566
708,808
101,201
996,1096
951,1051
481,581
718,818
504,604
556,656
205,305
347,447
679,779
213,313
496,596
312,412
370,470
411,511
878,978
846,946
483,583
72,172
505,605
854,954
68,168
75,175
744,844
666,766
167,267
239,339
35,135
928,1028
340,440
488,588
247,347
43,143
844,944
15,115
635,735
79,179
847,947
360,460
453,553
251,351
46,146
60,160
131,231
262,362
246,346
991,1091
69,169
148,248
232,332
38,138
299,399
130,230
937,1037
686,786
355,455
69,169
325,425
287,387
612,712
607,707
864,964
665,765
374,474
318,418
799,899
80,180
254,354
481,581
680,780
384,484
798,898
635,735
238,338
121,221
701,801
28,128
499,599
665,765
104,204
360,460
95,195
441,541
518,618
196,296
70,170
984,1084
315,415
415,515
203,303
594,694
235,335
919,1019
101,201
470,570
683,783
373,473
955,1055
457,557
425,525
621,721
362,462
268,368
393,493
306,406
316,416
947,1047
779,879
866,966
458,558
663,763
292,392
397,497
579,679
644,744
686,786
657,757
193,293
592,692
754,854
621,721
501,601
799,899
886,986
735,835
196,296
478,578
934,1034
603,703
601,701
64,164
404,504
777,877
2,102
680,780
484,584
24,124
244,344
112,212
244,344
215,315
77,177
225,325
425,525
118,218
490,590
572,672
163,263
988,1088
427,527
541,641
845,945
326,426
631,731
40,140
237,337
647,747
699,799
701,801
975,1075
577,677
943,1043
130,230
929,1029
928,1028
124,224
823,923
628,728
535,635
78,178
251,351
170,270
883,983
435,535
181,281
752,852
344,444
380,480
498,598
251,351
839,939
54,154
121,221
926,1026
690,790
143,243
735,835
768,868
322,422
189,289
970,1070
749,849
72,172
336,436
861,961
553,653
380,480
369,469
666,766
676,776
659,759
823,923
715,815
748,848
82,182
755,855
193,293
561,661
979,1079
37,137
10,110
131,231
350,450
812,912
812,912
117,217
31,131
123,223
35,135
276,376
5,105
845,945
32,132
939,1039
817,917
73,173
945,1045
376,476
931,1031
26,126
495,595
667,767
939,1039
277,377
277,377
5,105
90,190
121,221
88,188
333,433
829,929
903,1003
302,402
552,652
952,1052
418,518
500,600
984,1084
19,119
254,354
648,748
450,550
327,427
853,953
524,624
826,926
403,503
996,1096
34,134
804,904
250,350
184,284
146,246
383,483
919,1019
123,223
15,115
263,363
711,811
843,943
671,771
694,794
34,134
562,662
193,293
304,404
131,231
724,824
652,752
284,384
322,422
211,311
965,1065
155,255
137,237
764,864
189,289
69,169
470,570
51,151
350,450
268,368
331,431
742,842
800,900
633,733
823,923
174,274
411,511
806,906
573,673
948,1048
29,129
455,555
40,140
613,713
595,695
928,1028
50,150
562,662
163,263
473,573
412,512
824,924
716,816
804,904
335,435
807,907
851,951
738,838
719,819
200,300
12,112
794,894
112,212
909,1009
606,706
457,557
393,493
136,236
151,251
43,143
629,729
616,716
425,525
19,119
805,905
672,772
545,645
167,267
322,422
370,470
437,537
57,157
174,274
772,872
234,334
435,535
363,463
853,953
953,1053
522,622
120,220
987,1087
627,727
349,449
356,456
545,645
649,749
318,418
831,931
99,199
429,529
108,208
550,650
522,622
984,1084
913,1013
455,555
904,1004
19,119
788,888
945,1045
232,332
993,1093
5,105
76,176
129,229
659,759
382,482
496,596
466,566
425,525
373,473
672,772
497,597
142,242
525,625
850,950
438,538
998,1098
973,1073
776,876
441,541
215,315
128,228
435,535
394,494
260,360
759,859
134,234
263,363
666,766
604,704
380,480
342,442
719,819
657,757
457,557
340,440
437,537
906,1006
619,719
346,446
899,999
113,213
346,446
106,206
102,202
982,1082
91,191
796,896
151,251
66,166
784,884
532,632
884,984
379,479
689,789
396,496
996,1096
362,462
557,657
438,538
924,1024
470,570
273,373
528,628
474,574
419,519
73,173
860,960
552,652
815,915
264,364
72,172
158,258
536,636
472,572
45,145
783,883
901,1001
527,627
313,413
861,961
891,991
727,827
855,955
17,117
799,899
36,136
132,232
505,605
727,827
96,196
617,717
642,742
861,961
530,630
368,468
583,683
798,898
667,767
102,202
647,747
811,911
99,199
528,628
31,131
349,449
426,526
788,888
162,262
233,333
272,372
931,1031
813,913
582,682
849,949
865,965
386,486
78,178
61,161
842,942
766,866
557,657
46,146
92,192
983,1083
124,224
526,626
604,704
319,419
921,1021
811,911
105,205
724,824
889,989
873,973
578,678
496,596
669,769
748,848
744,844
568,668
269,369
302,402
252,352
418,518
974,1074
263,363
17,117
214,314
872,972
167,267
203,303
720,820
51,151
961,1061
513,613
906,1006
170,270
224,324
498,598
935,1035
639,739
993,1093
984,1084
655,755
236,336
420,520
795,895
146,246
33,133
348,448
608,708
804,904
704,804
557,657
827,927
351,451
918,1018
734,834
293,393
499,599
555,655
149,249
382,482
506,606
307,407
33,133
287,387
762,862
593,693
796,896
745,845
577,677
782,882
903,1003
206,306
915,1015
940,1040
804,904
397,497
997,1097
139,239
48,148
950,1050
981,1081
299,399
458,558
858,958
422,522
367,467
743,843
49,149
658,758
550,650
688,788
631,731
56,156
831,931
461,561
194,294
544,644
418,518
959,1059
603,703
930,1030
848,948
700,800
608,708
527,627
662,762
520,620
447,547
323,423
878,978
367,467
756,856
505,605
263,363
670,770
230,330
926,1026
136,236
735,835
387,487
620,720
897,997
805,905
774,874
730,830
799,899
357,457
192,292
844,944
833,933
417,517
430,530
640,740
315,415
485,585
70,170
133,233
356,456
448,548
38,138
769,869
26,126
756,856
822,922
538,638
98,198
986,1086
657,757
37,137
596,696
50,150
487,587
611,711
920,1020
980,1080
486,586
534,634
924,1024
956,1056
710,810
795,895
624,724
814,914
887,987
145,245
418,518
297,397
415,515
404,504
822,922
344,444
99,199
768,868
577,677
909,1009
565,665
516,616
498,598
284,384
764,864
139,239
705,805
246,346
578,678
40,140
817,917
757,857
635,735
801,901
258,358
559,659
787,887
623,723
649,749
52,152
426,526
462,562
917,1017
620,720
730,830
766,866
803,903
479,579
158,258
79,179
368,468
316,416
14,114
214,314
545,645
184,284
893,993
272,372
132,232
86,186
19,119
991,1091
769,869
272,372
279,379
364,464
555,655
115,215
116,216
730,830
791,891
94,194
470,570
418,518
833,933
744,844
525,625
741,841
752,852
346,446
866,966
65,165
108,208
679,779
512,612
21,121
418,518
214,314
561,661
852,952
959,1059
42,142
130,230
346,446
213,313
239,339
324,424
304,404
500,600
190,290
998,1098
303,403
502,602
12,112
813,913
127,227
490,590
213,313
889,989
454,554
32,132
128,228
113,213
816,916
343,443
851,951
527,627
372,472
910,1010
247,347
349,449
584,684
854,954
998,1098
413,513
626,726
606,706
675,775
54,154
330,430
839,939
401,501
598,698
346,446
759,859
322,422
775,875
529,629
107,207
116,216
997,1097
785,885
535,635
61,161
137,237
952,1052
792,892
386,486
173,273
65,165
286,386
891,991
889,989
526,626
594,694
814,914
708,808
83,183
736,836
342,442
964,1064
707,807
125,225
421,521
709,809
738,838
154,254
516,616
368,468
295,395
733,833
393,493
121,221
568,668
855,955
399,499
533,633
321,421
323,423
732,832
329,429
662,762
44,144
971,1071
290,390
411,511
868,968
410,510
531,631
562,662
4,104
412,512
243,343
730,830
177,277
394,494
701,801
501,601
285,385
69,169
310,410
841,941
440,540
973,1073
743,843
851,951
984,1084
402,502
211,311
456,556
459,559
826,926
494,594
350,450
793,893
601,701
457,557
337,437
200,300
971,1071
67,167
871,971
237,337
856,956
191,291
140,240
709,809
792,892
559,659
59,159
635,735
338,438
322,422
513,613
600,700
346,446
699,799
893,993
757,857
660,760
345,445
195,295
552,652
201,301
707,807
812,912
527,627
574,674
569,669
62,162
814,914
488,588
895,995
875,975
57,157
655,755
828,928
492,592
160,260
638,738
351,451
750,850
588,688
11,111
149,249
130,230
800,900
419,519
766,866
642,742
297,397
79,179
183,283
224,324
253,353
124,224
967,1067
856,956
907,1007
532,632
419,519
344,444
537,637
553,653
800,900
457,557
33,133
437,537
120,220
470,570
924,1024
600,700
454,554
84,184
190,290
220,320
73,173
820,920
665,765
829,929
479,579
365,465
402,502
21,121
709,809
157,257
272,372
597,697
186,286
488,588
978,1078
193,293
700,800
743,843
293,393
367,467
48,148
837,937
668,768
325,425
814,914
423,523
534,634
272,372
335,435
153,253
159,259
776,876
176,276
897,997
699,799
613,713
745,845
753,853
486,586
587,687
49,149
3,103
387,487
403,503
609,709
993,1093
931,1031
228,328
443,543
795,895
545,645
625,725
959,1059
5,105
527,627
497,597
606,706
624,724
550,650
722,822
697,797
116,216
401,501
112,212
284,384
217,317
661,761
298,398
830,930
35,135
965,1065
910,1010
490,590
788,888
650,750
605,705
291,391
331,431
745,845
298,398
514,614
230,330
263,363
373,473
449,549
267,367
142,242
780,880
123,223
474,574
725,825
781,881
775,875
997,1097
997,1097
789,889
73,173
767,867
657,757
66,166
902,1002
580,680
242,342
30,130
833,933
590,690
802,902
235,335
535,635
499,599
872,972
71,171
534,634
665,765
608,708
962,1062
485,585
148,248
173,273
18,118
566,666
215,315
399,499
761,861
28,128
386,486
946,1046
654,754
473,573
39,139
192,292
696,796
461,561
870,970
182,282
616,716
372,472
664,764
133,233
912,1012
934,1034
293,393
9,109
436,536
680,780
949,1049
496,596
950,1050
778,878
198,298
628,728
697,797
517,617
89,189
366,466
766,866
714,814
452,552
540,640
1000,1100
641,741
563,663
573,673
324,424
485,585
419,519
435,535
582,682
908,1008
264,364
830,930
920,1020
313,413
970,1070
155,255
536,636
487,587
283,383
104,204
457,557
187,287
967,1067
369,469
187,287
474,574
262,362
769,869
323,423
84,184
15,115
574,674
643,743
536,636
448,548
330,430
536,636
978,1078
655,755
642,742
384,484
2,102
575,675
839,939
316,416
947,1047
614,714
615,715
814,914
40,140
591,691
599,699
892,992
196,296
253,353
41,141
139,239
166,266
652,752
579,679
190,290
315,415
651,751
959,1059
271,371
503,603
350,450
317,417
20,120
403,503
187,287
31,131
806,906
651,751
967,1067
891,991
461,561
971,1071
1,101
559,659
797,897
432,532
868,968
224,324
848,948
76,176
667,767
330,430
928,1028
487,587
13,113
37,137
799,899
19,119
736,836
166,266
861,961
814,914
266,366
396,496
497,597
431,531
461,561
977,1077
479,579
112,212
997,1097
837,937
679,779
457,557
69,169
754,854
419,519
498,598
208,308
907,1007
51,151
449,549
376,476
169,269
528,628
751,851
860,960
513,613
464,564
792,892
18,118
256,356
759,859
833,933
14,114
580,680
363,463
851,951
755,855
637,737
705,805
446,546
840,940
179,279
355,455
810,910
784,884
139,239
167,267
812,912
772,872
299,399
186,286
223,323
16,116
732,832
971,1071
121,221
973,1073
959,1059
448,548
550,650
232,332
806,906
170,270
724,824
213,313
444,544
960,1060
29,129
132,232
700,800
626,726
616,716
534,634
885,985
467,567
589,689
195,295
751,851
517,617
251,351
989,1089
815,915
590,690
690,790
646,746
791,891
600,700
711,811
100,200
347,447
789,889
227,327
940,1040
382,482
170,270
759,859
782,882
849,949
992,1092
491,591
251,351
97,197
652,752
859,959
491,591
142,242
90,190
346,446
319,419
533,633
241,341
61,161
557,657
205,305
27,127
56,156
23,123
203,303
520,620
393,493
740,840
56,156
269,369
316,416
325,425
945,1045
694,794
841,941
367,467
760,860
485,585
54,154
236,336
494,594
38,138
83,183
25,125
246,346
263,363
781,881
446,546
600,700
506,606
857,957
432,532
80,180
322,422
41,141
25,125
461,561
857,957
920,1020
224,324
854,954
130,230
566,666
436,536
657,757
173,273
915,1015
522,622
513,613
384,484
403,503
162,262
678,778
93,193
864,964
859,959
940,1040
244,344
137,237
976,1076
51,151
240,340
584,684
846,946
561,661
986,1086
302,402
443,543
94,194
489,589
263,363
98,198
664,764
427,527
265,365
72,172
291,391
929,1029
416,516
945,1045
750,850
453,553
594,694
73,173
27,127
857,957
490,590
617,717
647,747
294,394
387,487
370,470
905,1005
814,914
168,268
481,581
262,362
389,489
619,719
65,165
997,1097
957,1057
90,190
478,578
996,1096
900,1000
54,154
452,552
129,229
335,435
460,560
773,873
983,1083
72,172
460,560
403,503
4,104
573,673
811,911
841,941
383,483
908,1008
204,304
358,458
973,1073
249,349
33,133
371,471
111,211
200,300
934,1034
758,858
598,698
274,374
535,635
827,927
712,812
592,692
313,413
256,356
422,522
868,968
990,1090
871,971
841,941
319,419
50,150
412,512
421,521
541,641
735,835
945,1045
839,939
531,631
149,249
812,912
337,437
975,1075
198,298
14,114
589,689
462,562
719,819
668,768
669,769
519,619
971,1071
820,920
141,241
747,847
89,189
92,192
758,858
427,527
284,384
97,197
906,1006
606,706
944,1044
205,305
388,488
865,965
74,174
654,754
60,160
571,671
627,727
318,418
944,1044
825,925
173,273
647,747
854,954
827,927
589,689
907,1007
410,510
464,564
197,297
605,705
830,930
881,981
456,556
749,849
795,895
640,740
649,749
611,711
190,290
416,516
828,928
872,972
95,195
914,1014
547,647
725,825
448,548
278,378
304,404
456,556
116,216
224,324
514,614
261,361
766,866
244,344
768,868
61,161
921,1021
820,920
96,196
540,640
486,586
690,790
550,650
779,879
766,866
176,276
689,789
268,368
817,917
293,393
954,1054
444,544
667,767
852,952
757,857
983,1083
48,148
885,985
628,728
556,656
484,584
434,534
265,365
52,152
148,248
249,349
181,281
158,258
928,1028
911,1011
74,174
744,844
115,215
828,928
243,343
504,604
95,195
709,809
490,590
111,211
169,269
949,1049
780,880
541,641
609,709
252,352
523,623
780,880
143,243
664,764
262,362
599,699
904,1004
740,840
489,589
386,486
343,443
71,171
489,589
580,680
733,833
99,199
13,113
984,1084
99,199
942,1042
378,478
181,281
909,1009
884,984
75,175
869,969
81,181
262,362
709,809
358,458
935,1035
950,1050
997,1097
922,1022
828,928
496,596
461,561
311,411
85,185
170,270
403,503
529,629
895,995
962,1062
2,102
544,644
942,1042
800,900
918,1018
589,689
992,1092
715,815
593,693
486,586
764,864
124,224
359,459
240,340
911,1011
814,914
565,665
543,643
472,572
279,379
430,530
416,516
333,433
550,650
278,378
489,589
495,595
177,277
946,1046
24,124
259,359
234,334
600,700
766,866
91,191
945,1045
423,523
241,341
377,477
26,126
679,779
332,432
375,475
730,830
853,953
359,459
176,276
74,174
610,710
152,252
680,780
720,820
621,721
575,675
742,842
929,1029
193,293
415,515
888,988
161,261
635,735
955,1055
722,822
113,213
621,721
440,540
99,199
520,620
662,762
528,628
606,706
449,549
712,812
743,843
709,809
613,713
811,911
606,706
46,146
596,696
619,719
721,821
691,791
858,958
537,637
716,816
99,199
25,125
913,1013
467,567
143,243
260,360
503,603
445,545
680,780
27,127
285,385
419,519
598,698
247,347
154,254
504,604
619,719
275,375
897,997
74,174
806,906
225,325
422,522
880,980
901,1001
566,666
117,217
361,461
404,504
670,770
446,546
810,910
488,588
87,187
361,461
56,156
257,357
150,250
18,118
883,983
341,441
454,554
859,959
337,437
696,796
554,654
517,617
652,752
196,296
726,826
574,674
585,685
940,1040
447,547
526,626
489,589
18,118
608,708
13,113
620,720
713,813
413,513
783,883
440,540
418,518
152,252
233,333
15,115
897,997
226,326
507,607
872,972
811,911
617,717
83,183
157,257
799,899
581,681
927,1027
583,683
875,975
819,919
13,113
822,922
669,769
281,381
842,942
261,361
109,209
197,297
56,156
97,197
891,991
32,132
169,269
284,384
218,318
942,1042
759,859
656,756
550,650
263,363
736,836
595,695
318,418
265,365
21,121
475,575
971,1071
769,869
712,812
622,722
798,898
839,939
255,355
884,984
315,415
316,416
800,900
196,296
766,866
351,451
356,456
817,917
862,962
373,473
750,850
604,704
450,550
924,1024
612,712
734,834
671,771
906,1006
832,932
788,888
297,397
392,492
965,1065
511,611
864,964
81,181
576,676
833,933
580,680
692,792
247,347
67,167
769,869
628,728
952,1052
933,1033
345,445
371,471
202,302
541,641
558,658
700,800
632,732
897,997
802,902
688,788
136,236
481,581
698,798
512,612
872,972
889,989
459,559
771,871
908,1008
500,600
957,1057
645,745
49,149
344,444
710,810
407,507
788,888
195,295
833,933
844,944
952,1052
251,351
521,621
385,485
565,665
99,199
196,296
152,252
291,391
412,512
678,778
337,437
34,134
125,225
726,826
177,277
680,780
564,664
619,719
967,1067
836,936
768,868
415,515
217,317
371,471
485,585
685,785
1,101
226,326
222,322
535,635
335,435
895,995
706,806
508,608
312,412
822,922
94,194
803,903
525,625
969,1069
668,768
503,603
510,610
823,923
278,378
190,290
583,683
162,262
285,385
33,133
569,669
99,199
70,170
9,109
951,1051
944,1044
826,926
56,156
308,408
717,817
849,949
587,687
155,255
682,782
148,248
339,439
124,224
627,727
298,398
884,984
315,415
379,479
954,1054
772,872
95,195
424,524
762,862
983,1083
292,392
459,559
724,824
944,1044
348,448
38,138
64,164
209,309
953,1053
955,1055
552,652
495,595
715,815
97,197
556,656
748,848
911,1011
205,305
604,704
250,350
273,373
100,200
664,764
275,375
440,540
863,963
801,901
797,897
5,105
644,744
154,254
888,988
973,1073
58,158
683,783
268,368
519,619
630,730
465,565
318,418
845,945
147,247
441,541
709,809
893,993
539,639
842,942
390,490
717,817
923,1023
353,453
306,406
800,900
856,956
214,314
261,361
506,606
746,846
252,352
560,660
399,499
84,184
898,998
185,285
325,425
817,917
637,737
688,788
951,1051
366,466
962,1062
893,993
599,699
240,340
494,594
383,483
730,830
760,860
655,755
883,983
886,986
449,549
347,447
543,643
861,961
28,128
504,604
49,149
534,634
877,977
118,218
465,565
23,123
630,730
702,802
796,896
866,966
646,746
782,882
75,175
828,928
216,316
724,824
615,715
861,961
203,303
309,409
31,131
307,407
386,486
868,968
82,182
833,933
712,812
641,741
201,301
614,714
822,922
761,861
339,439
44,144
775,875
124,224
545,645
425,525
509,609
198,298
60,160
487,587
314,414
654,754
22,122
355,455
610,710
765,865
633,733
411,511
330,430
931,1031
484,584
906,1006
24,124
406,506
373,473
319,419
869,969
373,473
203,303
124,224
615,715
412,512
777,877
410,510
806,906
376,476
110,210
883,983
500,600
714,814
643,743
634,734
240,340
69,169
528,628
465,565
783,883
122,222
361,461
5,105
239,339
469,569
587,687
704,804
818,918
253,353
656,756
738,838
779,879
40,140
534,634
764,864
214,314
927,1027
704,804
66,166
979,1079
448,548
580,680
337,437
315,415
271,371
980,1080
97,197
247,347
452,552
851,951
53,153
894,994
492,592
9,109
621,721
247,347
757,857
239,339
273,373
193,293
480,580
185,285
215,315
288,388
848,948
513,613
398,498
859,959
445,545
372,472
289,389
348,448
865,965
501,601
298,398
600,700
130,230
313,413
375,475
721,821
238,338
128,228
349,449
244,344
906,1006
544,644
167,267
861,961
68,168
609,709
233,333
691,791
732,832
161,261
264,364
452,552
242,342
546,646
93,193
927,1027
33,133
372,472
358,458
872,972
123,223
322,422
869,969
618,718
801,901
370,470
341,441
683,783
929,1029
462,562
340,440
20,120
920,1020
98,198
802,902
255,355
370,470
669,769
364,464
580,680
540,640
886,986
341,441
884,984
722,822
537,637
860,960
891,991
510,610
695,795
990,1090
721,821
288,388
454,554
772,872
556,656
943,1043
733,833
693,793
934,1034
463,563
838,938
850,950
390,490
190,290
609,709
50,150
681,781
592,692
179,279
827,927
689,789
370,470
884,984
92,192
684,784
234,334
109,209
230,330
671,771
662,762
185,285
290,390
420,520
889,989
722,822
253,353
307,407
779,879
2,102
25,125
672,772
996,1096
466,566
927,1027
592,692
307,407
733,833
923,1023
33,133
351,451
52,152
271,371
142,242
793,893
511,611
996,1096
931,1031
863,963
233,333
658,758
23,123
408,508
819,919
782,882
667,767
338,438
871,971
295,395
549,649
902,1002
914,1014
737,837
683,783
480,580
726,826
180,280
631,731
978,1078
750,850
203,303
389,489
495,595
392,492
362,462
449,549
435,535
927,1027
218,318
746,846
546,646
348,448
543,643
541,641
972,1072
746,846
60,160
22,122
690,790
748,848
392,492
363,463
643,743
18,118
452,552
68,168
52,152
446,546
412,512
302,402
869,969
314,414
207,307
48,148
970,1070
202,302
118,218
361,461
801,901
645,745
586,686
328,428
332,432
613,713
387,487
975,1075
674,774
178,278
415,515
850,950
747,847
83,183
69,169
920,1020
920,1020
984,1084
232,332
543,643
680,780
989,1089
286,386
633,733
414,514
344,444
704,804
344,444
33,133
194,294
123,223
704,804
520,620
995,1095
836,936
246,346
348,448
266,366
935,1035
561,661
674,774
505,605
881,981
288,388
457,557
411,511
697,797
711,811
367,467
868,968
392,492
332,432
96,196
657,757
555,655
238,338
184,284
48,148
767,867
39,139
129,229
287,387
834,934
572,672
629,729
939,1039
780,880
645,745
365,465
802,902
206,306
870,970
756,856
865,965
110,210
225,325
697,797
32,132
203,303
6,106
863,963
386,486
16,116
2,102
584,684
592,692
830,930
909,1009
74,174
525,625
299,399
121,221
927,1027
909,1009
100,200
716,816
368,468
757,857
265,365
659,759
417,517
609,709
329,429
889,989
153,253
606,706
527,627
64,164
663,763
107,207
97,197
713,813
740,840
243,343
384,484
153,253
262,362
365,465
806,906
944,1044
236,336
30,130
772,872
702,802
582,682
530,630
461,561
415,515
450,550
644,744
674,774
944,1044
556,656
665,765
378,478
791,891
567,667
72,172
740,840
213,313
285,385
58,158
54,154
841,941
305,405
69,169
917,1017
257,357
502,602
40,140
725,825
980,1080
305,405
726,826
66,166
475,575
757,857
289,389
680,780
346,446
90,190
277,377
628,728
750,850
793,893
127,227
660,760
295,395
544,644
66,166
929,1029
717,817
184,284
102,202
1,101
105,205
230,330
953,1053
45,145
728,828
68,168
154,254
207,307
300,400
32,132
613,713
128,228
116,216
475,575
548,648
438,538
101,201
246,346
933,1033
36,136
525,625
362,462
472,572
444,544
224,324
476,576
974,1074
464,564
229,329
156,256
446,546
476,576
385,485
476,576
436,536
321,421
71,171
226,326
562,662
622,722
74,174
232,332
713,813
774,874
333,433
513,613
53,153
319,419
203,303
296,396
165,265
470,570
341,441
932,1032
104,204
825,925
844,944
906,1006
770,870
965,1065
355,455
185,285
852,952
388,488
516,616
688,788
759,859
984,1084
252,352
365,465
65,165
330,430
7,107
210,310
816,916
893,993
852,952
82,182
583,683
286,386
233,333
752,852
359,459
292,392
804,904
374,474
204,304
302,402
977,1077
563,663
726,826
411,511
810,910
608,708
369,469
637,737
15,115
546,646
125,225
813,913
575,675
15,115
634,734
330,430
348,448
219,319
625,725
770,870
261,361
232,332
476,576
842,942
75,175
802,902
158,258
784,884
931,1031
437,537
541,641
369,469
141,241
682,782
299,399
221,321
174,274
809,909
55,155
175,275
825,925
851,951
386,486
640,740
618,718
321,421
176,276
834,934
11,111
528,628
534,634
708,808
189,289
319,419
116,216
149,249
917,1017
793,893
552,652
579,679
384,484
885,985
62,162
478,578
667,767
577,677
580,680
822,922
242,342
583,683
905,1005
796,896
32,132
632,732
467,567
253,353
785,885
667,767
719,819
763,863
971,1071
854,954
518,618
546,646
393,493
61,161
602,702
56,156
960,1060
731,831
533,633
607,707
388,488
205,305
60,160
206,306
241,341
685,785
836,936
683,783
674,774
231,331
810,910
760,860
814,914
358,458
353,453
997,1097
334,434
187,287
881,981
392,492
803,903
249,349
510,610
845,945
996,1096
2,102
718,818
924,1024
349,449
369,469
477,577
21,121
424,524
686,786
25,125
578,678
732,832
647,747
301,401
361,461
220,320
633,733
270,370
844,944
732,832
395,495
899,999
243,343
125,225
795,895
609,709
559,659
869,969
151,251
188,288
670,770
497,597
804,904
557,657
251,351
533,633
25,125
520,620
356,456
765,865
769,869
899,999
250,350
169,269
351,451
593,693
74,174
930,1030
328,428
54,154
240,340
810,910
659,759
465,565
349,449
217,317
878,978
141,241
722,822
917,1017
190,290
711,811
927,1027
997,1097
326,426
768,868
144,244
733,833
617,717
494,594
756,856
639,739
274,374
160,260
81,181
239,339
671,771
741,841
837,937
251,351
789,889
696,796
166,266
238,338
471,571
587,687
968,1068
965,1065
338,438
54,154
491,591
364,464
673,773
629,729
229,329
185,285
897,997
520,620
377,477
368,468
270,370
169,269
320,420
394,494
960,1060
86,186
452,552
132,232
769,869
574,674
433,533
414,514
139,239
637,737
961,1061
261,361
287,387
341,441
98,198
285,385
179,279
133,233
493,593
366,466
804,904
955,1055
450,550
557,657
533,633
12,112
892,992
757,857
399,499
131,231
442,542
569,669
361,461
594,694
87,187
343,443
191,291
500,600
236,336
133,233
925,1025
334,434
889,989
64,164
587,687
129,229
383,483
640,740
622,722
652,752
796,896
961,1061
710,810
837,937
759,859
762,862
862,962
230,330
862,962
781,881
878,978
893,993
408,508
28,128
159,259
25,125
657,757
738,838
167,267
1,101
291,391
107,207
484,584
879,979
377,477
96,196
341,441
891,991
192,292
264,364
656,756
969,1069
172,272
698,798
242,342
884,984
687,787
68,168
918,1018
170,270
855,955
610,710
103,203
420,520
483,583
538,638
317,417
863,963
68,168
805,905
756,856
587,687
907,1007
397,497
289,389
62,162
478,578
791,891
287,387
596,696
620,720
983,1083
830,930
648,748
715,815
698,798
980,1080
136,236
628,728
144,244
443,543
700,800
266,366
596,696
28,128
217,317
794,894
584,684
398,498
53,153
45,145
437,537
501,601
269,369
368,468
292,392
475,575
130,230
521,621
327,427
295,395
962,1062
428,528
287,387
729,829
842,942
44,144
971,1071
585,685
741,841
179,279
715,815
868,968
705,805
865,965
280,380
160,260
546,646
599,699
696,796
951,1051
473,573
794,894
417,517
308,408
482,582
150,250
653,753
759,859
51,151
429,529
291,391
569,669
112,212
161,261
469,569
80,180
592,692
263,363
114,214
132,232
414,514
339,439
489,589
507,607
467,567
842,942
824,924
670,770
527,627
544,644
607,707
278,378
1,101
830,930
667,767
86,186
613,713
412,512
367,467
529,629
358,458
563,663
465,565
271,371
40,140
874,974
291,391
708,808
951,1051
159,259
324,424
46,146
2,102
66,166
1,101
191,291
427,527
770,870
607,707
918,1018
276,376
124,224
118,218
177,277
558,658
382,482
227,327
523,623
717,817
126,226
589,689
103,203
422,522
481,581
883,983
975,1075
353,453
998,1098
17,117
3,103
80,180
104,204
316,416
621,721
443,543
442,542
770,870
132,232
249,349
110,210
968,1068
234,334
144,244
883,983
523,623
629,729
715,815
844,944
58,158
787,887
413,513
194,294
513,613
243,343
951,1051
360,460
682,782
436,536
187,287
425,525
173,273
433,533
684,784
65,165
108,208
209,309
186,286
48,148
542,642
54,154
818,918
335,435
51,151
890,990
266,366
90,190
243,343
763,863
190,290
779,879
389,489
432,532
733,833
24,124
985,1085
10,110
534,634
468,568
122,222
62,162
796,896
859,959
510,610
723,823
919,1019
894,994
471,571
308,408
318,418
967,1067
62,162
680,780
715,815
787,887
487,587
348,448
623,723
654,754
744,844
112,212
65,165
876,976
623,723
934,1034
173,273
66,166
915,1015
559,659
690,790
614,714
690,790
217,317
550,650
963,1063
633,733
589,689
781,881
99,199
241,341
451,551
293,393
686,786
804,904
512,612
802,902
81,181
672,772
260,360
811,911
231,331
475,575
368,468
833,933
164,264
429,529
467,567
558,658
238,338
224,324
272,372
305,405
37,137
543,643
721,821
438,538
672,772
847,947
954,1054
998,1098
222,322
278,378
621,721
1,101
791,891
989,1089
979,1079
574,674
646,746
581,681
502,602
579,679
400,500
345,445
187,287
484,584
625,725
277,377
424,524
742,842
946,1046
587,687
513,613
80,180
67,167
811,911
73,173
193,293
143,243
809,909
570,670
727,827
753,853
264,364
61,161
270,370
881,981
951,1051
120,220
669,769
205,305
675,775
837,937
79,179
893,993
217,317
179,279
449,549
334,434
725,825
622,722
157,257
266,366
988,1088
122,222
43,143
881,981
716,816
665,765
152,252
515,615
272,372
224,324
136,236
484,584
321,421
950,1050
15,115
671,771
468,568
768,868
907,1007
319,419
573,673
842,942
147,247
496,596
45,145
882,982
910,1010
258,358
192,292
46,146
305,405
655,755
274,374
394,494
654,754
851,951
473,573
291,391
274,374
311,411
211,311
678,778
41,141
324,424
684,784
185,285
631,731
5,105
825,925
968,1068
936,1036
317,417
645,745
998,1098
877,977
780,880
430,530
703,803
266,366
191,291
196,296
159,259
728,828
676,776
648,748
162,262
951,1051
240,340
480,580
312,412
914,1014
609,709
662,762
351,451
920,1020
713,813
631,731
737,837
367,467
64,164
480,580
659,759
26,126
123,223
202,302
712,812
348,448
777,877
684,784
42,142
933,1033
164,264
751,851
968,1068
981,1081
663,763
427,527
40,140
975,1075
332,432
505,605
867,967
829,929
621,721
677,777
131,231
188,288
584,684
994,1094
597,697
457,557
262,362
997,1097
422,522
493,593
835,935
384,484
553,653
143,243
304,404
546,646
424,524
683,783
205,305
768,868
53,153
283,383
468,568
727,827
948,1048
294,394
627,727
994,1094
867,967
591,691
482,582
319,419
384,484
837,937
106,206
969,1069
99,199
711,811
81,181
350,450
753,853
153,253
618,718
437,537
968,1068
817,917
786,886
132,232
22,122
155,255
510,610
916,1016
211,311
145,245
921,1021
755,855
758,858
197,297
304,404
610,710
425,525
315,415
587,687
991,1091
797,897
955,1055
429,529
548,648
252,352
515,615
358,458
962,1062
786,886
935,1035
57,157
236,336
858,958
888,988
944,1044
922,1022
718,818
392,492
912,1012
219,319
814,914
236,336
707,807
824,924
792,892
472,572
415,515
367,467
12,112
710,810
447,547
761,861
608,708
861,961
551,651
968,1068
736,836
269,369
466,566
122,222
587,687
163,263
414,514
788,888
673,773
163,263
358,458
384,484
441,541
41,141
693,793
412,512
129,229
208,308
133,233
68,168
323,423
220,320
990,1090
233,333
710,810
884,984
570,670
21,121
997,1097
982,1082
444,544
687,787
114,214
534,634
504,604
807,907
169,269
727,827
860,960
296,396
704,804
480,580
220,320
301,401
186,286
579,679
817,917
920,1020
264,364
703,803
729,829
364,464
182,282
849,949
116,216
545,645
565,665
28,128
342,442
900,1000
185,285
351,451
498,598
928,1028
961,1061
308,408
225,325
183,283
509,609
976,1076
4,104
336,436
136,236
147,247
689,789
183,283
486,586
291,391
293,393
240,340
259,359
857,957
763,863
311,411
881,981
246,346
49,149
605,705
169,269
813,913
130,230
678,778
44,144
597,697
607,707
590,690
679,779
673,773
449,549
450,550
326,426
12,112
249,349
231,331
41,141
85,185
210,310
60,160
616,716
723,823
830,930
176,276
304,404
904,1004
275,375
831,931
307,407
841,941
263,363
612,712
607,707
777,877
163,263
860,960
624,724
746,846
237,337
128,228
937,1037
338,438
442,542
895,995
353,453
379,479
230,330
752,852
378,478
911,1011
610,710
912,1012
135,235
144,244
337,437
372,472
465,565
886,986
20,120
823,923
530,630
439,539
668,768
691,791
314,414
872,972
817,917
209,309
628,728
656,756
46,146
647,747
516,616
659,759
822,922
521,621
894,994
233,333
151,251
2,102
31,131
410,510
787,887
250,350
29,129
960,1060
854,954
669,769
958,1058
9,109
823,923
142,242
355,455
337,437
958,1058
106,206
776,876
426,526
786,886
364,464
496,596
582,682
6,106
251,351
769,869
119,219
635,735
658,758
154,254
717,817
253,353
545,645
621,721
343,443
60,160
659,759
229,329
766,866
63,163
981,1081
685,785
577,677
299,399
183,283
123,223
586,686
36,136
593,693
789,889
965,1065
834,934
141,241
563,663
125,225
822,922
130,230
711,811
5,105
915,1015
52,152
4,104
867,967
165,265
890,990
105,205
307,407
190,290
216,316
706,806
640,740
12,112
567,667
313,413
445,545
380,480
952,1052
264,364
498,598
969,1069
845,945
774,874
635,735
61,161
377,477
958,1058
783,883
852,952
121,221
404,504
213,313
777,877
761,861
641,741
127,227
874,974
305,405
633,733
454,554
953,1053
210,310
950,1050
739,839
601,701
335,435
701,801
759,859
606,706
476,576
8,108
406,506
637,737
475,575
935,1035
883,983
24,124
81,181
655,755
686,786
863,963
1000,1100
82,182
96,196
622,722
164,264
782,882
462,562
59,159
690,790
855,955
363,463
627,727
682,782
438,538
224,324
604,704
730,830
860,960
179,279
800,900
414,514
497,597
134,234
416,516
77,177
846,946
19,119
112,212
161,261
81,181
284,384
819,919
267,367
213,313
301,401
858,958
592,692
166,266
262,362
520,620
375,475
707,807
148,248
503,603
709,809
732,832
349,449
132,232
965,1065
837,937
550,650
883,983
848,948
840,940
546,646
870,970
725,825
773,873
160,260
346,446
643,743
180,280
708,808
921,1021
913,1013
240,340
402,502
197,297
742,842
885,985
527,627
178,278
550,650
535,635
921,1021
510,610
316,416
161,261
669,769
873,973
383,483
332,432
624,724
612,712
313,413
529,629
392,492
822,922
673,773
424,524
184,284
246,346
779,879
139,239
368,468
339,439
890,990
798,898
184,284
206,306
747,847
499,599
511,611
516,616
100,200
690,790
851,951
993,1093
342,442
308,408
957,1057
823,923
210,310
284,384
202,302
677,777
915,1015
937,1037
586,686
446,546
247,347
903,1003
892,992
182,282
186,286
48,148
619,719
816,916
638,738
738,838
135,235
706,806
788,888
81,181
848,948
364,464
862,962
190,290
161,261
268,368
698,798
470,570
238,338
200,300
92,192
951,1051
171,271
933,1033
216,316
174,274
96,196
706,806
441,541
276,376
693,793
973,1073
465,565
643,743
353,453
644,744
390,490
652,752
962,1062
186,286
143,243
78,178
23,123
982,1082
307,407
982,1082
556,656
208,308
840,940
629,729
39,139
778,878
516,616
978,1078
445,545
119,219
148,248
609,709
745,845
549,649
565,665
811,911
582,682
5,105
411,511
579,679
941,1041
749,849
151,251
347,447
749,849
56,156
309,409
561,661
598,698
788,888
99,199
292,392
918,1018
649,749
227,327
73,173
79,179
227,327
790,890
463,563
725,825
432,532
307,407
378,478
336,436
723,823
31,131
718,818
77,177
336,436
320,420
755,855
642,742
986,1086
961,1061
24,124
574,674
794,894
802,902
445,545
451,551
234,334
874,974
340,440
429,529
532,632
484,584
411,511
163,263
550,650
905,1005
755,855
871,971
940,1040
724,824
406,506
620,720
472,572
741,841
247,347
467,567
125,225
689,789
46,146
408,508
707,807
700,800
45,145
781,881
460,560
711,811
628,728
625,725
842,942
604,704
644,744
721,821
15,115
397,497
587,687
164,264
602,702
426,526
145,245
354,454
851,951
379,479
713,813
438,538
71,171
483,583
356,456
442,542
706,806
776,876
636,736
218,318
772,872
208,308
244,344
569,669
493,593
586,686
701,801
905,1005
722,822
626,726
316,416
789,889
293,393
830,930
553,653
345,445
855,955
984,1084
502,602
271,371
125,225
650,750
415,515
581,681
981,1081
884,984
437,537
154,254
909,1009
463,563
921,1021
282,382
316,416
219,319
586,686
303,403
672,772
470,570
11,111
253,353
685,785
895,995
239,339
131,231
896,996
787,887
35,135
225,325
472,572
49,149
472,572
724,824
469,569
872,972
314,414
226,326
112,212
888,988
786,886
105,205
293,393
506,606
649,749
956,1056
355,455
986,1086
917,1017
187,287
431,531
132,232
39,139
741,841
688,788
878,978
153,253
643,743
837,937
431,531
709,809
955,1055
640,740
603,703
593,693
526,626
900,1000
388,488
595,695
614,714
408,508
433,533
479,579
384,484
751,851
530,630
44,144
806,906
237,337
783,883
518,618
861,961
737,837
185,285
243,343
293,393
921,1021
581,681
746,846
591,691
75,175
668,768
477,577
340,440
210,310
75,175
847,947
501,601
445,545
939,1039
385,485
130,230
805,905
884,984
26,126
672,772
838,938
312,412
294,394
429,529
827,927
878,978
116,216
399,499
620,720
610,710
227,327
775,875
326,426
99,199
526,626
485,585
753,853
940,1040
540,640
472,572
880,980
947,1047
293,393
279,379
793,893
492,592
983,1083
693,793
635,735
940,1040
84,184
497,597
416,516
831,931
586,686
218,318
166,266
66,166
206,306
772,872
339,439
823,923
878,978
839,939
496,596
278,378
827,927
773,873
493,593
492,592
906,1006
915,1015
313,413
213,313
37,137
719,819
923,1023
937,1037
99,199
581,681
641,741
453,553
323,423
108,208
478,578
628,728
883,983
471,571
725,825
743,843
801,901
284,384
245,345
677,777
540,640
529,629
690,790
106,206
792,892
857,957
327,427
365,465
632,732
609,709
663,763
296,396
969,1069
198,298
715,815
500,600
138,238
402,502
556,656
10,110
652,752
125,225
793,893
28,128
418,518
417,517
413,513
319,419
375,475
742,842
529,629
445,545
793,893
658,758
516,616
92,192
83,183
307,407
125,225
354,454
806,906
108,208
389,489
744,844
628,728
695,795
316,416
935,1035
296,396
16,116
570,670
631,731
569,669
477,577
214,314
930,1030
522,622
409,509
294,394
664,764
431,531
411,511
406,506
206,306
597,697
878,978
327,427
527,627
142,242
546,646
9,109
412,512
768,868
999,1099
785,885
84,184
652,752
976,1076
521,621
108,208
84,184
670,770
102,202
847,947
260,360
728,828
517,617
251,351
964,1064
404,504
465,565
258,358
197,297
631,731
383,483
118,218
776,876
289,389
237,337
966,1066
690,790
741,841
715,815
859,959
201,301
522,622
616,716
369,469
330,430
543,643
778,878
680,780
875,975
999,1099
80,180
620,720
778,878
614,714
563,663
550,650
825,925
250,350
224,324
553,653
144,244
93,193
240,340
603,703
333,433
372,472
915,1015
966,1066
603,703
413,513
786,886
731,831
730,830
605,705
38,138
566,666
517,617
717,817
953,1053
279,379
266,366
806,906
169,269
885,985
248,348
265,365
155,255
918,1018
67,167
880,980
574,674
204,304
256,356
450,550
469,569
418,518
1,101
467,567
341,441
466,566
580,680
982,1082
445,545
483,583
879,979
527,627
123,223
73,173
685,785
753,853
708,808
577,677
82,182
113,213
17,117
45,145
92,192
92,192
586,686
607,707
375,475
397,497
605,705
450,550
477,577
44,144
595,695
681,781
465,565
563,663
31,131
340,440
804,904
535,635
339,439
351,451
332,432
519,619
811,911
510,610
502,602
80,180
64,164
501,601
2,102
401,501
448,548
101,201
634,734
123,223
616,716
243,343
659,759
878,978
362,462
678,778
483,583
499,599
26,126
644,744
354,454
850,950
144,244
677,777
791,891
429,529
191,291
75,175
140,240
760,860
428,528
802,902
620,720
882,982
39,139
628,728
409,509
324,424
437,537
399,499
169,269
9,109
958,1058
893,993
462,562
721,821
553,653
50,150
699,799
94,194
858,958
3,103
137,237
463,563
442,542
183,283
614,714
942,1042
806,906
947,1047
865,965
434,534
914,1014
676,776
265,365
85,185
500,600
770,870
125,225
245,345
970,1070
317,417
798,898
116,216
674,774
970,1070
69,169
627,727
999,1099
314,414
258,358
506,606
340,440
145,245
523,623
471,571
709,809
890,990
917,1017
859,959
965,1065
773,873
419,519
547,647
285,385
742,842
115,215
493,593
241,341
138,238
190,290
693,793
574,674
679,779
673,773
440,540
69,169
56,156
646,746
907,1007
611,711
87,187
492,592
684,784
4,104
229,329
885,985
435,535
467,567
862,962
901,1001
569,669
55,155
286,386
8,108
748,848
550,650
756,856
389,489
214,314
717,817
136,236
542,642
672,772
260,360
45,145
604,704
478,578
217,317
764,864
53,153
754,854
960,1060
160,260
10,110
445,545
777,877
317,417
559,659
317,417
543,643
441,541
276,376
144,244
563,663
927,1027
413,513
866,966
661,761
572,672
481,581
488,588
355,455
788,888
737,837
247,347
381,481
484,584
432,532
814,914
429,529
760,860
619,719
908,1008
573,673
661,761
501,601
142,242
253,353
758,858
304,404
69,169
603,703
723,823
692,792
144,244
11,111
150,250
66,166
427,527
676,776
720,820
907,1007
346,446
823,923
953,1053
40,140
755,855
207,307
623,723
760,860
308,408
188,288
774,874
948,1048
853,953
812,912
634,734
487,587
361,461
654,754
654,754
184,284
987,1087
431,531
485,585
25,125
541,641
446,546
708,808
262,362
921,1021
863,963
76,176
474,574
380,480
452,552
884,984
350,450
334,434
351,451
777,877
972,1072
488,588
444,544
365,465
117,217
546,646
746,846
60,160
376,476
357,457
222,322
70,170
829,929
767,867
360,460
607,707
528,628
339,439
230,330
620,720
831,931
847,947
797,897
428,528
526,626
945,1045
915,1015
908,1008
259,359
577,677
802,902
817,917
797,897
97,197
393,493
340,440
306,406
39,139
505,605
727,827
49,149
284,384
211,311
102,202
241,341
41,141
630,730
600,700
96,196
471,571
553,653
324,424
198,298
298,398
833,933
306,406
555,655
383,483
887,987
972,1072
258,358
761,861
282,382
622,722
60,160
894,994
311,411
235,335
881,981
728,828
895,995
297,397
662,762
357,457
419,519
282,382
921,1021
681,781
256,356
183,283
341,441
596,696
29,129
786,886
233,333
672,772
148,248
751,851
903,1003
496,596
32,132
594,694
485,585
941,1041
347,447
468,568
854,954
804,904
254,354
452,552
376,476
43,143
311,411
382,482
426,526
237,337
694,794
78,178
545,645
450,550
696,796
847,947
802,902
902,1002
56,156
213,313
442,542
949,1049
926,1026
644,744
945,1045
402,502
998,1098
675,775
837,937
509,609
411,511
144,244
739,839
684,784
689,789
902,1002
343,443
584,684
613,713
490,590
866,966
806,906
668,768
119,219
328,428
38,138
970,1070
401,501
803,903
518,618
931,1031
327,427
970,1070
311,411
119,219
1000,1100
805,905
767,867
972,1072
103,203
809,909
525,625
240,340
789,889
970,1070
378,478
548,648
290,390
109,209
84,184
843,943
351,451
392,492
633,733
243,343
256,356
664,764
584,684
777,877
52,152
253,353
931,1031
194,294
848,948
725,825
67,167
49,149
280,380
357,457
77,177
945,1045
267,367
718,818
467,567
678,778
546,646
918,1018
420,520
524,624
980,1080
695,795
177,277
537,637
387,487
313,413
10,110
933,1033
147,247
446,546
605,705
691,791
464,564
143,243
909,1009
519,619
587,687
220,320
7,107
651,751
201,301
707,807
817,917
76,176
901,1001
125,225
874,974
700,800
523,623
552,652
905,1005
74,174
884,984
911,1011
360,460
90,190
458,558
483,583
664,764
552,652
772,872
182,282
367,467
282,382
701,801
168,268
121,221
71,171
956,1056
772,872
733,833
289,389
816,916
609,709
359,459
821,921
737,837
675,775
637,737
834,934
42,142
212,312
541,641
791,891
762,862
464,564
79,179
531,631
412,512
58,158
857,957
497,597
227,327
524,624
587,687
299,399
41,141
870,970
687,787
698,798
997,1097
239,339
85,185
267,367
427,527
602,702
506,606
388,488
448,548
69,169
261,361
386,486
137,237
573,673
91,191
241,341
54,154
870,970
407,507
751,851
941,1041
520,620
766,866
548,648
599,699
632,732
525,625
895,995
405,505
581,681
583,683
828,928
122,222
944,1044
343,443
605,705
373,473
795,895
1,101
915,1015
476,576
259,359
410,510
277,377
878,978
216,316
251,351
740,840
972,1072
204,304
123,223
854,954
88,188
755,855
24,124
152,252
239,339
439,539
950,1050
579,679
214,314
956,1056
504,604
728,828
189,289
113,213
355,455
801,901
580,680
49,149
722,822
933,1033
500,600
747,847
289,389
726,826
348,448
274,374
926,1026
554,654
756,856
182,282
189,289
473,573
624,724
794,894
497,597
529,629
849,949
509,609
515,615
633,733
151,251
355,455
192,292
154,254
938,1038
971,1071
186,286
553,653
164,264
461,561
489,589
737,837
47,147
831,931
344,444
551,651
329,429
969,1069
769,869
145,245
714,814
443,543
155,255
978,1078
760,860
494,594
970,1070
46,146
351,451
524,624
980,1080
185,285
554,654
925,1025
929,1029
759,859
181,281
14,114
122,222
737,837
233,333
723,823
905,1005
785,885
76,176
443,543
765,865
788,888
491,591
761,861
760,860
411,511
744,844
400,500
875,975
713,813
170,270
93,193
15,115
770,870
461,561
565,665
603,703
60,160
205,305
731,831
128,228
325,425
412,512
723,823
23,123
111,211
107,207
435,535
244,344
755,855
367,467
853,953
985,1085
900,1000
575,675
168,268
926,1026
252,352
263,363
827,927
75,175
733,833
658,758
786,886
49,149
221,321
819,919
738,838
778,878
708,808
947,1047
404,504
882,982
545,645
942,1042
527,627
979,1079
919,1019
652,752
232,332
554,654
499,599
474,574
191,291
371,471
284,384
363,463
255,355
564,664
964,1064
517,617
494,594
831,931
93,193
495,595
237,337
710,810
397,497
313,413
688,788
592,692
87,187
952,1052
92,192
958,1058
543,643
433,533
984,1084
461,561
468,568
831,931
24,124
200,300
799,899
446,546
796,896
442,542
763,863
237,337
530,630
384,484
884,984
476,576
61,161
84,184
892,992
298,398
260,360
385,485
676,776
731,831
406,506
569,669
78,178
462,562
186,286
775,875
820,920
555,655
628,728
124,224
650,750
11,111
899,999
412,512
997,1097
586,686
826,926
904,1004
423,523
83,183
206,306
299,399
446,546
316,416
904,1004
164,264
97,197
767,867
568,668
207,307
615,715
692,792
517,617
24,124
336,436
430,530
281,381
584,684
592,692
306,406
832,932
897,997
479,579
10,110
639,739
695,795
70,170
587,687
354,454
190,290
148,248
6,106
64,164
120,220
708,808
127,227
327,427
108,208
328,428
91,191
85,185
449,549
654,754
450,550
815,915
690,790
894,994
302,402
419,519
14,114
958,1058
353,453
244,344
418,518
199,299
680,780
820,920
558,658
259,359
501,601
573,673
142,242
727,827
550,650
53,153
399,499
221,321
844,944
87,187
211,311
415,515
528,628
936,1036
622,722
144,244
114,214
619,719
106,206
248,348
253,353
39,139
855,955
898,998
737,837
954,1054
331,431
616,716
998,1098
569,669
61,161
757,857
787,887
777,877
311,411
684,784
429,529
599,699
747,847
531,631
459,559
976,1076
827,927
265,365
953,1053
800,900
672,772
943,1043
330,430
440,540
460,560
295,395
647,747
152,252
874,974
445,545
694,794
364,464
627,727
460,560
532,632
142,242
732,832
942,1042
655,755
464,564
158,258
954,1054
597,697
447,547
235,335
515,615
992,1092
908,1008
909,1009
418,518
751,851
589,689
141,241
186,286
57,157
756,856
698,798
947,1047
128,228
439,539
790,890
897,997
995,1095
415,515
547,647
625,725
615,715
18,118
476,576
609,709
606,706
401,501
263,363
71,171
913,1013
8,108
336,436
931,1031
700,800
807,907
386,486
404,504
537,637
696,796
129,229
321,421
651,751
169,269
548,648
184,284
54,154
829,929
575,675
139,239
46,146
563,663
752,852
70,170
677,777
60,160
783,883
723,823
409,509
328,428
149,249
274,374
447,547
631,731
445,545
136,236
888,988
877,977
140,240
821,921
784,884
809,909
899,999
673,773
179,279
511,611
161,261
124,224
86,186
233,333
537,637
890,990
286,386
827,927
612,712
830,930
250,350
262,362
560,660
165,265
206,306
838,938
927,1027
380,480
57,157
330,430
639,739
247,347
651,751
517,617
826,926
811,911
212,312
815,915
266,366
807,907
815,915
29,129
572,672
845,945
15,115
168,268
724,824
584,684
961,1061
543,643
461,561
363,463
601,701
726,826
557,657
651,751
745,845
197,297
435,535
114,214
995,1095
881,981
61,161
107,207
867,967
731,831
164,264
511,611
315,415
373,473
184,284
911,1011
794,894
543,643
516,616
719,819
917,1017
343,443
77,177
886,986
666,766
675,775
907,1007
365,465
804,904
935,1035
996,1096
459,559
740,840
917,1017
569,669
547,647
887,987
334,434
354,454
467,567
854,954
17,117
274,374
355,455
961,1061
26,126
191,291
819,919
252,352
306,406
987,1087
243,343
667,767
126,226
135,235
428,528
480,580
860,960
615,715
923,1023
937,1037
450,550
905,1005
186,286
328,428
87,187
1000,1100
84,184
457,557
195,295
561,661
776,876
773,873
432,532
126,226
830,930
256,356
888,988
669,769
785,885
783,883
440,540
224,324
534,634
949,1049
236,336
751,851
748,848
811,911
928,1028
353,453
637,737
369,469
386,486
675,775
70,170
213,313
374,474
356,456
243,343
821,921
696,796
279,379
909,1009
120,220
495,595
705,805
272,372
488,588
115,215
468,568
660,760
740,840
312,412
23,123
67,167
264,364
363,463
778,878
869,969
827,927
154,254
933,1033
552,652
60,160
953,1053
714,814
500,600
201,301
739,839
716,816
338,438
511,611
897,997
891,991
197,297
648,748
817,917
570,670
66,166
567,667
908,1008
294,394
971,1071
733,833
605,705
42,142
723,823
909,1009
452,552
175,275
775,875
628,728
699,799
60,160
488,588
819,919
472,572
874,974
993,1093
933,1033
346,446
834,934
398,498
573,673
406,506
344,444
897,997
431,531
183,283
240,340
170,270
771,871
464,564
546,646
677,777
117,217
121,221
386,486
765,865
425,525
457,557
161,261
273,373
901,1001
237,337
711,811
550,650
217,317
378,478
433,533
528,628
151,251
994,1094
719,819
229,329
504,604
822,922
973,1073
641,741
933,1033
200,300
541,641
511,611
564,664
647,747
457,557
134,234
247,347
388,488
513,613
702,802
198,298
376,476
741,841
625,725
150,250
9,109
614,714
724,824
543,643
41,141
594,694
975,1075
467,567
944,1044
298,398
4,104
884,984
197,297
643,743
281,381
289,389
512,612
892,992
134,234
275,375
616,716
383,483
20,120
81,181
809,909
897,997
483,583
110,210
536,636
6,106
403,503
970,1070
26,126
628,728
285,385
597,697
455,555
570,670
633,733
660,760
151,251
281,381
499,599
364,464
941,1041
771,871
338,438
410,510
35,135
275,375
471,571
149,249
650,750
946,1046
375,475
388,488
523,623
257,357
381,481
518,618
229,329
426,526
2,102
634,734
198,298
650,750
168,268
742,842
220,320
223,323
657,757
101,201
165,265
178,278
231,331
326,426
481,581
658,758
594,694
379,479
849,949
767,867
754,854
953,1053
866,966
332,432
308,408
499,599
331,431
356,456
521,621
990,1090
845,945
877,977
139,239
802,902
314,414
836,936
104,204
731,831
512,612
176,276
989,1089
614,714
693,793
68,168
224,324
773,873
403,503
362,462
611,711
840,940
563,663
103,203
264,364
535,635
673,773
477,577
988,1088
943,1043
897,997
165,265
461,561
621,721
584,684
14,114
116,216
403,503
896,996
434,534
489,589
80,180
20,120
885,985
606,706
611,711
38,138
862,962
306,406
740,840
247,347
34,134
419,519
652,752
975,1075
376,476
471,571
204,304
927,1027
1,101
719,819
939,1039
236,336
62,162
785,885
524,624
756,856
639,739
585,685
93,193
17,117
973,1073
66,166
262,362
183,283
185,285
407,507
365,465
930,1030
811,911
29,129
131,231
384,484
70,170
905,1005
547,647
934,1034
482,582
24,124
637,737
508,608
607,707
164,264
666,766
243,343
984,1084
18,118
108,208
876,976
207,307
596,696
793,893
66,166
367,467
249,349
886,986
125,225
166,266
147,247
544,644
874,974
684,784
944,1044
776,876
660,760
673,773
19,119
213,313
838,938
113,213
588,688
776,876
793,893
615,715
987,1087
611,711
38,138
946,1046
87,187
436,536
779,879
656,756
80,180
850,950
761,861
799,899
238,338
91,191
832,932
220,320
685,785
453,553
780,880
156,256
814,914
364,464
172,272
340,440
972,1072
601,701
80,180
502,602
663,763
349,449
240,340
672,772
762,862
967,1067
963,1063
289,389
718,818
732,832
730,830
619,719
667,767
5,105
559,659
660,760
73,173
5,105
296,396
940,1040
112,212
597,697
756,856
693,793
109,209
149,249
433,533
891,991
85,185
884,984
59,159
779,879
364,464
313,413
35,135
227,327
651,751
83,183
165,265
243,343
778,878
442,542
25,125
446,546
638,738
696,796
835,935
137,237
506,606
151,251
750,850
576,676
340,440
773,873
344,444
231,331
162,262
490,590
445,545
467,567
57,157
209,309
355,455
781,881
517,617
981,1081
78,178
776,876
220,320
153,253
559,659
686,786
334,434
327,427
938,1038
431,531
817,917
901,1001
514,614
104,204
952,1052
883,983
284,384
372,472
355,455
703,803
889,989
797,897
703,803
11,111
962,1062
717,817
665,765
879,979
125,225
18,118
786,886
976,1076
993,1093
244,344
402,502
168,268
614,714
288,388
264,364
463,563
863,963
370,470
943,1043
773,873
342,442
30,130
369,469
15,115
513,613
30,130
889,989
498,598
777,877
711,811
412,512
202,302
981,1081
444,544
880,980
656,756
628,728
477,577
47,147
919,1019
997,1097
319,419
343,443
370,470
538,638
889,989
434,534
743,843
848,948
986,1086
674,774
153,253
301,401
277,377
704,804
990,1090
91,191
324,424
222,322
184,284
729,829
10,110
511,611
694,794
682,782
691,791
233,333
846,946
919,1019
759,859
100,200
861,961
264,364
930,1030
679,779
149,249
478,578
109,209
131,231
1000,1100
817,917
484,584
52,152
93,193
911,1011
691,791
180,280
758,858
200,300
386,486
740,840
636,736
507,607
134,234
948,1048
119,219
229,329
575,675
493,593
953,1053
367,467
723,823
933,1033
92,192
805,905
353,453
437,537
712,812
704,804
173,273
477,577
506,606
266,366
163,263
901,1001
117,217
513,613
856,956
770,870
825,925
893,993
45,145
287,387
250,350
18,118
678,778
441,541
212,312
669,769
652,752
979,1079
379,479
919,1019
247,347
975,1075
489,589
554,654
262,362
301,401
586,686
768,868
408,508
632,732
180,280
879,979
407,507
835,935
298,398
918,1018
827,927
833,933
974,1074
451,551
214,314
179,279
713,813
319,419
633,733
766,866
134,234
67,167
40,140
775,875
574,674
907,1007
384,484
287,387
353,453
910,1010
843,943
312,412
348,448
476,576
846,946
419,519
529,629
494,594
393,493
166,266
478,578
533,633
631,731
561,661
616,716
415,515
92,192
225,325
853,953
683,783
301,401
151,251
966,1066
974,1074
279,379
266,366
484,584
574,674
625,725
578,678
332,432
650,750
267,367
24,124
716,816
991,1091
479,579
602,702
561,661
324,424
560,660
870,970
783,883
944,1044
898,998
950,1050
836,936
186,286
28,128
511,611
349,449
916,1016
914,1014
167,267
535,635
786,886
922,1022
876,976
821,921
935,1035
5,105
259,359
321,421
48,148
427,527
45,145
813,913
158,258
460,560
8,108
970,1070
3,103
70,170
720,820
294,394
920,1020
256,356
997,1097
247,347
765,865
605,705
279,379
214,314
872,972
139,239
190,290
508,608
652,752
578,678
715,815
16,116
793,893
376,476
20,120
950,1050
340,440
769,869
970,1070
95,195
567,667
590,690
347,447
78,178
104,204
939,1039
867,967
26,126
492,592
849,949
912,1012
826,926
570,670
320,420
711,811
697,797
818,918
617,717
524,624
812,912
106,206
143,243
659,759
455,555
664,764
827,927
305,405
984,1084
750,850
533,633
110,210
697,797
746,846
259,359
172,272
300,400
207,307
383,483
413,513
905,1005
636,736
265,365
73,173
502,602
840,940
981,1081
331,431
493,593
650,750
388,488
253,353
374,474
866,966
186,286
748,848
709,809
780,880
124,224
426,526
705,805
288,388
818,918
64,164
745,845
441,541
110,210
880,980
740,840
472,572
35,135
324,424
430,530
848,948
87,187
853,953
671,771
436,536
921,1021
383,483
195,295
327,427
708,808
434,534
611,711
658,758
762,862
215,315
900,1000
860,960
664,764
643,743
45,145
90,190
507,607
884,984
423,523
343,443
379,479
124,224
145,245
347,447
368,468
376,476
807,907
789,889
823,923
454,554
445,545
268,368
794,894
318,418
130,230
131,231
280,380
297,397
880,980
868,968
228,328
3,103
815,915
571,671
777,877
390,490
443,543
654,754
881,981
988,1088
535,635
766,866
479,579
650,750
25,125
578,678
136,236
407,507
227,327
164,264
407,507
327,427
995,1095
373,473
160,260
872,972
691,791
800,900
425,525
499,599
231,331
566,666
297,397
410,510
810,910
674,774
389,489
31,131
760,860
326,426
169,269
152,252
415,515
774,874
104,204
156,256
874,974
773,873
651,751
132,232
143,243
899,999
324,424
646,746
821,921
537,637
317,417
560,660
242,342
158,258
856,956
976,1076
155,255
598,698
751,851
291,391
452,552
311,411
908,1008
619,719
421,521
575,675
578,678
110,210
819,919
837,937
52,152
761,861
379,479
525,625
569,669
71,171
684,784
850,950
174,274
862,962
703,803
498,598
797,897
162,262
898,998
752,852
935,1035
606,706
261,361
585,685
694,794
773,873
60,160
248,348
532,632
26,126
742,842
802,902
524,624
991,1091
901,1001
294,394
354,454
350,450
945,1045
191,291
217,317
123,223
636,736
971,1071
525,625
447,547
442,542
893,993
84,184
232,332
824,924
968,1068
324,424
824,924
532,632
310,410
974,1074
671,771
799,899
147,247
583,683
957,1057
589,689
919,1019
879,979
572,672
242,342
854,954
941,1041
871,971
920,1020
126,226
319,419
934,1034
626,726
27,127
217,317
381,481
315,415
242,342
804,904
718,818
78,178
787,887
28,128
91,191
131,231
320,420
189,289
822,922
277,377
804,904
207,307
514,614
947,1047
404,504
573,673
402,502
227,327
291,391
595,695
59,159
549,649
258,358
95,195
191,291
846,946
943,1043
522,622
329,429
406,506
560,660
90,190
657,757
805,905
280,380
907,1007
749,849
969,1069
766,866
264,364
944,1044
120,220
37,137
152,252
597,697
150,250
277,377
60,160
134,234
241,341
179,279
336,436
715,815
542,642
157,257
682,782
438,538
613,713
165,265
732,832
7,107
61,161
77,177
994,1094
872,972
304,404
893,993
496,596
473,573
193,293
457,557
136,236
913,1013
801,901
448,548
985,1085
63,163
846,946
915,1015
837,937
440,540
349,449
835,935
942,1042
171,271
297,397
332,432
601,701
887,987
908,1008
930,1030
580,680
31,131
507,607
426,526
978,1078
356,456
13,113
485,585
755,855
580,680
104,204
589,689
226,326
376,476
356,456
635,735
836,936
741,841
802,902
116,216
610,710
163,263
856,956
19,119
565,665
374,474
145,245
218,318
542,642
732,832
656,756
92,192
627,727
119,219
833,933
767,867
876,976
417,517
68,168
545,645
277,377
524,624
332,432
715,815
810,910
334,434
326,426
337,437
263,363
620,720
942,1042
276,376
403,503
660,760
701,801
799,899
930,1030
425,525
667,767
67,167
618,718
390,490
320,420
500,600
205,305
146,246
582,682
146,246
66,166
156,256
11,111
900,1000
74,174
574,674
737,837
448,548
265,365
604,704
499,599
218,318
184,284
415,515
451,551
526,626
326,426
381,481
264,364
766,866
987,1087
362,462
593,693
317,417
851,951
219,319
804,904
308,408
81,181
85,185
512,612
465,565
861,961
828,928
127,227
497,597
629,729
263,363
781,881
30,130
855,955
947,1047
341,441
282,382
824,924
662,762
768,868
316,416
150,250
734,834
929,1029
657,757
383,483
467,567
484,584
19,119
420,520
343,443
690,790
887,987
81,181
857,957
476,576
955,1055
981,1081
589,689
309,409
533,633
412,512
487,587
416,516
985,1085
965,1065
143,243
381,481
20,120
610,710
229,329
357,457
285,385
205,305
432,532
707,807
670,770
739,839
852,952
669,769
276,376
828,928
803,903
556,656
430,530
60,160
550,650
372,472
33,133
496,596
83,183
254,354
894,994
357,457
259,359
844,944
198,298
744,844
154,254
859,959
603,703
957,1057
548,648
383,483
933,1033
266,366
871,971
709,809
556,656
741,841
940,1040
766,866
690,790
542,642
971,1071
766,866
527,627
105,205
394,494
51,151
975,1075
267,367
921,1021
669,769
140,240
457,557
482,582
196,296
822,922
486,586
267,367
478,578
202,302
202,302
194,294
377,477
833,933
605,705
254,354
815,915
265,365
287,387
877,977
751,851
39,139
485,585
909,1009
216,316
728,828
386,486
751,851
361,461
755,855
907,1007
625,725
357,457
732,832
721,821
196,296
719,819
472,572
871,971
50,150
230,330
989,1089
184,284
33,133
698,798
830,930
399,499
88,188
439,539
246,346
592,692
925,1025
577,677
131,231
675,775
161,261
757,857
650,750
360,460
162,262
984,1084
165,265
977,1077
886,986
257,357
966,1066
358,458
106,206
629,729
791,891
343,443
407,507
550,650
735,835
586,686
564,664
781,881
391,491
887,987
27,127
102,202
271,371
657,757
406,506
139,239
838,938
354,454
482,582
11,111
620,720
708,808
338,438
581,681
783,883
447,547
455,555
165,265
243,343
623,723
291,391
240,340
682,782
317,417
602,702
512,612
779,879
869,969
332,432
758,858
2,102
183,283
973,1073
209,309
178,278
776,876
369,469
995,1095
366,466
391,491
240,340
181,281
412,512
542,642
934,1034
55,155
863,963
11,111
950,1050
987,1087
409,509
585,685
892,992
83,183
429,529
633,733
870,970
601,701
984,1084
494,594
601,701
587,687
441,541
382,482
840,940
499,599
390,490
24,124
571,671
273,373
456,556
824,924
424,524
393,493
321,421
23,123
980,1080
34,134
596,696
844,944
807,907
512,612
895,995
415,515
218,318
582,682
821,921
672,772
666,766
790,890
581,681
50,150
524,624
739,839
392,492
804,904
395,495
946,1046
605,705
147,247
5,105
193,293
917,1017
789,889
82,182
111,211
748,848
609,709
170,270
386,486
927,1027
187,287
840,940
533,633
706,806
155,255
614,714
385,485
781,881
428,528
581,681
369,469
430,530
269,369
841,941
182,282
997,1097
459,559
748,848
362,462
764,864
40,140
286,386
259,359
418,518
117,217
460,560
41,141
705,805
17,117
783,883
118,218
674,774
197,297
798,898
941,1041
915,1015
998,1098
893,993
802,902
419,519
567,667
279,379
114,214
464,564
49,149
480,580
476,576
950,1050
142,242
314,414
271,371
306,406
655,755
735,835
783,883
765,865
621,721
779,879
3,103
385,485
465,565
11,111
398,498
531,631
95,195
163,263
623,723
996,1096
162,262
353,453
525,625
811,911
814,914
954,1054
218,318
649,749
552,652
199,299
196,296
575,675
965,1065
167,267
567,667
22,122
490,590
754,854
672,772
413,513
297,397
122,222
238,338
2,102
649,749
996,1096
87,187
813,913
64,164
780,880
221,321
491,591
440,540
819,919
538,638
77,177
61,161
636,736
56,156
150,250
685,785
975,1075
21,121
591,691
326,426
148,248
831,931
650,750
602,702
993,1093
673,773
37,137
406,506
497,597
429,529
799,899
722,822
851,951
275,375
501,601
548,648
476,576
227,327
818,918
337,437
722,822
597,697
765,865
305,405
303,403
317,417
963,1063
163,263
659,759
566,666
556,656
918,1018
203,303
176,276
204,304
376,476
907,1007
715,815
723,823
981,1081
188,288
349,449
423,523
416,516
992,1092
476,576
222,322
48,148
692,792
658,758
9,109
372,472
978,1078
524,624
402,502
782,882
825,925
519,619
515,615
216,316
210,310
614,714
992,1092
268,368
39,139
986,1086
852,952
310,410
165,265
447,547
922,1022
471,571
930,1030
119,219
595,695
137,237
930,1030
760,860
751,851
874,974
486,586
218,318
704,804
651,751
968,1068
177,277
483,583
631,731
191,291
39,139
517,617
826,926
387,487
201,301
244,344
654,754
359,459
784,884
280,380
932,1032
881,981
224,324
35,135
315,415
541,641
151,251
180,280
15,115
353,453
26,126
917,1017
797,897
394,494
325,425
605,705
322,422
127,227
511,611
498,598
832,932
180,280
58,158
581,681
414,514
825,925
96,196
996,1096
758,858
699,799
178,278
76,176
269,369
911,1011
435,535
475,575
553,653
327,427
757,857
416,516
51,151
234,334
642,742
966,1066
161,261
872,972
291,391
223,323
481,581
830,930
72,172
354,454
250,350
466,566
771,871
725,825
719,819
903,1003
446,546
141,241
939,1039
239,339
991,1091
814,914
131,231
822,922
32,132
2,102
522,622
100,200
81,181
574,674
928,1028
202,302
338,438
599,699
153,253
470,570
1000,1100
788,888
338,438
777,877
85,185
876,976
373,473
967,1067
677,777
224,324
120,220
468,568
308,408
443,543
406,506
460,560
916,1016
280,380
277,377
591,691
562,662
652,752
637,737
371,471
938,1038
195,295
549,649
912,1012
945,1045
689,789
130,230
269,369
811,911
900,1000
921,1021
436,536
117,217
638,738
712,812
962,1062
61,161
179,279
46,146
232,332
326,426
547,647
265,365
376,476
172,272
6,106
814,914
998,1098
371,471
297,397
154,254
856,956
840,940
299,399
506,606
28,128
153,253
529,629
164,264
625,725
51,151
331,431
861,961
257,357
90,190
988,1088
555,655
678,778
493,593
199,299
230,330
6,106
280,380
291,391
244,344
122,222
802,902
960,1060
694,794
460,560
95,195
365,465
880,980
617,717
66,166
115,215
700,800
408,508
7,107
516,616
674,774
931,1031
42,142
188,288
909,1009
798,898
543,643
768,868
190,290
264,364
99,199
385,485
347,447
104,204
783,883
540,640
372,472
608,708
384,484
967,1067
758,858
454,554
764,864
139,239
87,187
423,523
829,929
774,874
357,457
566,666
633,733
184,284
829,929
939,1039
343,443
633,733
685,785
571,671
81,181
200,300
990,1090
458,558
390,490
902,1002
617,717
793,893
824,924
432,532
476,576
215,315
308,408
945,1045
237,337
123,223
368,468
9,109
663,763
349,449
905,1005
904,1004
265,365
929,1029
316,416
873,973
969,1069
625,725
771,871
706,806
47,147
28,128
636,736
670,770
323,423
53,153
271,371
654,754
628,728
835,935
760,860
158,258
839,939
664,764
732,832
809,909
629,729
579,679
451,551
851,951
644,744
387,487
193,293
750,850
679,779
810,910
903,1003
177,277
130,230
911,1011
324,424
142,242
385,485
560,660
672,772
566,666
441,541
216,316
628,728
737,837
96,196
147,247
744,844
913,1013
295,395
898,998
17,117
334,434
11,111
812,912
317,417
216,316
332,432
194,294
151,251
118,218
918,1018
346,446
959,1059
894,994
450,550
274,374
294,394
800,900
718,818
508,608
592,692
104,204
429,529
64,164
457,557
626,726
99,199
809,909
235,335
824,924
938,1038
369,469
50,150
418,518
592,692
475,575
547,647
814,914
945,1045
783,883
229,329
312,412
11,111
774,874
117,217
457,557
442,542
277,377
648,748
576,676
706,806
566,666
602,702
665,765
223,323
122,222
83,183
927,1027
526,626
515,615
643,743
72,172
439,539
3,103
211,311
23,123
358,458
610,710
584,684
909,1009
300,400
118,218
639,739
52,152
204,304
506,606
63,163
152,252
250,350
918,1018
706,806
331,431
497,597
210,310
763,863
234,334
317,417
779,879
304,404
339,439
718,818
639,739
656,756
749,849
435,535
75,175
225,325
309,409
257,357
465,565
704,804
257,357
72,172
174,274
62,162
21,121
349,449
784,884
511,611
864,964
387,487
797,897
82,182
327,427
971,1071
198,298
778,878
151,251
878,978
874,974
285,385
461,561
491,591
39,139
24,124
612,712
628,728
877,977
389,489
91,191
968,1068
120,220
27,127
558,658
448,548
596,696
383,483
510,610
982,1082
699,799
32,132
828,928
89,189
537,637
37,137
799,899
205,305
847,947
231,331
662,762
644,744
994,1094
432,532
466,566
595,695
528,628
709,809
149,249
830,930
944,1044
589,689
48,148
274,374
692,792
914,1014
164,264
546,646
545,645
1000,1100
915,1015
748,848
744,844
634,734
230,330
55,155
994,1094
604,704
898,998
320,420
635,735
265,365
578,678
93,193
305,405
72,172
381,481
972,1072
905,1005
141,241
949,1049
350,450
747,847
961,1061
185,285
738,838
357,457
983,1083
377,477
321,421
580,680
811,911
39,139
249,349
703,803
605,705
240,340
212,312
49,149
57,157
100,200
115,215
775,875
552,652
429,529
996,1096
718,818
499,599
941,1041
231,331
286,386
519,619
642,742
21,121
800,900
275,375
725,825
51,151
72,172
416,516
393,493
518,618
752,852
852,952
992,1092
504,604
254,354
336,436
659,759
986,1086
65,165
482,582
420,520
530,630
578,678
695,795
756,856
154,254
313,413
702,802
707,807
409,509
245,345
718,818
173,273
380,480
306,406
466,566
700,800
400,500
100,200
635,735
5,105
753,853
142,242
991,1091
43,143
729,829
923,1023
721,821
144,244
957,1057
953,1053
258,358
388,488
311,411
887,987
566,666
450,550
40,140
850,950
709,809
719,819
327,427
883,983
690,790
579,679
933,1033
435,535
126,226
956,1056
316,416
165,265
429,529
415,515
385,485
547,647
10,110
594,694
908,1008
859,959
912,1012
109,209
662,762
507,607
424,524
52,152
386,486
768,868
958,1058
178,278
357,457
336,436
300,400
55,155
50,150
211,311
370,470
771,871
816,916
225,325
557,657
579,679
809,909
929,1029
600,700
268,368
206,306
374,474
654,754
449,549
279,379
552,652
783,883
439,539
818,918
115,215
608,708
533,633
501,601
868,968
460,560
416,516
440,540
709,809
698,798
404,504
229,329
652,752
501,601
172,272
203,303
427,527
345,445
974,1074
241,341
284,384
684,784
315,415
912,1012
426,526
546,646
706,806
573,673
359,459
604,704
816,916
621,721
726,826
650,750
706,806
490,590
328,428
818,918
953,1053
723,823
842,942
899,999
780,880
924,1024
795,895
276,376
449,549
103,203
729,829
963,1063
565,665
148,248
3,103
552,652
299,399
251,351
310,410
800,900
213,313
663,763
181,281
990,1090
528,628
433,533
627,727
665,765
727,827
219,319
53,153
348,448
400,500
525,625
476,576
172,272
503,603
329,429
290,390
142,242
438,538
639,739
356,456
168,268
4627
4996
5323
5370
4280
5725
4576
4716
5057
5401
5902
5878
4218
4703
5842
4739
5544
4735
4469
5361
4812
4798
5597
5877
4830
4901
4397
5808
4203
5656
4697
4993
4915
5232
4974
4837
5955
5849
5594
4238
5913
4601
4454
4524
4444
5447
5382
4653
4205
4859
4320
5736
5716
4093
4196
5164
5574
5740
4500
5002
5926
5114
5525
5582
5260
5423
4598
5194
5385
5535
5102
4050
5324
4369
5418
5228
5432
5699
4369
4727
4881
5603
5509
4581
4757
5916
4138
4355
4647
5146
5372
5739
5135
4958
4803
4277
4828
4387
4507
5820
4676
4062
4149
4872
4097
4618
4884
4917
4887
5549
5552
4556
4843
4996
4938
4265
4689
5506
4790
5009
5332
4757
5503
5405
4492
5091
4744
5729
4393
5304
4769
5155
5733
5864
5337
5788
4892
4674
5089
4573
5021
5299
4449
5589
5828
5765
5659
5586
5637
5860
5592
4895
4996
3984
5605
5076
4346
4139
5203
5434
5018
4224
4555
5154
3983
4400
5301
4132
4304
5328
4214
5879
5368
5117
4793
4802
4079
4137
3998
4204
4257
4568
4212
4947
4014
5874
4744
5318
5306
5369
5583
4617
5371
5406
4632
5138
5552
5365
4870
5650
5059
5323
5681
4182
4856
5133
5504
4146
5304
5885
4760
5835
4459
5584
4325
5468
5287
5614
4508
5648
5324
5937
4030
4475
4351
4250
4922
4206
4688
5465
5049
5256
4041
5391
4740
5900
5527
4651
4802
4267
5757
4834
4271
5176
4328
4068
4663
5400
5604
4682
5194
4547
4799
5285
4912
5385
4088
4878
5505
4062
4858
5428
4568
5572
5581
4850
4714
4074
4914
4062
5421
4783
5282
4855
5629
5848
5028
5534
5120
5760
4394
4624
5197
5572
5816
5908
5521
5728
4923
5920
4134
4558
4662
5486
5744
4483
4485
4372
5500
5895
5734
4413
4019
5261
4712
5938
4809
4485
5912
4409
4501
4562
4656
4375
4882
3992
5166
4221
5769
4691
4482
4896
5828
5756
4955
4405
5340
4730
5333
4848
5764
5370
4564
4833
5758
4430
4969
5377
5294
5694
4999
4734
5093
5913
4471
5059
4597
4857
5313
5595
4678
4326
4457
4067
4268
4329
5147
5422
5521
5135
4808
5195
5178
5720
4882
4121
4813
5869
5739
5417
5940
4611
5634
4063
4998
4875
4132
5524
4706
5844
4188
4065
4419
5136
5285
4292
4587
4296
5025
4229
4565
5838
4953
5384
4533
5893
5676
5540
5563
5776
