3128,4128
1129,2129
2465,3465
642,1642
7121,8121
1008,2008
2244,3244
8933,9933
7364,8364
6576,7576
6049,7049
2001,3001
2970,3970
8864,9864
9924,10924
7597,8597
9064,10064
1454,2454
1621,2621
9053,10053
1874,2874
9634,10634
4975,5975
1437,2437
9474,10474
1879,2879
1683,2683
8746,9746
5726,6726
377,1377
8840,9840
6520,7520
9556,10556
9060,10060
7361,8361
7340,8340
4676,5676
4881,5881
6686,7686
2301,3301
3152,4152
8401,9401
9025,10025
8165,9165
9247,10247
4864,5864
1217,2217
8739,9739
6991,7991
1507,2507
9626,10626
4716,5716
7121,8121
8021,9021
9999,10999
5533,6533
9899,10899
6194,7194
893,1893
8497,9497
8887,9887
4668,5668
1062,2062
3422,4422
5573,6573
6292,7292
6957,7957
7465,8465
3986,4986
8538,9538
1615,2615
6892,7892
7604,8604
6478,7478
8995,9995
542,1542
9764,10764
3638,4638
2097,3097
4108,5108
2763,3763
8918,9918
6896,7896
2854,3854
201,1201
4147,5147
7743,8743
727,1727
1225,2225
4269,5269
8858,9858
6953,7953
2802,3802
9329,10329
5139,6139
9760,10760
2115,3115
7677,8677
143,1143
1013,2013
112,1112
6368,7368
3129,4129
8893,9893
9423,10423
70,1070
9842,10842
1328,2328
3863,4863
4760,5760
4443,5443
327,1327
5483,6483
769,1769
2851,3851
3438,4438
4848,5848
9925,10925
7656,8656
4045,5045
2937,3937
3941,4941
8707,9707
9012,10012
9610,10610
6566,7566
6032,7032
4210,5210
4385,5385
6796,7796
8448,9448
3797,4797
2582,3582
4568,5568
1080,2080
7159,8159
3841,4841
7975,8975
3377,4377
3373,4373
4380,5380
7877,8877
6,1006
8023,9023
9769,10769
3571,4571
8593,9593
3776,4776
8903,9903
3428,4428
76,1076
3428,4428
1761,2761
2878,3878
9606,10606
9302,10302
2185,3185
8890,9890
3230,4230
9988,10988
2336,3336
6362,7362
3880,4880
9144,10144
654,1654
2207,3207
6503,7503
6134,7134
9790,10790
816,1816
9325,10325
1660,2660
3344,4344
7322,8322
7824,8824
2136,3136
8935,9935
6150,7150
3514,4514
5325,6325
3373,4373
489,1489
3067,4067
4576,5576
7594,8594
5664,6664
2904,3904
3124,4124
2837,3837
1636,2636
4908,5908
6058,7058
3960,4960
8531,9531
8793,9793
5703,6703
1863,2863
4255,5255
4949,5949
1801,2801
7189,8189
8479,9479
3958,4958
3875,4875
3051,4051
4451,5451
7949,8949
4851,5851
5331,6331
9860,10860
7155,8155
1591,2591
8361,9361
4737,5737
819,1819
3357,4357
2989,3989
2741,3741
2618,3618
6952,7952
6610,7610
5312,6312
6380,7380
2873,3873
4528,5528
2072,3072
2562,3562
8160,9160
3571,4571
5749,6749
2265,3265
1471,2471
6796,7796
8288,9288
6921,7921
4747,5747
3461,4461
3778,4778
8408,9408
6429,7429
3988,4988
7994,8994
1116,2116
3578,4578
20,1020
1095,2095
7263,8263
9134,10134
6258,7258
8822,9822
603,1603
9548,10548
7726,8726
1617,2617
3880,4880
1960,2960
5294,6294
1177,2177
1424,2424
4574,5574
3458,4458
3788,4788
8844,9844
9360,10360
8466,9466
9026,10026
8349,9349
6516,7516
3497,4497
74,1074
8705,9705
6194,7194
5727,6727
6155,7155
8952,9952
6648,7648
6978,7978
7221,8221
3608,4608
7543,8543
5778,6778
3405,4405
1163,2163
1466,2466
3547,4547
6483,7483
4160,5160
8125,9125
1373,2373
9267,10267
707,1707
6485,7485
4214,5214
7027,8027
5121,6121
4777,5777
4219,5219
5050,6050
7376,8376
664,1664
4926,5926
4869,5869
1497,2497
6700,7700
9491,10491
8091,9091
4520,5520
9008,10008
579,1579
1328,2328
5637,6637
8912,9912
3940,4940
7933,8933
8451,9451
7030,8030
533,1533
1591,2591
4998,5998
9389,10389
7315,8315
9545,10545
9503,10503
7902,8902
5578,6578
4085,5085
3923,4923
978,1978
4376,5376
3327,4327
6025,7025
2886,3886
2857,3857
6453,7453
8883,9883
9782,10782
6432,7432
7119,8119
8105,9105
1450,2450
7087,8087
9758,10758
7845,8845
8088,9088
174,1174
9939,10939
1195,2195
6506,7506
6648,7648
2655,3655
3469,4469
3713,4713
3253,4253
7568,8568
2804,3804
9423,10423
1578,2578
6203,7203
6529,7529
1341,2341
6540,7540
806,1806
4493,5493
8592,9592
5821,6821
2583,3583
5530,6530
69,1069
8161,9161
667,1667
4690,5690
9745,10745
8886,9886
1105,2105
380,1380
4472,5472
7145,8145
3260,4260
2091,3091
4607,5607
1866,2866
5368,6368
4173,5173
9767,10767
7915,8915
8723,9723
7438,8438
1221,2221
4617,5617
8028,9028
1128,2128
5908,6908
8134,9134
3699,4699
2098,3098
1396,2396
4993,5993
766,1766
9893,10893
8074,9074
7251,8251
3790,4790
9421,10421
9731,10731
527,1527
9520,10520
5532,6532
6273,7273
2507,3507
1225,2225
3357,4357
4919,5919
9658,10658
3036,4036
7838,8838
3411,4411
6311,7311
2663,3663
4522,5522
6727,7727
2330,3330
4943,5943
1094,2094
5402,6402
8369,9369
1675,2675
6136,7136
536,1536
1231,2231
9018,10018
683,1683
6231,7231
6000,7000
823,1823
6694,7694
2352,3352
8536,9536
1197,2197
7443,8443
2041,3041
4363,5363
3293,4293
5887,6887
8631,9631
3175,4175
6543,7543
4837,5837
2081,3081
5557,6557
3517,4517
9481,10481
6533,7533
1040,2040
9901,10901
2455,3455
4330,5330
1733,2733
8748,9748
5978,6978
1727,2727
4174,5174
26,1026
8264,9264
6604,7604
1987,2987
5247,6247
6024,7024
9296,10296
6963,7963
4787,5787
6335,7335
6737,7737
5321,6321
5949,6949
2654,3654
9877,10877
7346,8346
3697,4697
4728,5728
4812,5812
8042,9042
3957,4957
8864,9864
5634,6634
3121,4121
4894,5894
7798,8798
7649,8649
8088,9088
6090,7090
7294,8294
7068,8068
5029,6029
3150,4150
5465,6465
2576,3576
2562,3562
3443,4443
1544,2544
8187,9187
4208,5208
7016,8016
8924,9924
9040,10040
9910,10910
8851,9851
2450,3450
5258,6258
5942,6942
2511,3511
2383,3383
5070,6070
6112,7112
1336,2336
3360,4360
5435,6435
2348,3348
1641,2641
5398,6398
1228,2228
6761,7761
5782,6782
4867,5867
8481,9481
4099,5099
3025,4025
9130,10130
6296,7296
6977,7977
385,1385
9032,10032
2392,3392
7086,8086
826,1826
1098,2098
9006,10006
6671,7671
474,1474
1158,2158
6558,7558
9482,10482
7185,8185
6668,7668
969,1969
3581,4581
4013,5013
9863,10863
2681,3681
1633,2633
6280,7280
5337,6337
2016,3016
8256,9256
3403,4403
2557,3557
9185,10185
7095,8095
4430,5430
5526,6526
4140,5140
8571,9571
8553,9553
3192,4192
7855,8855
3897,4897
875,1875
2435,3435
8406,9406
6208,7208
5308,6308
3023,4023
1434,2434
51,1051
4205,5205
407,1407
4292,5292
3644,4644
7625,8625
8998,9998
4626,5626
6834,7834
9401,10401
3947,4947
1826,2826
7843,8843
4620,5620
7399,8399
8318,9318
4867,5867
7783,8783
7532,8532
7061,8061
9257,10257
795,1795
3972,4972
5769,6769
2766,3766
3046,4046
6414,7414
479,1479
6455,7455
5885,6885
2609,3609
5129,6129
7380,8380
9565,10565
6377,7377
8363,9363
7262,8262
8897,9897
7760,8760
1578,2578
2458,3458
9331,10331
8691,9691
1561,2561
4663,5663
2575,3575
8292,9292
4164,5164
5370,6370
2923,3923
6604,7604
8884,9884
5166,6166
4873,5873
6620,7620
1030,2030
5408,6408
6553,7553
3992,4992
2355,3355
9572,10572
4575,5575
5903,6903
6571,7571
8969,9969
4660,5660
9102,10102
5085,6085
9128,10128
1873,2873
4358,5358
5717,6717
4625,5625
5572,6572
3406,4406
3532,4532
9225,10225
6169,7169
7776,8776
1337,2337
9471,10471
9434,10434
458,1458
1163,2163
1273,2273
7540,8540
3438,4438
911,1911
9242,10242
4616,5616
3561,4561
1027,2027
2102,3102
5378,6378
2196,3196
985,1985
2415,3415
6055,7055
539,1539
1817,2817
4366,5366
4208,5208
7606,8606
3406,4406
8268,9268
8494,9494
6411,7411
3135,4135
2750,3750
7853,8853
1766,2766
9473,10473
8556,9556
8107,9107
7144,8144
601,1601
8680,9680
3207,4207
5516,6516
1075,2075
874,1874
73,1073
2022,3022
8670,9670
9670,10670
3578,4578
8628,9628
5289,6289
6216,7216
6370,7370
8777,9777
9150,10150
260,1260
2495,3495
1835,2835
6805,7805
8719,9719
8016,9016
89,1089
6866,7866
8463,9463
4204,5204
972,1972
9750,10750
3390,4390
3970,4970
6869,7869
320,1320
9201,10201
4759,5759
3306,4306
680,1680
6457,7457
5048,6048
3946,4946
1743,2743
4622,5622
6792,7792
7759,8759
5587,6587
8293,9293
206,1206
4236,5236
9000,10000
9752,10752
434,1434
5396,6396
4957,5957
216,1216
4394,5394
1946,2946
6528,7528
4711,5711
8698,9698
9322,10322
7033,8033
7753,8753
7351,8351
1720,2720
849,1849
4735,5735
6634,7634
4084,5084
4119,5119
5413,6413
3197,4197
4673,5673
9558,10558
527,1527
4045,5045
5392,6392
9478,10478
2309,3309
4610,5610
9489,10489
7801,8801
8938,9938
2793,3793
2586,3586
8550,9550
6746,7746
710,1710
9502,10502
5065,6065
9855,10855
5586,6586
6862,7862
5793,6793
2579,3579
3765,4765
4647,5647
1317,2317
1219,2219
9625,10625
3013,4013
6732,7732
2275,3275
5414,6414
2568,3568
2991,3991
6892,7892
6017,7017
5258,6258
4056,5056
6469,7469
9007,10007
5435,6435
9441,10441
4827,5827
2122,3122
2440,3440
894,1894
2998,3998
8386,9386
2627,3627
4638,5638
3837,4837
628,1628
4348,5348
4208,5208
1008,2008
7431,8431
2035,3035
8350,9350
7180,8180
7087,8087
1956,2956
8223,9223
3770,4770
2452,3452
5989,6989
8326,9326
1109,2109
874,1874
354,1354
9166,10166
848,1848
3475,4475
7303,8303
6406,7406
6212,7212
1133,2133
6712,7712
6763,7763
3604,4604
6161,7161
8698,9698
5583,6583
3046,4046
9480,10480
6407,7407
6483,7483
5212,6212
4810,5810
634,1634
4394,5394
8637,9637
1111,2111
7555,8555
5370,6370
2072,3072
449,1449
4887,5887
205,1205
648,1648
8446,9446
4168,5168
1476,2476
9935,10935
5099,6099
9743,10743
2826,3826
4590,5590
681,1681
5369,6369
7430,8430
9557,10557
1609,2609
2405,3405
1231,2231
9504,10504
4803,5803
8753,9753
2457,3457
1554,2554
2436,3436
5759,6759
8455,9455
4517,5517
6213,7213
1896,2896
1090,2090
8798,9798
2418,3418
6873,7873
4468,5468
4965,5965
2178,3178
4040,5040
1838,2838
6998,7998
5881,6881
7400,8400
7976,8976
8150,9150
2225,3225
1358,2358
7186,8186
8057,9057
528,1528
7681,8681
8211,9211
7404,8404
6947,7947
5238,6238
829,1829
1440,2440
6818,7818
7712,8712
4944,5944
3176,4176
3647,4647
880,1880
4937,5937
7045,8045
6613,7613
835,1835
7345,8345
7817,8817
4027,5027
3198,4198
8309,9309
2928,3928
4468,5468
8823,9823
4125,5125
7060,8060
7127,8127
1794,2794
9016,10016
1347,2347
9516,10516
5594,6594
7936,8936
4354,5354
4479,5479
8264,9264
5053,6053
7438,8438
7650,8650
2188,3188
6971,7971
8936,9936
8823,9823
5657,6657
4693,5693
9516,10516
2465,3465
6581,7581
6585,7585
9426,10426
296,1296
4359,5359
4765,5765
2128,3128
8377,9377
1819,2819
396,1396
8168,9168
1484,2484
2629,3629
7094,8094
3630,4630
3754,4754
7765,8765
8561,9561
9475,10475
4163,5163
2170,3170
800,1800
7871,8871
1746,2746
6438,7438
3290,4290
6168,7168
1301,2301
2239,3239
721,1721
7910,8910
9099,10099
8840,9840
3585,4585
6477,7477
553,1553
8811,9811
9189,10189
1469,2469
7562,8562
3736,4736
4784,5784
9042,10042
6638,7638
5980,6980
7922,8922
8708,9708
7585,8585
956,1956
2079,3079
5441,6441
6720,7720
4539,5539
2752,3752
2705,3705
4537,5537
8280,9280
1486,2486
9141,10141
9172,10172
6516,7516
2274,3274
4477,5477
5747,6747
7019,8019
804,1804
4104,5104
4420,5420
3616,4616
5331,6331
69,1069
5590,6590
7114,8114
4383,5383
3511,4511
5608,6608
3361,4361
6414,7414
9062,10062
2859,3859
8598,9598
9393,10393
1233,2233
3014,4014
4581,5581
6622,7622
8496,9496
9343,10343
7193,8193
5489,6489
4975,5975
5632,6632
5144,6144
7473,8473
6098,7098
4189,5189
9103,10103
3864,4864
4709,5709
2093,3093
569,1569
6389,7389
2335,3335
3768,4768
2197,3197
6556,7556
1186,2186
7052,8052
6158,7158
404,1404
2984,3984
4729,5729
9743,10743
653,1653
8090,9090
9222,10222
4095,5095
9432,10432
4082,5082
4732,5732
5611,6611
7421,8421
4688,5688
7202,8202
7770,8770
5755,6755
2033,3033
5685,6685
5123,6123
7948,8948
587,1587
6490,7490
6856,7856
1693,2693
7905,8905
5736,6736
8595,9595
76,1076
2306,3306
6044,7044
9073,10073
5077,6077
9468,10468
1568,2568
6453,7453
4076,5076
768,1768
8402,9402
4293,5293
1734,2734
8668,9668
2665,3665
6051,7051
6216,7216
6200,7200
4108,5108
5671,6671
7272,8272
130,1130
8879,9879
1552,2552
4959,5959
786,1786
5495,6495
1089,2089
2348,3348
5346,6346
7594,8594
9879,10879
3098,4098
2082,3082
1997,2997
6546,7546
9903,10903
3362,4362
7470,8470
1677,2677
8000,9000
2339,3339
5514,6514
3278,4278
4619,5619
853,1853
5416,6416
1395,2395
3072,4072
9563,10563
9973,10973
9424,10424
8806,9806
8255,9255
7006,8006
6967,7967
5427,6427
1705,2705
7014,8014
1361,2361
4587,5587
9641,10641
4574,5574
3404,4404
5691,6691
8820,9820
4379,5379
5246,6246
3529,4529
3722,4722
4135,5135
785,1785
1481,2481
7870,8870
7522,8522
7714,8714
1134,2134
6267,7267
8876,9876
21,1021
5970,6970
2881,3881
7694,8694
79,1079
1607,2607
8061,9061
6843,7843
5286,6286
240,1240
9870,10870
6778,7778
4733,5733
1640,2640
1386,2386
1846,2846
7462,8462
1355,2355
2569,3569
8526,9526
4625,5625
4066,5066
690,1690
991,1991
8438,9438
8678,9678
8317,9317
1567,2567
2344,3344
4417,5417
2443,3443
6812,7812
7881,8881
4431,5431
4919,5919
1031,2031
2896,3896
4559,5559
2061,3061
7761,8761
6347,7347
8400,9400
173,1173
3314,4314
5959,6959
5643,6643
969,1969
166,1166
6012,7012
9449,10449
5867,6867
3048,4048
400,1400
4467,5467
375,1375
8207,9207
4025,5025
7595,8595
9160,10160
4069,5069
812,1812
6080,7080
4040,5040
5083,6083
7261,8261
3337,4337
1621,2621
1140,2140
2514,3514
8036,9036
9998,10998
7622,8622
6109,7109
3689,4689
3135,4135
1730,2730
733,1733
7491,8491
5460,6460
3325,4325
3183,4183
1918,2918
1515,2515
526,1526
7017,8017
6863,7863
6292,7292
1315,2315
8982,9982
8064,9064
9754,10754
4253,5253
1890,2890
8281,9281
8623,9623
8279,9279
5077,6077
1360,2360
8675,9675
8832,9832
3901,4901
1573,2573
8890,9890
8621,9621
4963,5963
9409,10409
3808,4808
7637,8637
4056,5056
6954,7954
5159,6159
3243,4243
6354,7354
8997,9997
5694,6694
6747,7747
8930,9930
1135,2135
767,1767
887,1887
5233,6233
6120,7120
8656,9656
2222,3222
244,1244
8524,9524
9789,10789
3564,4564
2542,3542
5793,6793
3941,4941
5379,6379
6683,7683
586,1586
2838,3838
1083,2083
1528,2528
4620,5620
2971,3971
6212,7212
8303,9303
7149,8149
9344,10344
3625,4625
8493,9493
7452,8452
4335,5335
6810,7810
2437,3437
3863,4863
1841,2841
2538,3538
7406,8406
7565,8565
4420,5420
5680,6680
8195,9195
3959,4959
358,1358
5556,6556
439,1439
1397,2397
7666,8666
843,1843
7732,8732
8967,9967
5452,6452
6929,7929
6471,7471
4365,5365
7444,8444
5849,6849
1161,2161
8739,9739
9638,10638
8317,9317
3732,4732
1714,2714
4206,5206
6435,7435
2159,3159
7985,8985
6501,7501
330,1330
2212,3212
6185,7185
2997,3997
6261,7261
3523,4523
960,1960
5395,6395
5976,6976
6584,7584
9681,10681
3062,4062
2742,3742
163,1163
4486,5486
4625,5625
4141,5141
1125,2125
6979,7979
8121,9121
6159,7159
7880,8880
6601,7601
6344,7344
8157,9157
6817,7817
4988,5988
9009,10009
5138,6138
9009,10009
2416,3416
7981,8981
9631,10631
295,1295
1407,2407
545,1545
7647,8647
1288,2288
20,1020
2464,3464
6345,7345
5263,6263
1098,2098
2723,3723
5094,6094
5080,6080
8820,9820
1668,2668
5930,6930
6812,7812
4920,5920
368,1368
7596,8596
5921,6921
9746,10746
3626,4626
6287,7287
4857,5857
2573,3573
1545,2545
2002,3002
867,1867
2422,3422
7192,8192
881,1881
1644,2644
803,1803
2407,3407
2404,3404
7574,8574
8720,9720
8369,9369
8028,9028
2924,3924
6936,7936
2778,3778
775,1775
8954,9954
9016,10016
2332,3332
9710,10710
8812,9812
1894,2894
8706,9706
4575,5575
6688,7688
8562,9562
960,1960
9921,10921
5281,6281
6233,7233
3455,4455
9593,10593
4457,5457
34,1034
7767,8767
6758,7758
2426,3426
8331,9331
9719,10719
6276,7276
9613,10613
6296,7296
6450,7450
8371,9371
6239,7239
6098,7098
2466,3466
6475,7475
3895,4895
6697,7697
4514,5514
5576,6576
7548,8548
9085,10085
3475,4475
8836,9836
9395,10395
8631,9631
5867,6867
8537,9537
5989,6989
2470,3470
1463,2463
6639,7639
4812,5812
2452,3452
2520,3520
818,1818
5343,6343
2202,3202
9554,10554
5277,6277
2122,3122
7513,8513
8079,9079
6728,7728
8621,9621
6881,7881
2014,3014
7763,8763
4137,5137
5550,6550
6884,7884
3600,4600
9026,10026
5342,6342
9772,10772
9551,10551
5907,6907
7809,8809
1961,2961
1439,2439
9411,10411
1763,2763
5562,6562
9330,10330
8325,9325
6922,7922
4916,5916
4031,5031
5832,6832
9864,10864
6988,7988
4724,5724
8911,9911
8524,9524
4308,5308
3172,4172
8268,9268
6358,7358
5565,6565
2395,3395
1814,2814
414,1414
9827,10827
3478,4478
8659,9659
3151,4151
2090,3090
9304,10304
8913,9913
1170,2170
9101,10101
7445,8445
2404,3404
8488,9488
8487,9487
469,1469
7847,8847
5247,6247
7441,8441
835,1835
2909,3909
9316,10316
3887,4887
2072,3072
9041,10041
7845,8845
955,1955
7346,8346
6565,7565
1641,2641
7819,8819
7703,8703
1439,2439
8446,9446
3599,4599
3700,4700
7472,8472
4658,5658
6416,7416
9367,10367
3338,4338
8723,9723
6900,7900
7960,8960
311,1311
710,1710
3629,4629
2921,3921
8824,9824
312,1312
692,1692
6955,7955
5995,6995
7355,8355
8783,9783
5141,6141
7011,8011
6174,7174
8894,9894
2134,3134
3267,4267
1012,2012
8752,9752
6573,7573
7530,8530
346,1346
2962,3962
681,1681
6123,7123
3882,4882
8118,9118
9582,10582
4869,5869
6016,7016
7872,8872
445,1445
339,1339
9481,10481
4387,5387
3646,4646
5117,6117
2791,3791
6552,7552
2759,3759
5359,6359
1912,2912
7436,8436
8334,9334
4953,5953
3865,4865
3275,4275
7917,8917
6155,7155
2872,3872
885,1885
7074,8074
8709,9709
6635,7635
83,1083
3519,4519
1133,2133
2667,3667
6956,7956
2965,3965
7943,8943
9944,10944
2902,3902
8860,9860
6710,7710
6447,7447
5289,6289
2774,3774
5507,6507
5576,6576
3696,4696
3223,4223
3534,4534
8709,9709
6345,7345
9054,10054
9133,10133
2728,3728
5944,6944
3536,4536
9997,10997
1791,2791
6972,7972
4153,5153
8963,9963
5106,6106
2956,3956
3436,4436
9846,10846
5004,6004
9851,10851
1113,2113
4036,5036
9975,10975
3787,4787
4660,5660
2900,3900
2800,3800
4501,5501
5233,6233
5498,6498
8064,9064
3549,4549
7763,8763
6582,7582
4902,5902
4142,5142
4462,5462
7028,8028
3,1003
4478,5478
9236,10236
60,1060
5897,6897
9775,10775
9315,10315
4109,5109
9251,10251
4458,5458
8666,9666
8828,9828
8583,9583
7293,8293
5614,6614
449,1449
1830,2830
4456,5456
6963,7963
4456,5456
1581,2581
2980,3980
1850,2850
5852,6852
8421,9421
583,1583
8784,9784
137,1137
9580,10580
296,1296
2999,3999
2661,3661
5355,6355
1226,2226
7010,8010
6137,7137
7833,8833
6692,7692
9125,10125
6864,7864
4586,5586
8913,9913
5670,6670
1717,2717
9563,10563
178,1178
808,1808
4976,5976
4959,5959
242,1242
6329,7329
1469,2469
8320,9320
8095,9095
5363,6363
2729,3729
7256,8256
4166,5166
2542,3542
9927,10927
9886,10886
951,1951
6753,7753
3455,4455
247,1247
4047,5047
7261,8261
7960,8960
5551,6551
2443,3443
7239,8239
5445,6445
3067,4067
5809,6809
9487,10487
2597,3597
7047,8047
9216,10216
7267,8267
9863,10863
8115,9115
2086,3086
7835,8835
8770,9770
7440,8440
7612,8612
7260,8260
7643,8643
7858,8858
6036,7036
4021,5021
5081,6081
3248,4248
9215,10215
7486,8486
685,1685
8525,9525
6685,7685
8333,9333
3761,4761
2291,3291
9457,10457
1992,2992
937,1937
6386,7386
3765,4765
201,1201
4271,5271
5701,6701
6642,7642
1720,2720
2716,3716
296,1296
370,1370
8121,9121
878,1878
7188,8188
4883,5883
189,1189
6460,7460
8856,9856
7757,8757
8265,9265
2156,3156
6975,7975
4717,5717
786,1786
72,1072
1356,2356
7981,8981
6981,7981
8228,9228
3675,4675
5871,6871
1382,2382
1379,2379
6260,7260
9360,10360
3787,4787
9234,10234
9433,10433
2630,3630
9846,10846
4067,5067
6362,7362
8010,9010
3319,4319
3147,4147
8783,9783
4688,5688
4571,5571
2169,3169
1814,2814
3004,4004
3976,4976
1294,2294
2983,3983
8727,9727
7227,8227
5446,6446
7377,8377
3806,4806
513,1513
1297,2297
1932,2932
1849,2849
2494,3494
957,1957
5174,6174
7933,8933
3152,4152
643,1643
5482,6482
9084,10084
5868,6868
8983,9983
8823,9823
5850,6850
8428,9428
4051,5051
4781,5781
1538,2538
2121,3121
9787,10787
174,1174
8012,9012
8296,9296
8744,9744
5876,6876
4487,5487
6360,7360
4215,5215
9843,10843
4295,5295
9300,10300
1805,2805
5366,6366
4665,5665
4639,5639
1570,2570
4006,5006
1412,2412
1515,2515
2167,3167
9167,10167
5900,6900
1492,2492
1640,2640
6463,7463
3459,4459
5980,6980
3266,4266
1848,2848
9619,10619
6167,7167
8209,9209
5828,6828
3874,4874
5316,6316
5991,6991
9789,10789
4888,5888
3552,4552
1488,2488
7732,8732
9859,10859
5443,6443
4653,5653
651,1651
8178,9178
1971,2971
9712,10712
8345,9345
3011,4011
5223,6223
7843,8843
6505,7505
4921,5921
4648,5648
6202,7202
4828,5828
6352,7352
788,1788
7340,8340
4331,5331
8601,9601
9408,10408
8015,9015
803,1803
7644,8644
361,1361
7352,8352
4266,5266
7036,8036
8046,9046
1423,2423
745,1745
5531,6531
4226,5226
2409,3409
566,1566
9994,10994
8584,9584
551,1551
949,1949
4993,5993
6372,7372
2128,3128
377,1377
7103,8103
5302,6302
9552,10552
3017,4017
8319,9319
4561,5561
7301,8301
618,1618
2332,3332
8285,9285
7299,8299
609,1609
9580,10580
6669,7669
1203,2203
1825,2825
1195,2195
7168,8168
6574,7574
2195,3195
7806,8806
7392,8392
2995,3995
7517,8517
4323,5323
9495,10495
2687,3687
476,1476
8914,9914
8060,9060
2114,3114
4610,5610
2090,3090
4528,5528
5951,6951
5357,6357
9864,10864
4395,5395
8350,9350
1498,2498
2970,3970
5700,6700
1540,2540
1197,2197
568,1568
9208,10208
7076,8076
8613,9613
7210,8210
1465,2465
7179,8179
7439,8439
1303,2303
5505,6505
3778,4778
543,1543
29603
27060
27852
28070
26027
24162
25743
23508
22919
30121
26331
21105
28291
26637
22487
22506
25686
21746
20682
27354
20860
27938
28811
21828
23376
28162
28247
28761
24867
26714
30232
21685
20844
23438
22304
22787
21156
25393
25951
21711
21140
25496
25581
23758
23995
22759
26710
27952
29844
20686
25899
25028
21860
21383
25764
30803
27998
25667
21385
26163
29472
22789
29976
29833
22392
21194
21002
29623
24693
22289
22999
23660
23264
26068
23973
26760
27446
30287
26347
30228
25403
26284
25715
26220
28046
21339
25889
29021
24739
30129
23523
25799
22138
28820
22361
25702
23754
24253
24489
23929
24202
23610
22010
27131
23235
25278
28809
23487
24677
28106
26164
30331
23827
27059
28212
20849
21450
27710
30113
23616
20806
22640
30769
30628
20915
22947
25887
27412
25005
26732
23299
28707
22649
22119
27431
20655
29297
27972
23966
30072
21852
26155
22449
29449
29851
29516
28723
29675
23522
29349
23099
25327
29204
24798
23421
30568
20946
27405
30261
28226
28668
23363
21481
25461
26524
25138
25239
27495
30660
28743
22331
21309
28149
28947
28001
22839
20716
21875
23067
25413
30060
23170
26187
22342
25522
22465
24099
22601
28998
21731
21905
20820
27325
26519
25946
30486
25253
22572
26744
29079
