947,1048
854,955
432,533
410,509
605,703
292,390
83,184
583,683
253,352
859,957
43,144
254,355
70,171
414,513
362,462
392,492
213,314
338,436
179,278
577,678
576,674
957,1058
309,410
162,263
451,552
13,112
462,562
234,333
672,773
689,787
744,842
586,685
962,1060
141,239
94,194
607,707
627,726
616,715
5,103
932,1033
836,935
112,212
537,636
945,1043
148,247
492,592
79,180
411,509
658,758
435,535
703,801
308,409
318,417
545,644
150,251
563,664
500,598
123,224
479,579
800,899
658,759
69,167
534,633
676,776
245,343
960,1060
186,285
546,644
322,422
507,605
795,893
449,548
63,161
600,699
758,859
550,649
794,892
625,723
570,668
41,141
843,941
41,141
365,464
589,690
926,1025
13,111
674,775
602,701
560,660
892,990
857,955
590,691
857,958
507,608
657,758
901,1002
303,403
786,885
698,797
87,187
269,370
244,342
552,652
910,1011
261,359
145,246
294,392
112,213
130,228
498,598
312,411
934,1035
429,529
209,310
179,280
587,688
341,441
803,902
471,569
215,313
451,549
656,754
220,318
580,681
304,402
286,385
932,1033
355,456
40,138
746,845
526,624
843,941
786,885
59,160
664,764
807,907
533,632
345,443
200,298
912,1011
179,280
759,860
999,1099
137,235
160,261
124,224
830,928
134,233
921,1020
429,528
831,932
470,569
167,267
186,286
170,268
479,578
785,884
476,574
670,769
268,369
526,626
283,381
739,837
740,841
939,1037
576,676
347,447
283,382
842,941
994,1092
179,280
710,808
744,843
570,669
411,509
935,1034
939,1039
807,908
916,1017
943,1044
163,262
906,1006
323,421
606,704
330,429
577,675
667,766
796,896
421,522
997,1098
531,631
377,476
827,927
517,616
983,1082
677,777
746,846
189,287
848,948
300,399
375,473
168,267
433,531
393,491
167,268
226,326
400,498
824,925
625,725
49,149
730,829
302,403
86,186
233,333
472,573
286,385
397,495
264,362
734,832
62,161
670,770
19,117
211,311
333,434
977,1075
560,659
517,618
955,1055
749,848
696,794
21,121
214,312
94,192
579,679
939,1040
912,1011
679,778
713,814
297,397
970,1070
712,810
466,567
329,429
168,268
142,240
880,980
802,903
797,896
688,789
541,642
142,241
313,412
129,227
248,346
699,799
130,230
68,168
534,634
753,852
96,194
910,1011
323,422
747,846
868,969
559,657
116,215
32,131
629,727
496,597
782,882
336,435
53,153
33,131
780,879
329,429
88,186
367,465
847,946
986,1086
934,1032
270,370
897,998
912,1010
252,351
28,127
849,948
894,994
457,555
815,916
524,624
468,568
247,346
703,803
633,732
462,561
223,321
961,1062
373,474
146,244
142,241
660,758
395,493
539,640
878,976
237,338
981,1079
769,870
418,518
989,1090
539,640
494,592
43,144
884,982
984,1083
499,597
704,802
211,312
864,965
702,801
835,935
220,321
955,1055
927,1028
74,175
172,270
588,687
8,109
122,222
205,305
169,269
65,166
591,692
726,825
948,1046
862,960
485,584
979,1079
774,872
752,852
363,463
519,618
737,836
995,1095
849,949
970,1068
677,775
280,379
594,693
318,417
946,1047
922,1022
853,954
617,718
772,872
434,533
569,669
308,407
592,693
253,351
343,441
448,549
352,451
588,689
74,175
863,961
771,870
239,337
826,926
558,656
15,113
977,1078
501,600
932,1031
898,998
416,515
516,614
604,705
698,798
280,379
836,935
147,247
961,1060
567,666
67,168
703,801
607,706
761,860
169,268
900,998
973,1072
937,1035
277,376
701,801
740,839
904,1004
18,116
873,974
695,796
118,218
677,777
471,572
179,277
107,207
280,378
632,733
909,1007
201,300
106,204
707,806
153,251
359,457
411,509
145,243
1000,1099
544,645
907,1006
131,230
154,255
444,544
393,494
985,1085
499,599
298,396
627,727
97,197
693,794
88,188
354,453
202,300
921,1019
173,271
533,632
309,409
193,292
917,1018
446,546
880,980
532,632
379,477
355,455
534,633
68,166
66,167
809,907
74,175
571,669
622,721
582,682
379,479
39,138
974,1072
243,341
767,868
838,937
864,965
668,767
826,925
307,408
371,469
889,988
434,534
401,499
975,1076
344,444
246,346
448,549
48,149
636,735
861,960
313,412
391,492
875,974
919,1017
476,577
649,747
563,663
685,786
548,648
75,174
373,473
230,328
177,278
209,309
942,1040
484,585
653,754
376,476
475,574
685,783
156,255
185,284
341,439
698,796
482,581
958,1056
211,309
495,593
905,1004
587,685
882,982
151,251
57,156
397,496
26,127
668,766
427,527
869,968
245,345
217,315
892,991
908,1009
270,368
111,212
798,899
624,722
938,1037
229,330
377,475
741,839
543,643
352,452
645,743
11,110
20,120
941,1041
590,691
861,960
436,535
134,235
681,782
790,890
934,1033
862,960
540,641
638,739
303,402
723,821
171,270
488,588
928,1028
915,1013
227,326
983,1083
644,742
569,667
322,421
551,650
103,204
370,468
751,849
630,728
409,508
638,739
898,999
41,142
508,607
777,878
916,1015
742,843
943,1043
830,930
770,869
921,1022
592,693
526,624
479,579
350,448
964,1065
959,1060
348,446
87,185
120,218
431,529
653,754
656,756
596,696
947,1045
796,894
164,263
649,750
14,112
706,804
848,949
62,162
45,146
22,122
527,625
878,978
94,194
850,951
133,234
684,784
326,424
40,139
382,480
411,512
893,992
628,727
718,817
180,278
874,973
123,221
829,927
150,250
730,831
451,551
266,364
724,824
374,475
101,202
892,992
776,876
495,595
443,541
492,590
470,571
935,1033
330,430
113,211
235,333
37,137
195,294
686,786
698,798
905,1005
651,750
385,484
953,1054
69,167
314,413
518,619
808,908
712,813
296,395
902,1001
965,1066
253,353
335,434
755,853
503,601
771,869
690,789
485,586
741,841
153,251
387,487
981,1082
603,703
582,683
588,686
806,905
382,483
852,951
43,142
19,117
500,600
998,1098
285,385
734,834
905,1005
405,503
142,241
661,761
102,203
705,804
649,750
924,1025
823,924
639,737
503,602
116,217
495,596
175,273
166,267
306,407
604,705
848,949
555,654
8,108
556,656
833,933
99,197
64,164
192,290
670,770
178,277
994,1095
684,785
674,772
929,1029
730,829
698,799
366,465
505,606
202,302
821,921
358,457
20,118
140,240
488,589
31,129
208,309
17,117
563,662
436,535
941,1041
47,147
146,247
384,484
697,796
817,916
96,195
916,1017
442,541
541,640
75,173
745,844
783,881
476,576
270,368
329,429
704,802
801,901
169,269
453,551
934,1035
544,645
931,1032
658,757
445,546
172,273
519,617
284,382
335,433
30,130
164,262
715,815
867,967
932,1031
467,566
366,465
18,116
548,649
680,779
397,495
785,885
628,726
16,115
299,398
816,914
375,474
24,122
614,713
731,831
307,408
889,987
145,245
745,845
229,327
917,1017
453,554
115,214
543,642
468,567
863,961
894,992
117,215
78,176
958,1058
275,375
125,224
411,509
262,361
745,844
414,512
559,658
329,428
97,197
639,740
691,789
555,656
452,550
521,619
895,996
72,171
732,830
652,752
679,777
183,284
793,893
177,276
479,580
703,802
913,1011
660,760
271,370
335,435
359,460
175,275
428,526
552,651
172,273
236,335
682,780
551,652
954,1054
372,470
719,818
937,1035
184,283
869,969
7,105
369,470
813,913
586,684
343,442
251,350
47,147
182,280
12,113
629,729
468,568
874,972
511,612
78,178
289,389
184,282
400,499
30,131
285,383
474,573
624,724
607,706
530,629
531,629
760,859
736,836
640,739
279,380
148,246
835,935
959,1060
825,925
29,130
800,899
601,702
729,827
282,380
826,925
285,386
384,484
830,931
522,622
167,265
294,392
700,800
217,316
198,299
925,1023
144,242
798,899
494,594
632,731
806,907
763,863
167,266
664,765
999,1100
489,589
183,284
193,292
694,793
617,717
995,1094
288,389
918,1016
394,494
834,933
260,360
710,809
274,375
541,642
673,774
228,326
123,224
974,1075
973,1074
924,1025
829,930
277,375
231,329
330,429
968,1067
310,409
82,183
187,286
576,677
337,435
991,1089
570,671
156,255
683,783
190,291
870,971
22,123
455,555
883,983
537,635
784,885
768,867
347,445
796,897
378,477
842,943
110,209
951,1049
704,803
444,545
282,382
961,1060
101,199
432,533
61,160
604,704
916,1015
561,661
982,1081
893,994
527,626
940,1039
78,176
290,390
887,985
80,181
883,983
342,442
612,713
932,1031
765,866
118,218
71,169
966,1067
132,232
498,596
306,406
778,876
617,715
17,117
477,578
331,429
219,320
220,321
453,553
763,864
644,745
609,709
946,1047
696,795
215,313
47,145
510,609
397,497
870,968
428,526
874,975
502,601
271,372
225,323
792,893
9,108
25,123
572,671
686,786
53,153
13,111
884,984
22,123
458,556
768,866
834,932
576,676
956,1057
530,631
60,159
284,382
190,291
83,183
244,345
831,931
517,615
108,206
348,447
855,953
588,688
954,1053
68,167
46,146
572,673
398,496
185,285
34,133
452,552
8,108
932,1031
616,714
710,811
62,163
780,879
964,1062
221,320
24,123
508,607
940,1040
576,676
787,887
445,544
782,882
401,500
873,973
421,522
747,845
605,704
122,221
629,727
970,1071
805,903
880,980
399,499
926,1024
846,944
342,443
44,142
612,713
972,1070
936,1034
917,1016
876,975
994,1095
565,664
489,590
75,173
823,923
728,827
8,107
754,853
541,641
333,432
99,200
77,176
596,695
40,138
968,1066
603,704
414,514
17,115
543,643
156,257
408,508
904,1002
943,1044
942,1040
140,239
535,634
452,550
947,1045
79,178
276,374
351,452
160,258
290,391
441,539
739,839
2,102
542,643
315,415
729,830
204,304
315,415
689,789
1000,1099
735,834
22,120
420,521
738,839
210,308
920,1020
498,596
724,824
385,483
987,1086
303,402
133,233
71,171
794,895
684,783
261,360
15,115
535,633
449,550
43,143
43,141
623,721
520,619
525,623
291,391
843,941
963,1063
678,777
93,194
841,942
248,349
287,385
923,1022
738,837
167,266
305,404
320,421
817,915
237,335
950,1049
800,899
703,803
701,800
347,448
898,997
321,420
401,501
13,112
44,145
788,889
676,775
964,1063
818,918
372,471
37,136
759,859
905,1005
296,395
731,831
853,954
952,1052
246,344
576,675
392,491
792,891
984,1083
368,466
198,298
263,364
475,576
463,561
724,824
215,314
59,160
76,175
246,345
171,269
669,768
687,786
852,950
535,636
628,726
738,839
696,794
503,604
280,378
395,495
476,575
623,722
737,837
624,724
552,651
320,420
526,626
410,510
827,925
703,801
547,647
790,889
599,697
272,373
475,576
810,910
708,806
87,186
109,210
745,846
210,309
956,1054
535,635
607,705
725,825
562,663
440,540
276,375
283,383
446,546
243,342
53,152
491,592
541,641
842,941
787,885
257,356
346,445
95,196
196,295
617,715
731,829
693,791
34,135
667,765
443,544
529,627
868,969
326,425
255,356
94,194
534,634
197,296
921,1020
224,323
545,644
294,392
44,142
380,480
4,104
389,490
873,973
921,1021
450,548
133,234
807,906
424,525
21,121
183,282
412,511
460,559
363,462
189,290
976,1075
388,488
149,247
346,444
63,163
699,797
650,748
220,318
503,601
578,677
287,388
284,383
661,761
885,986
81,182
500,600
500,600
886,986
638,736
309,410
248,346
488,589
467,568
480,579
492,590
518,616
565,665
510,609
622,722
980,1080
973,1071
703,802
398,496
368,469
39,139
165,265
610,708
361,461
114,214
533,632
318,416
539,639
530,629
634,732
662,762
499,600
940,1039
887,987
251,349
118,216
711,812
553,651
993,1093
777,875
227,326
547,647
46,146
447,545
702,800
533,631
851,951
819,917
282,382
14,113
292,391
437,535
138,238
669,770
806,905
962,1063
646,744
93,193
13,114
815,914
896,995
299,398
196,297
942,1040
211,310
21,119
440,541
51,149
71,169
943,1044
346,447
378,476
332,432
897,997
255,355
213,313
741,841
368,469
516,617
160,261
938,1036
270,369
47,145
144,242
578,678
51,149
348,449
258,359
185,286
598,698
705,804
843,941
126,224
457,555
314,415
991,1089
390,489
28,127
891,991
45,143
959,1057
971,1071
313,413
176,274
859,960
384,483
8,108
260,361
996,1096
6,106
61,159
772,873
377,476
274,375
781,880
140,240
509,609
595,694
414,512
21,122
818,916
513,612
727,825
334,434
486,584
812,911
268,367
789,889
367,466
923,1023
346,447
822,921
365,463
107,206
414,512
853,952
852,953
99,197
291,391
328,426
372,472
452,552
383,481
169,270
285,386
549,648
649,748
850,950
501,601
218,316
422,520
699,800
693,791
37,135
217,318
862,962
379,480
480,579
530,630
780,878
342,443
984,1085
323,423
927,1025
877,976
107,206
865,965
112,213
580,678
184,283
393,492
480,580
587,685
544,643
726,824
429,527
100,200
812,912
850,948
598,697
286,384
607,706
775,875
472,572
51,152
370,469
424,525
112,212
511,610
926,1027
126,227
723,821
150,249
155,253
64,162
673,772
679,777
604,703
430,529
856,954
33,133
580,681
258,358
623,723
35,133
107,206
220,320
809,910
830,931
136,236
214,313
447,546
694,792
576,676
331,431
120,220
83,182
255,353
584,685
499,599
64,163
109,208
543,642
230,330
271,372
492,593
112,212
16,114
419,517
146,244
64,165
136,234
959,1057
690,789
723,823
175,274
104,202
943,1042
727,827
425,524
885,985
810,909
937,1037
441,542
869,968
209,310
637,737
938,1036
882,982
929,1028
714,813
955,1054
543,642
877,975
888,986
884,982
914,1014
917,1018
999,1099
645,746
610,711
742,842
225,326
390,491
223,321
379,477
882,983
7,108
720,818
170,270
851,950
135,234
543,642
332,431
54,154
534,635
447,545
522,620
714,814
168,267
748,847
867,968
503,604
990,1089
410,510
240,338
379,477
102,200
65,163
337,438
271,372
551,650
763,864
169,269
668,769
127,226
57,156
993,1093
861,959
113,212
592,693
320,421
956,1054
570,671
543,644
995,1095
601,701
4,103
480,581
349,449
747,846
201,301
976,1076
465,565
383,484
546,645
929,1030
854,955
725,825
217,315
467,565
294,394
183,283
260,359
526,627
232,332
329,429
662,763
700,799
803,904
485,585
452,551
87,188
217,316
485,583
378,478
982,1083
646,746
344,445
343,441
798,898
393,493
152,253
144,245
450,551
243,341
905,1003
166,264
459,559
881,981
649,748
176,274
134,232
275,375
671,772
880,981
378,479
2,101
104,205
813,914
208,309
506,604
927,1026
173,273
282,381
614,713
280,379
753,852
758,859
937,1035
305,404
332,430
307,407
124,225
838,936
856,957
721,820
982,1083
16,115
470,569
915,1013
838,939
743,841
238,339
274,375
673,774
678,776
103,204
629,728
602,700
632,730
520,621
252,352
829,928
501,599
192,292
113,212
277,377
238,339
712,813
974,1073
798,896
84,184
924,1023
560,660
712,811
65,165
583,681
837,937
300,400
945,1043
658,756
982,1080
795,895
41,140
462,563
223,321
849,949
593,692
770,870
241,342
729,827
34,135
485,586
866,965
775,875
585,683
10,111
591,691
626,727
920,1021
967,1066
432,532
220,319
363,462
251,350
942,1042
6,105
701,802
483,582
699,798
317,415
521,622
819,920
592,693
979,1079
184,284
385,484
975,1073
776,874
680,781
39,138
473,573
404,504
176,276
958,1056
646,747
801,900
711,809
473,572
570,669
638,737
689,790
799,899
236,336
841,940
231,332
363,464
388,487
617,715
448,549
16,115
35,133
957,1056
488,589
898,997
742,841
389,489
764,862
877,977
978,1076
670,768
718,818
487,588
517,615
281,382
1,99
708,807
145,245
15,114
486,585
243,343
682,782
56,156
317,416
745,845
265,364
952,1051
206,307
460,561
708,807
984,1085
716,816
114,213
633,732
919,1019
331,432
252,352
562,661
512,612
7,107
872,970
292,393
917,1017
650,749
803,904
323,422
459,557
575,675
704,805
641,742
396,497
463,561
328,427
366,464
667,768
450,549
516,616
784,885
515,616
873,974
178,277
199,299
147,245
899,997
368,468
877,977
420,518
620,720
421,522
134,234
969,1068
33,131
512,613
280,380
928,1026
490,589
553,652
511,610
257,358
589,689
15,115
763,864
187,287
972,1072
920,1018
968,1066
296,397
865,963
968,1067
58,158
525,623
186,285
324,424
540,641
829,929
288,387
464,563
890,989
212,311
482,580
93,192
39,139
429,530
724,824
558,657
920,1019
135,234
659,758
964,1063
840,939
312,413
90,190
885,983
256,354
584,683
185,284
454,555
433,534
127,226
212,311
836,936
141,240
219,320
465,563
759,860
66,166
900,998
990,1091
890,991
621,722
521,620
378,479
977,1077
840,941
314,415
182,281
139,238
389,487
552,650
668,768
645,743
177,277
484,584
684,782
180,278
525,624
916,1014
164,265
721,821
952,1052
997,1096
115,213
270,370
682,781
326,424
841,939
284,385
770,869
542,640
318,417
14,115
996,1097
538,636
876,974
505,605
515,616
207,308
972,1070
930,1031
57,156
520,620
923,1022
612,711
953,1052
216,317
395,494
386,485
765,864
389,488
560,661
314,413
743,843
269,370
22,121
616,714
416,516
426,525
980,1080
517,615
250,350
354,454
352,452
441,541
858,956
952,1050
218,317
483,584
31,129
656,756
698,799
423,522
3,102
496,597
646,747
504,605
778,876
494,593
246,347
597,695
602,700
767,868
90,191
272,372
115,216
618,718
581,681
854,955
846,946
831,932
124,223
783,884
611,710
45,146
465,563
689,789
260,360
405,503
318,417
704,802
37,138
91,191
418,518
441,539
495,595
431,532
85,183
334,432
13,112
945,1044
587,686
531,631
8,108
721,822
387,485
639,737
423,523
48,146
882,982
247,348
505,606
192,293
272,372
520,620
804,902
421,522
533,634
901,999
304,405
101,202
28,128
649,747
810,910
878,979
113,214
13,111
539,640
622,722
439,540
821,921
357,456
793,892
84,185
791,889
904,1003
666,764
204701
88466
119639
38383
8552
392
104684
95529
50584
21221
36411
5033
24183
16781
22700
4442
35395
11602
14529
13495
9509
10917
1456
9614
7880
7911
6753
6972
1092
5467
3971
306
2488
2671
970
1355
2198
1256
1291
219
553
112
560
270
426
277
7
40
284
90
141
61
23
199
158
12
99
116
66
15
60
17
57
25
35
28
21
19
13
12
0
8
4
2
3
1
1
4
2
2
3
1
2
1
2
1
1
1
0
0
0
0
0
0
0
0
0
0
0
0
0
0
0
0
0
0
0
0
0
0
0
0
0
0
0
0
0
0
0
0
0
0
0
0
0
0
0
0
0
0
0
0
0
0
0
0
0
0
0
0
0
0
0
0
0
0
0
0
0
0
0
0
0
0
0
0
0
0
0
0
0
0
0
0
0
0
0
0
0
0
0
0
0
0
0
0
0
0
0
0
0
0
0
0
0
0
0
0
0
0
0
0
0
0
0
0
0
0
0
0
0
0
0
0
0
0
0
0
0
0
0
0
0
0
0
0
0
0
0
0
0
0
0
0
0
0
0
0
0
0
0
0
0
0
0
0
0
0
0
0
0
0
0
0
0
0
0
0
0
0
0
0
0
0
0
0
0
0
0
0
0
0
0
0
0
0
0
0
0
0
0
0
0
0
0
0
0
0
0
0
0
0
0
0
0
0
0
0
0
0
0
0
0
0
0
0
0
0
0
0
0
0
0
0
0
0
0
0
0
0
0
0
0
0
0
0
0
0
0
0
0
0
0
0
0
0
0
0
0
0
0
0
0
0
0
0
0
0
0
0
0
0
0
0
0
0
0
0
0
0
0
0
0
0
0
0
0
0
0
0
0
0
0
0
0
0
0
0
0
0
0
0
0
0
0
0
0
0
0
0
0
0
0
0
0
0
0
0
0
0
0
0
0
0
0
0
0
0
0
0
0
0
0
0
0
0
0
0
0
0
0
0
0
0
0
0
0
0
0
0
0
0
0
0
0
0
0
0
0
0
0
0
0
0
0
0
0
0
0
0
0
0
0
0
0
0
0
0
0
0
0
0
0
0
0
0
0
0
0
0
0
0
0
0
0
0
0
0
0
0
0
0
0
0
0
0
0
0
0
0
0
0
0
0
0
0
0
0
0
0
0
0
0
0
0
0
0
0
0
0
0
0
0
0
0
0
0
0
0
0
0
0
0
0
0
0
0
0
0
0
0
0
0
0
0
0
0
0
0
0
0
0
0
0
0
0
0
0
0
0
0
0
0
0
0
0
0
0
0
0
0
0
0
0
0
0
0
0
0
0
0
0
0
0
0
0
0
0
0
0
0
0
0
0
0
0
0
0
0
0
0
0
0
0
0
0
0
0
0
0
0
0
0
0
0
0
0
0
0
0
0
0
0
0
0
0
0
0
0
0
0
0
0
0
0
0
0
0
0
0
0
0
0
0
0
0
0
0
0
0
0
0
0
0
0
0
0
0
0
0
0
0
0
0
0
0
0
0
0
0
0
0
0
0
0
0
0
0
0
0
0
0
0
0
0
0
0
0
0
0
0
0
0
0
0
0
0
0
0
0
0
0
0
0
0
0
0
0
0
0
0
0
0
0
0
0
0
0
0
0
0
0
0
0
0
0
0
0
0
0
0
0
0
0
0
0
0
0
0
0
0
0
0
0
0
0
0
0
0
0
0
0
0
0
0
0
0
0
0
0
0
0
0
0
0
0
0
0
0
0
0
0
0
0
0
0
0
0
0
0
0
0
0
0
0
0
0
0
0
0
0
0
0
0
0
0
0
0
0
0
0
0
0
0
0
0
0
0
0
0
0
0
0
0
0
0
0
0
0
0
