8942,9927
9616,10618
4581,5587
4514,5502
8847,9834
4723,5704
4311,5300
2327,3320
6764,7766
372,1375
1357,2367
8729,9710
7343,8362
4845,5845
2518,3503
2405,3395
3467,4459
9754,10759
4428,5414
3085,4103
8894,9879
246,1242
21,1002
5425,6409
1235,2249
9066,10074
2236,3218
6564,7560
1927,2937
1802,2811
6836,7834
5073,6053
2866,3871
5010,6015
7783,8780
647,1660
6456,7452
2158,3154
420,1416
4300,5284
7401,8389
268,1252
8037,9020
426,1415
1467,2453
9100,10100
6329,7343
2263,3278
4124,5131
3426,4422
9155,10174
845,1864
7690,8691
205,1222
3952,4939
1871,2889
6981,7981
4042,5049
2009,3009
8357,9374
3827,4833
4408,5397
2056,3050
3203,4195
4701,5692
3024,4006
1620,2636
461,1460
8495,9505
8682,9685
8248,9242
2779,3785
3577,4585
4868,5876
8971,9975
2344,3357
6734,7715
294,1310
5808,6816
2516,3526
415,1403
2499,3506
2678,3664
6084,7069
9336,10317
460,1461
5550,6551
7856,8840
1307,2311
4767,5774
7936,8919
2656,3665
4951,5955
4131,5150
1594,2587
1356,2360
6890,7886
2298,3303
3665,4656
2359,3359
1186,2170
1251,2234
548,1531
9127,10134
8483,9494
4060,5067
2153,3150
616,1614
991,1974
8985,9966
4051,5032
6584,7589
703,1721
4731,5721
3571,4563
8631,9649
8847,9848
7259,8265
8435,9453
2768,3786
8578,9588
7121,8134
4597,5592
1816,2799
2965,3968
7767,8759
2805,3810
6537,7533
77,1074
6470,7476
4937,5951
5399,6410
7691,8706
2000,3018
7097,8102
4448,5467
9688,10694
9458,10469
6886,7874
5088,6068
7628,8636
7862,8867
9665,10664
7165,8147
1948,2938
6537,7536
1265,2265
6798,7798
1087,2074
134,1116
4307,5288
9393,10394
4478,5471
331,1342
853,1856
3236,4253
7029,8031
4865,5848
7932,8913
9158,10144
5733,6746
6881,7876
7627,8612
930,1948
2650,3641
2261,3253
5823,6834
8381,9363
6558,7564
4178,5171
6340,7322
7668,8684
7763,8744
9682,10690
3494,4489
3093,4085
3542,4528
8092,9087
7408,8406
8294,9291
8024,9037
2668,3669
8314,9327
5979,6962
9,1025
4486,5476
3886,4901
5703,6711
1659,2645
7995,8997
4332,5351
5349,6358
7489,8478
7423,8409
2751,3748
4812,5799
7080,8060
7231,8245
24,1021
4548,5535
4502,5491
9247,10238
1419,2435
8301,9291
5633,6625
96,1098
3304,4293
4611,5615
9419,10421
6639,7628
8811,9824
5559,6558
370,1365
4165,5177
823,1832
1835,2847
4265,5283
7808,8793
8665,9682
9825,10818
1754,2764
9820,10820
4704,5701
251,1258
4175,5155
7450,8451
9066,10069
1419,2414
8478,9488
8000,8982
7377,8380
3595,4584
8777,9774
1619,2629
7168,8171
4984,5975
1085,2078
2468,3475
4981,5991
8689,9701
7133,8148
2305,3300
8591,9589
9610,10617
3819,4804
3513,4502
1189,2177
9993,10986
5392,6387
1241,2253
7615,8615
1045,2035
1141,2140
7801,8808
2140,3130
4071,5073
3717,4727
4297,5283
386,1373
2750,3767
4056,5038
6459,7463
9307,10311
3477,4469
5973,6961
6348,7339
648,1640
1790,2809
8689,9694
3504,4484
9833,10848
952,1971
8777,9774
2478,3480
8795,9778
1077,2084
1483,2493
6586,7604
9873,10863
1271,2283
7146,8135
3869,4858
2262,3255
7962,8958
7106,8122
2020,3015
7847,8833
8319,9332
6610,7621
8393,9408
2021,3033
8234,9236
696,1679
1606,2624
9305,10294
8570,9554
1234,2246
8991,10006
3093,4100
2656,3663
4351,5346
5040,6025
5179,6177
5530,6512
2609,3601
4921,5939
4672,5657
8371,9376
5805,6790
1356,2360
7431,8422
4790,5785
6116,7120
2591,3578
2967,3954
9452,10460
3977,4984
4767,5771
9380,10390
7716,8732
5449,6463
7903,8908
2657,3639
6906,7922
4347,5343
9544,10539
3624,4640
1797,2800
776,1782
6118,7107
402,1407
2066,3064
2118,3130
5943,6949
5173,6160
9099,10083
4273,5283
3348,4349
1189,2193
8703,9719
8467,9476
2702,3716
8232,9246
4735,5717
6114,7099
5939,6945
3725,4740
595,1600
4018,5019
9237,10229
1620,2605
6706,7723
8741,9722
607,1589
2765,3774
3270,4276
5268,6278
2948,3930
5700,6685
8649,9651
8729,9724
3069,4066
555,1548
4022,5006
7242,8258
2312,3307
5578,6577
3509,4503
9422,10433
821,1839
4348,5355
6924,7934
4842,5859
157,1163
6554,7564
9217,10214
5853,6872
3104,4111
5032,6025
6493,7488
5222,6233
9002,10014
8798,9801
9520,10538
7735,8725
1516,2525
5271,6268
3067,4066
6092,7111
3473,4482
1042,2057
9855,10852
1687,2670
1771,2774
771,1752
4470,5462
7894,8899
5275,6258
311,1312
8161,9178
9021,10022
2867,3850
8823,9808
5786,6773
7557,8547
661,1644
4996,6007
344,1350
904,1919
2925,3934
5952,6942
1782,2788
6624,7622
9785,10793
2913,3900
8588,9581
4624,5631
4420,5439
6903,7895
5733,6752
7191,8175
7416,8410
4607,5593
5045,6041
5457,6446
2498,3507
2404,3411
3308,4317
4367,5369
5369,6351
4977,5989
386,1372
9023,10025
3811,4798
9590,10573
9699,10704
5695,6697
1615,2610
8704,9709
5771,6759
4270,5276
6397,7382
408,1419
366,1376
7895,8893
8984,9975
5757,6771
7046,8035
5739,6730
1125,2111
508,1524
8981,9970
5676,6678
1911,2924
1459,2451
7052,8056
771,1761
3218,4225
4841,5825
9320,10306
180,1170
9173,10188
3057,4058
4115,5096
4737,5733
4762,5758
1088,2070
385,1392
9023,10021
3437,4421
1211,2216
9691,10686
9111,10101
6964,7950
5024,6011
1062,2059
1751,2759
490,1496
8651,9634
1448,2455
6650,7666
9014,10020
1958,2948
1606,2596
7132,8117
8524,9526
278,1288
7802,8807
3875,4872
5252,6244
5070,6076
3050,4030
3634,4635
4653,5672
9083,10063
3275,4264
5785,6787
735,1725
2867,3853
3462,4454
3558,4570
5591,6586
5714,6698
5619,6608
4617,5617
8604,9622
8708,9727
1350,2357
3435,4431
9173,10164
6557,7541
2216,3231
4840,5831
8081,9095
8462,9472
9186,10179
4431,5436
4417,5413
8102,9114
3369,4372
3310,4311
6616,7615
9060,10055
504,1495
8722,9725
1973,2969
9800,10783
1623,2631
1339,2326
5537,6544
4360,5360
4210,5216
923,1916
7869,8852
1187,2191
9512,10501
2056,3075
7725,8738
1060,2078
7457,8466
501,1504
31,1044
6874,7889
176,1192
3022,4009
9243,10249
6001,7014
6559,7571
3745,4741
1468,2460
3038,4042
3862,4861
4662,5665
2940,3953
8973,9971
1423,2428
2772,3782
8665,9679
7897,8914
8549,9562
2640,3644
617,1632
2998,4010
9945,10960
4545,5549
4160,5174
3179,4171
9477,10487
8287,9268
9186,10175
2932,3923
6443,7442
3332,4342
7663,8681
3164,4151
4338,5344
3186,4184
6121,7132
3090,4105
7540,8527
6334,7345
1529,2516
5895,6902
7540,8550
7139,8126
1222,2228
2693,3694
8605,9590
6878,7873
9871,10887
2480,3469
3647,4648
5337,6352
7607,8624
8092,9097
9508,10495
2362,3359
6042,7050
7806,8804
1378,2377
2674,3661
6244,7229
1036,2038
9422,10417
7683,8676
304,1299
1096,2095
7228,8218
8181,9192
3561,4568
6892,7898
8074,9071
5303,6300
4846,5865
4718,5729
1180,2194
4893,5905
6356,7347
2187,3167
360,1353
7839,8836
1871,2873
7325,8338
9748,10729
9180,10168
4843,5842
7815,8810
9415,10430
5889,6886
1278,2285
3388,4398
3985,4975
5396,6389
4864,5859
4189,5173
8457,9455
2686,3685
8540,9555
3783,4766
241,1231
7520,8503
8402,9406
656,1637
108,1104
3050,4046
1804,2787
119,1109
9528,10509
4674,5664
9871,10856
7503,8491
3969,4951
9036,10043
6231,7246
9262,10281
6590,7598
7825,8841
2505,3496
9690,10678
8962,9952
5834,6843
2386,3390
7454,8442
1226,2229
8597,9616
4946,5937
961,1962
3786,4776
2184,3190
5949,6967
9583,10578
8551,9543
1442,2449
230,1241
4013,5008
6341,7331
9339,10328
7090,8094
6105,7095
8654,9662
5828,6845
836,1850
8801,9785
4609,5608
6064,7069
5809,6806
1029,2045
9663,10679
8222,9218
2486,3476
2084,3094
4679,5685
1178,2162
4692,5697
9550,10560
4056,5071
9949,10930
4689,5688
2277,3283
5558,6568
1901,2900
5228,6229
5337,6336
1523,2520
7333,8338
4437,5456
3816,4832
3412,4430
7383,8387
5955,6944
9462,10460
1794,2774
3734,4735
7729,8741
954,1956
9902,10884
5019,6036
4173,5153
8016,8997
9001,9983
2419,3429
3399,4415
4279,5275
4334,5348
6803,7795
4502,5518
3076,4092
9379,10373
3744,4750
8505,9495
5425,6436
6976,7989
4831,5821
8900,9898
7022,8025
6626,7637
5755,6770
4007,5012
5401,6387
4089,5105
3790,4778
8901,9888
4593,5590
4660,5648
718,1707
5838,6857
4099,5087
8450,9437
9589,10606
3181,4163
8867,9850
9234,10243
6567,7555
2152,3147
4448,5434
1003,2017
2396,3396
971,1951
3028,4016
6539,7548
1733,2749
9588,10603
2857,3843
2263,3269
2959,3951
7006,8000
7409,8411
1112,2124
8060,9068
8351,9362
8819,9811
2352,3362
9958,10940
7617,8626
7021,8026
3172,4183
4693,5708
4002,4999
1352,2360
6579,7569
4317,5316
5036,6021
5080,6098
2271,3268
5238,6224
6829,7828
177,1184
379,1370
9888,10898
3922,4922
6339,7333
4225,5220
8039,9046
8409,9402
4199,5198
9961,10968
9033,10018
5302,6301
1426,2406
938,1919
9206,10196
9282,10265
7810,8811
2187,3181
5924,6910
8274,9267
6275,7287
2705,3692
305,1321
1467,2464
7424,8406
3243,4238
9940,10951
3174,4160
7749,8729
1078,2062
4873,5873
4393,5381
1218,2215
2059,3078
7518,8498
5275,6277
7250,8266
2693,3676
3491,4500
6357,7361
9658,10664
9562,10542
6131,7132
773,1756
7349,8333
8132,9138
2075,3060
7949,8936
6280,7265
6766,7777
84,1065
8823,9809
4726,5714
4629,5627
9137,10125
7539,8535
871,1875
1939,2942
375,1359
2338,3345
9046,10063
3687,4674
4801,5797
329,1317
338,1349
3176,4161
652,1638
3443,4432
3697,4706
4814,5807
4378,5387
6296,7287
8776,9769
8003,9007
7137,8135
3848,4866
3155,4158
8991,9988
1560,2572
3422,4416
1515,2496
1467,2479
1050,2051
2406,3424
5824,6822
7255,8258
8474,9474
3646,4644
9918,10901
1827,2818
668,1659
3447,4450
5015,6004
7764,8781
948,1958
6121,7139
8156,9165
1809,2811
3152,4160
2197,3212
7630,8647
2307,3299
2878,3878
5755,6738
8037,9028
3605,4585
83,1089
2210,3192
5811,6824
4390,5396
2385,3384
3987,5006
5462,6445
9855,10859
4084,5096
6242,7224
8665,9671
9203,10207
5152,6155
714,1711
9694,10706
5660,6665
4244,5237
1090,2102
2841,3821
8477,9481
9735,10728
8823,9807
5877,6882
7639,8651
7668,8649
7812,8816
2950,3941
1833,2847
8122,9127
2019,3013
2293,3280
7394,8382
9349,10358
8166,9152
7206,8191
3017,4033
1297,2277
3688,4683
9550,10543
136,1117
2125,3134
5114,6102
5051,6032
7483,8475
1616,2617
6819,7828
1801,2798
6353,7364
3195,4189
1242,2230
5530,6545
1444,2439
7483,8489
2541,3554
2699,3690
1531,2523
2264,3258
2268,3259
1289,2304
9354,10357
6976,7970
2067,3053
7409,8414
7541,8526
9059,10058
2869,3856
7774,8785
2858,3866
3240,4254
6922,7939
226,1217
8357,9372
1422,2429
3527,4524
9293,10279
4228,5208
8858,9850
7929,8938
3781,4778
4289,5297
2419,3422
5920,6936
3814,4822
133,1143
2807,3793
3481,4484
9832,10822
6275,7291
7274,8270
350,1364
5271,6269
2019,3033
3646,4661
7252,8232
2573,3579
5643,6654
2744,3736
3105,4107
6119,7130
6178,7185
6191,7194
9921,10920
762,1747
5921,6920
9701,10701
1525,2534
6502,7484
8211,9210
9132,10151
4804,5794
1673,2685
5913,6932
7692,8701
6163,7164
9771,10776
1348,2346
8770,9771
5653,6645
5655,6635
2195,3175
4117,5110
6814,7822
1923,2942
522,1511
6660,7667
1615,2628
2853,3850
2153,3159
900,1883
8262,9246
3558,4559
4920,5936
635,1650
8617,9622
9621,10610
5199,6217
2174,3170
3095,4079
32,1040
8480,9464
8765,9746
5702,6692
1784,2793
2590,3606
2355,3350
6371,7374
5707,6696
5539,6548
2973,3991
6489,7495
2825,3818
9709,10698
2035,3038
1973,2955
1930,2930
8450,9455
8634,9625
8574,9587
853,1838
1746,2745
8871,9859
6117,7126
4221,5224
5882,6893
5883,6895
1162,2159
182,1176
9275,10284
669,1680
7791,8803
1975,2971
9307,10315
2154,3138
5269,6273
2415,3398
5912,6898
3615,4596
996,2010
2544,3525
6835,7836
2841,3859
6373,7381
4395,5406
6448,7458
7347,8330
6917,7919
8234,9234
5867,6854
7412,8427
4837,5829
6543,7552
5742,6729
6184,7182
4901,5907
7562,8573
9806,10816
5790,6773
9275,10289
3707,4713
2637,3644
7708,8708
2961,3947
4303,5313
3360,4355
6297,7285
3569,4580
5138,6143
3919,4919
2234,3248
2688,3699
1658,2659
8289,9294
2412,3411
7536,8534
9684,10670
6464,7447
3075,4066
6750,7756
6310,7328
9148,10165
2468,3473
4656,5652
9618,10623
6986,7971
9789,10775
3815,4804
3115,4115
7544,8534
9776,10793
7636,8644
9819,10821
3986,5005
6072,7069
9427,10432
1572,2562
9036,10043
577,1575
4761,5750
7318,8333
9558,10540
8682,9686
9025,10030
3626,4630
1661,2646
778,1758
7999,8982
4889,5906
6257,7264
2193,3198
5396,6376
2590,3609
7277,8261
2348,3347
4758,5740
1437,2441
9944,10924
9326,10320
2154,3153
8898,9887
4328,5310
827,1826
5108,6119
937,1937
8055,9039
3314,4307
886,1903
1146,2128
2996,3985
9139,10129
5000,6003
4791,5793
5826,6820
8578,9570
3335,4324
6908,7901
3559,4577
5197,6195
5096,6092
7485,8474
6662,7672
6379,7390
7766,8771
6114,7094
2906,3889
6250,7247
6097,7114
4311,5293
3906,4902
7253,8265
1559,2565
4613,5598
8051,9059
8736,9749
7202,8182
7264,8257
9108,10096
1048,2046
6276,7273
5788,6775
4908,5918
8892,9901
5117,6134
5870,6867
7527,8543
8408,9417
2826,3806
4218,5233
4675,5666
440,1439
4916,5905
5261,6270
9141,10155
4799,5794
6645,7645
7661,8659
6299,7296
9845,10851
2057,3063
6581,7574
538,1521
9276,10292
5876,6893
5216,6225
2757,3738
742,1747
5080,6092
9671,10672
3862,4843
1362,2368
9756,10738
6311,7325
3426,4412
8889,9908
2819,3837
5483,6482
8708,9704
5538,6551
4227,5245
1644,2654
8108,9103
129,1124
577,1586
7437,8441
2388,3403
4050,5048
1764,2753
3065,4065
9267,10263
207,1208
7962,8958
4708,5723
7191,8189
7379,8387
9100,10110
5063,6067
3095,4104
9145,10133
5452,6466
1141,2149
2070,3050
661,1648
91,1086
1726,2733
4804,5822
7986,9000
2637,3621
6,1024
4781,5765
9612,10603
5258,6238
6898,7906
5680,6695
2014,3011
1297,2302
902,1907
8423,9422
3271,4290
1402,2410
152,1137
4065,5082
3658,4664
2343,3341
3853,4841
7386,8400
4732,5736
3975,4964
6869,7851
470,1484
9851,10851
6916,7916
3733,4736
5222,6219
2737,3743
1249,2252
3559,4574
1476,2468
7310,8319
8821,9833
6898,7897
7972,8990
5617,6606
1517,2501
8022,9005
4110,5107
8866,9864
5310,6322
3550,4560
3155,4141
515,1509
8474,9481
6164,7174
666,1656
2639,3619
6941,7929
641,1657
9322,10335
2621,3613
8854,9849
2244,3245
252,1266
9626,10627
431,1434
2438,3434
6564,7565
9702,10708
4741,5754
6499,7485
3895,4904
777,1778
8179,9165
1138,2126
5841,6860
4925,5933
3984,4996
9432,10430
3956,4957
7739,8739
727,1715
7920,8919
6897,7888
6646,7647
4515,5512
8789,9785
7201,8220
5286,6286
1903,2901
9519,10500
9658,10644
5682,6663
9472,10482
1302,2312
9408,10418
7497,8482
2374,3354
6201,7190
5856,6839
6539,7526
472,1488
3610,4614
8608,9618
7525,8531
1860,2844
5039,6026
7761,8745
6962,7971
3376,4372
6386,7397
4147,5147
8199,9188
3330,4341
1213,2229
7241,8229
5008,6027
7066,8079
6615,7625
4772,5764
5540,6556
2880,3890
3986,4993
7423,8404
7878,8863
2573,3572
252,1242
1034,2032
8927,9918
7571,8586
9840,10855
8698,9687
3174,4160
5284,6268
3684,4664
6593,7590
4466,5458
5254,6267
9336,10317
3348,4341
9252,10232
2107,3098
1367,2357
3411,4416
8323,9314
3142,4144
9184,10198
1139,2127
6026,7017
4499,5479
5552,6540
1677,2672
277,1270
1322,2327
5172,6172
5767,6754
4055,5064
9863,10854
1250,2261
344,1359
5010,6015
797,1794
4098,5114
2093,3085
5718,6731
3011,4026
2080,3068
3161,4149
3412,4410
9437,10430
6719,7729
6629,7611
4016,5027
477,1491
6477,7470
4158,5141
2363,3360
9251,10262
5016,6031
6092,7106
5169,6152
9476,10463
5816,6813
3343,4361
4436,5441
1341,2339
5140,6147
9114,10121
8703,9693
1680,2679
7173,8177
1756,2738
6123,7139
7436,8436
5206,6202
2097,3111
3572,4559
2485,3468
1935,2946
4298,5316
687,1681
4777,5776
2048,3049
1778,2758
828,1822
9926,10936
1795,2801
6809,7790
8050,9033
5006,6021
8787,9791
4925,5930
7054,8044
7619,8608
908,1914
2709,3702
2473,3470
7605,8621
8712,9709
6107,7113
8424,9423
4104,5097
8232,9239
2736,3745
8330,9331
9709,10715
6301,7301
4192,5200
8959,9946
6068,7064
1664,2651
9915,10904
2241,3245
5444,6460
5884,6881
3019,4027
757,1754
4587,5570
6554,7546
5766,6760
6144,7162
5099,6113
1299,2305
9016,9996
6504,7521
3927,4941
6856,7841
3654,4664
2,1008
5600,6611
5842,6832
466,1453
4959,5972
3280,4262
5270,6250
8995,9986
9104,10099
2479,3470
1612,2597
3343,4344
2210,3191
4706,5718
8759,9760
4589,5599
4718,5720
8998,10009
8762,9750
8199,9184
9326,10314
404,1402
395,1375
9235,10220
9444,10440
1046,2061
2528,3545
2995,3995
4952,5939
6116,7112
3399,4403
5810,6808
7457,8449
1531,2534
3795,4785
3683,4690
8362,9346
5442,6443
9584,10574
1264,2280
8312,9296
7756,8774
762,1772
3568,4563
706,1696
6399,7386
4904,5911
7400,8402
8410,9400
3234,4237
766,1753
6327,7330
3833,4830
6464,7476
741,1726
5350,6346
4297,5299
4565,5562
4034,5042
2672,3660
9770,10767
8007,8988
9535,10546
8325,9320
2150,3168
6343,7339
8702,9710
280,1282
5687,6693
8596,9580
3868,4855
5685,6693
8537,9528
8612,9594
7357,8339
4087,5082
6747,7751
559,1561
6306,7322
8342,9327
6501,7506
8768,9748
3710,4713
1923,2922
5979,6976
3578,4591
518,1534
2307,3306
4780,5761
8028,9037
2283,3292
5952,6957
8267,9275
5631,6646
7258,8267
8799,9809
5503,6505
6269,7264
5696,6705
6343,7335
8275,9256
9167,10147
8805,9801
4317,5311
8505,9498
4850,5863
6228,7225
1976,2977
8281,9270
2520,3526
9244,10232
1390,2376
5102,6112
3502,4511
9136,10138
6886,7870
1281,2272
7336,8339
5750,6764
2235,3226
264,1267
4400,5381
2245,3263
832,1851
3527,4516
7931,8916
6570,7550
2722,3723
397,1411
7485,8493
7596,8586
6858,7858
822,1840
9422,10439
2574,3564
3188,4199
3251,4238
756,1774
2972,3969
1143,2154
3502,4514
7044,8044
3980,4981
1081,2061
1353,2339
3506,4523
5046,6055
973,1969
9744,10756
3225,4211
6136,7153
8525,9542
9916,10899
2216,3226
6794,7790
5653,6649
5574,6591
9558,10543
516,1529
7831,8850
5704,6698
8182,9165
9043,10023
8634,9642
4891,5909
2984,3985
6960,7957
6805,7785
8701,9707
3197,4191
9733,10748
3619,4609
2707,3706
9158,10145
7093,8107
6623,7638
3554,4557
195,1195
2106,3110
9912,10896
1213,2231
2831,3812
9178,10175
1679,2664
9834,10833
1678,2691
3011,4014
8529,9528
6470,7486
4855,5862
1706,2690
8383,9369
8990,9992
857,1857
3811,4812
3394,4376
9202,10209
4462,5446
85,1081
4577,5595
8459,9449
7694,8711
4603,5622
8637,9633
4627,5631
6339,7337
9333,10328
9823,10804
3642,4639
4870,5872
3415,4397
6922,7915
7397,8385
9516,10496
9327,10315
4065,5067
9311,10299
3195,4191
4309,5290
2109,3128
1013,2022
534,1523
1722,2732
8046,9064
1359,2346
4135,5133
1932,2943
4984,6002
7417,8419
5495,6501
3642,4637
874,1887
1768,2781
8214,9197
5491,6489
3505,4508
8288,9289
8009,9011
9050,10048
6055,7067
5200,6184
3113,4114
4261,5253
6405,7423
2513,3525
5350,6341
8091,9102
3043,4054
8715,9704
3451,4450
3598,4601
3489,4477
7532,8517
5608,6610
536,1522
4513,5493
2979,3998
7243,8230
6616,7609
1039,2038
4575,5558
1840,2824
8264,9253
1522,2505
8777,9791
9791,10802
8133,9152
5348,6358
6103,7115
1968,2957
2137,3151
257,1248
4129,5115
6245,7243
9968,10985
916,1933
3443,4459
7247,8253
768,1775
7572,8554
4662,5662
6746,7732
4530,5547
3658,4640
5176,6158
6321,7308
6567,7548
2880,3865
4734,5752
2832,3822
4360,5343
4077,5057
9187,10198
1233,2236
4730,5710
9049,10035
4190,5172
9482,10501
6583,7581
8153,9149
5898,6894
194,1204
6499,7491
9640,10625
27,1026
6338,7355
4186,5196
3035,4023
2877,3883
3063,4061
6049,7036
9567,10553
9963,10966
8388,9406
1219,2207
406,1418
2319,3337
9863,10863
5904,6890
3168,4184
3661,4664
6483,7502
6155,7135
3789,4783
4901,5906
9615,10603
6588,7588
3723,4720
2064,3070
7178,8174
7099,8116
8443,9448
7283,8300
6644,7644
6870,7855
7948,8953
492,1501
3915,4902
6120,7105
2868,3878
5614,6622
2679,3660
510,1526
53,1039
3166,4182
8616,9627
7693,8695
9291,10298
6665,7672
5888,6887
5029,6014
9903,10917
9026,10022
5505,6485
6857,7871
1625,2625
8809,9817
3415,4420
3535,4545
5039,6033
4582,5565
1146,2126
9888,10870
2553,3558
6777,7772
7297,8306
9739,10724
9911,10906
8864,9873
4010,5025
7432,8414
3842,4852
8290,9273
6827,7835
2830,3824
207,1210
837,1828
2087,3087
9904,10903
6781,7783
783,1786
847,1834
929,1933
9117,10112
5977,6991
6530,7549
356,1375
764,1763
707,1708
9471,10456
4379,5393
6899,7882
6875,7892
9901,10918
70,1056
1240,2237
6440,7424
5992,6989
9347,10341
200,1196
6698,7683
10,1027
9382,10397
9412,10414
8832,9841
433,1416
1698,2691
3209,4189
6146,7136
8361,9364
4036,5038
2051,3059
9168,10150
4224,5206
6875,7891
1146,2150
1033,2048
7763,8775
1781,2768
8754,9744
4095,5105
6827,7837
6802,7814
4646,5648
6141,7134
9593,10609
9601,10612
5235,6249
4610,5619
7598,8611
9265,10256
9174,10190
1001,2015
3391,4407
9323,10342
8352,9345
1976,2995
2175,3162
3354,4372
8356,9338
3886,4888
4171,5172
8128,9147
3662,4650
4402,5413
760,1773
9601,10582
6720,7738
3085,4093
734,1746
9429,10431
7177,8185
2857,3859
8278,9296
8811,9810
8556,9539
6192,7207
3086,4094
1408,2394
2298,3311
4004,4994
3592,4574
6955,7952
4052,5050
8185,9170
8823,9823
2729,3713
9466,10458
3024,4021
4171,5185
8110,9115
2606,3594
9173,10161
5437,6456
8875,9865
3329,4315
5130,6120
4829,5812
277,1268
3752,4737
8382,9394
9490,10471
3816,4832
4780,5783
7258,8244
3150,4155
6709,7715
3052,4048
4806,5808
8322,9329
9776,10780
6487,7481
1410,2412
3976,4995
7663,8672
3238,4245
4597,5607
9824,10831
1902,2915
2878,3891
9333,10351
3853,4846
678,1685
4965,5946
334331
1234241
163047
177609
321207
614535
886962
696360
768676
314403
465877
183761
356038
291784
424186
459243
229265
392529
92549
27453
337033
121435
88550
34199
90128
182624
150096
43552
86497
30626
1393
28985
98193
43186
75482
43422
47306
50020
23297
17881
1970
5004
20475
20542
3989
2166
6839
4405
25
6185
6138
1545
6764
4417
3609
3301
2094
2269
566
1003
1275
1256
466
214
635
182
323
487
127
265
12
272
62
64
100
161
45
86
40
72
60
8
34
24
8
17
18
13
8
5
4
8
2
5
8
6
1
0
1
3
2
2
1
1
0
0
1
1
0
0
0
1
1
0
1
0
0
0
0
0
0
0
0
0
0
0
0
0
0
0
0
0
0
0
0
0
0
0
0
0
0
0
0
0
0
0
0
0
0
0
0
0
0
0
0
0
0
0
0
0
0
0
0
0
0
0
0
0
0
0
0
0
0
0
0
0
0
0
0
0
0
0
0
0
0
0
0
0
0
0
0
0
0
0
0
0
0
0
0
0
