4470,5454
1122,2121
4688,5677
6196,7199
5890,6909
939,1925
7334,8335
7302,8288
8477,9493
5962,6979
4191,5171
2033,3043
6830,7832
8069,9071
4646,5659
5480,6487
792,1790
6793,7776
8785,9793
8500,9488
3820,4813
9787,10774
5400,6408
8398,9399
3234,4225
8342,9343
1190,2186
3049,4040
6027,7044
3158,4146
8544,9525
3592,4573
9897,10909
4131,5126
4739,5755
9012,10017
6264,7250
6009,6991
7923,8926
7011,7994
2255,3267
2486,3488
6026,7040
9991,11003
3456,4460
5365,6353
2123,3106
4143,5124
7051,8062
8714,9729
6435,7430
4936,5943
5047,6065
9545,10546
3177,4184
1669,2664
900,1884
3318,4314
1224,2212
8109,9119
2802,3797
6473,7455
4190,5185
4784,5773
4535,5551
5370,6362
5087,6088
5390,6383
6118,7100
901,1907
6543,7524
2047,3049
641,1627
1472,2489
3097,4086
4695,5693
1940,2951
2266,3272
1010,1998
8717,9709
3613,4630
949,1953
8159,9159
8066,9078
7978,8961
9547,10531
9649,10654
505,1502
953,1937
3877,4859
7040,8034
9327,10327
5238,6245
3883,4893
1125,2108
6255,7263
9355,10359
794,1807
8835,9845
9097,10096
5519,6501
943,1942
2817,3832
8211,9196
3670,4652
3183,4182
9748,10760
1920,2901
9483,10495
1366,2363
2064,3053
8347,9359
7350,8339
8071,9064
2994,4002
4735,5747
42,1042
2572,3555
7636,8638
7732,8741
2133,3137
8671,9686
1333,2351
8026,9026
4461,5480
9069,10086
9574,10566
3268,4261
4437,5417
9645,10644
6139,7137
3435,4426
6363,7365
6381,7373
6527,7509
3590,4582
6921,7905
4314,5316
5479,6492
7834,8832
4984,5975
5854,6843
6460,7449
8561,9554
2370,3388
9387,10373
8482,9467
8769,9773
5649,6659
3567,4585
7958,8938
2645,3649
9160,10159
9943,10948
5971,6965
3081,4076
7339,8333
7734,8725
4692,5689
2538,3527
2256,3258
9425,10444
3662,4644
3994,5004
3013,4012
7132,8128
4294,5303
5130,6110
8157,9176
6511,7522
3173,4181
9216,10215
5861,6852
1283,2267
1852,2834
2512,3504
8500,9506
6400,7408
4865,5869
8859,9864
8265,9277
5920,6903
3086,4077
9704,10709
2048,3047
4053,5054
5933,6942
2491,3499
2178,3170
4623,5632
9735,10738
9950,10968
872,1863
9611,10622
9138,10153
9181,10180
4526,5512
3859,4864
4899,5918
6689,7678
4691,5681
2665,3659
5011,6000
4690,5701
5094,6112
5268,6254
9851,10865
3423,4404
4697,5693
7261,8244
8059,9047
7217,8211
3385,4380
608,1603
3418,4404
4191,5185
4872,5852
3489,4476
6222,7234
3655,4656
52,1068
3430,4437
1450,2458
2715,3731
1131,2132
6279,7268
6141,7147
1632,2645
1581,2568
7853,8853
3974,4966
9786,10769
2154,3147
687,1691
3288,4290
5442,6453
992,2004
9844,10854
702,1694
8059,9044
3309,4296
5200,6198
3716,4722
9256,10251
5895,6877
5300,6310
242,1226
7829,8832
5176,6177
2610,3618
4815,5815
7576,8557
1986,2971
1748,2736
2148,3132
9235,10224
2539,3546
9809,10820
3974,4964
7303,8314
3442,4427
6197,7206
7786,8798
5505,6518
377,1362
2097,3102
2746,3764
353,1356
5719,6728
3153,4138
4417,5413
6519,7504
4046,5035
9352,10371
2429,3422
4626,5607
3161,4153
7003,7984
428,1421
4090,5089
2284,3265
8216,9229
5344,6363
9400,10387
7684,8667
3348,4350
6543,7527
453,1472
7739,8725
1937,2934
7124,8135
6272,7261
2809,3791
4738,5757
7009,7989
9198,10195
1693,2675
7638,8622
5643,6633
7835,8850
5842,6823
5923,6927
3420,4415
493,1503
4358,5367
8779,9789
9162,10142
8053,9057
6219,7237
9891,10879
3138,4151
9841,10848
8130,9122
5257,6267
701,1689
9975,10955
2889,3873
135,1151
5589,6574
1311,2305
6885,7904
9775,10783
8523,9534
3838,4840
4442,5457
9140,10142
4298,5290
1646,2648
5243,6236
9585,10596
2369,3367
4560,5578
6937,7952
5568,6550
9588,10577
8881,9877
4674,5666
1618,2601
3444,4437
6228,7233
3479,4473
1673,2675
1791,2784
8310,9318
7594,8595
632,1649
6039,7028
9241,10253
7480,8489
1145,2134
8660,9672
5081,6094
167,1171
3268,4283
4935,5951
1013,2013
1812,2819
1970,2987
4888,5905
684,1678
9681,10700
2151,3152
8778,9758
6538,7550
9642,10627
6650,7632
6237,7245
1623,2603
2520,3502
3547,4540
5118,6134
4596,5614
9914,10898
7460,8466
8792,9800
6436,7426
6572,7572
3317,4304
6141,7131
5526,6533
2760,3771
5341,6349
999,2017
7609,8621
6741,7757
1318,2337
2361,3380
8325,9337
4726,5710
1251,2258
506,1490
5862,6860
6175,7161
71,1058
8206,9197
8104,9104
3891,4875
5309,6321
65,1084
5334,6332
9810,10800
9239,10229
1368,2350
9378,10380
6466,7467
2482,3470
4042,5041
6663,7663
7809,8809
7429,8419
5784,6783
8567,9566
4115,5100
9902,10908
9851,10836
1407,2426
8981,9995
5895,6884
9775,10785
7464,8477
1148,2135
4599,5602
5277,6291
9714,10711
3345,4333
3834,4834
2576,3584
9644,10628
1889,2897
8321,9331
7164,8180
9614,10627
1890,2887
3775,4762
2016,3032
6222,7239
6491,7484
3326,4314
3540,4528
1149,2133
2676,3678
7733,8729
9977,10984
8499,9506
9077,10080
6600,7609
6378,7376
5159,6140
6426,7433
8099,9089
1876,2877
6394,7397
2152,3146
4683,5667
2398,3410
7903,8913
8106,9104
1257,2262
4556,5570
1959,2947
437,1431
9088,10098
792,1807
1854,2854
1726,2733
5525,6511
4074,5087
8241,9233
3618,4626
3372,4372
1185,2193
2771,3788
9977,10973
8685,9694
5704,6702
2545,3532
958,1971
8339,9322
6218,7211
139,1127
1528,2533
7043,8038
3542,4539
787,1784
2506,3516
3625,4627
3813,4795
9658,10645
205,1203
7119,8099
3737,4741
4985,5986
6433,7447
2578,3582
8222,9238
8829,9844
1218,2208
9271,10258
818,1836
9181,10175
2751,3743
8071,9071
9563,10579
4631,5635
7083,8086
6090,7098
6375,7394
4989,5978
7637,8630
4724,5725
8622,9608
4350,5341
6499,7502
6937,7932
7657,8674
1305,2306
6883,7869
3839,4849
1828,2837
8853,9872
5065,6066
4404,5403
6825,7820
9374,10370
8022,9037
152,1143
7457,8449
7361,8372
2641,3633
5057,6040
5675,6683
2718,3702
9900,10903
3417,4399
7806,8796
7075,8061
5073,6068
2027,3045
505,1493
7266,8247
1456,2465
7085,8087
2614,3605
7145,8128
3068,4056
1111,2107
3838,4857
948,1941
5622,6607
5716,6719
3703,4713
6902,7895
133,1135
2175,3184
3782,4791
6352,7332
8439,9426
816,1814
8509,9512
997,1981
4765,5777
4633,5652
2144,3153
8132,9117
483,1499
771,1776
2224,3232
5062,6072
2432,3429
2844,3855
2159,3146
4253,5245
907,1889
3499,4493
2698,3688
9655,10660
8054,9060
2183,3163
2023,3004
8910,9909
2112,3131
4466,5473
2044,3043
6511,7493
8204,9184
2342,3324
8570,9577
8189,9205
2499,3498
2309,3306
5369,6350
3193,4205
549,1562
8068,9068
6249,7255
9884,10902
364,1357
4567,5563
2351,3360
8485,9491
5176,6190
4185,5172
9529,10536
6750,7731
3967,4967
2525,3536
4716,5724
3372,4352
2668,3682
5087,6105
6863,7879
4116,5130
8886,9873
6082,7090
9029,10019
7993,9000
3974,4970
7288,8290
8745,9761
6938,7952
6542,7554
6668,7661
5500,6483
5210,6212
2319,3318
9759,10740
9985,10970
88,1086
7858,8850
2810,3816
6189,7187
4371,5382
7121,8103
6442,7460
6178,7175
9517,10526
1450,2460
8607,9596
6390,7405
8566,9561
7838,8837
8940,9932
1635,2617
3465,4464
3496,4505
1077,2090
3228,4218
6948,7943
4666,5656
9821,10815
5777,6766
383,1378
363,1370
2449,3447
9023,10030
9136,10135
2417,3409
9210,10200
5048,6064
4716,5712
4325,5336
1113,2123
8521,9513
9539,10552
4144,5154
6307,7321
3165,4156
6974,7993
4090,5091
139,1123
744,1751
4171,5185
1362,2352
2622,3617
7555,8554
8368,9367
1318,2324
9049,10065
5931,6920
3503,4518
7456,8460
7657,8648
2259,3273
2587,3593
5325,6339
2075,3081
9103,10114
8176,9157
5411,6400
5062,6057
9941,10947
9255,10272
3686,4667
6995,8008
8455,9445
7402,8384
1372,2387
10000,11010
3812,4799
5123,6117
6762,7773
8110,9124
6497,7513
3879,4889
7513,8515
1269,2252
4715,5710
943,1961
1307,2315
1964,2956
3074,4086
2951,3946
1478,2492
7477,8463
7213,8214
5062,6057
2537,3530
1498,2506
8505,9495
4611,5594
4149,5138
2203,3211
9873,10878
3421,4417
7037,8034
6483,7488
8204,9218
8139,9127
8401,9403
6015,7030
3529,4521
7912,8904
9348,10331
9485,10475
2726,3741
9975,10961
1237,2238
2195,3214
6597,7599
6106,7117
2655,3647
8341,9337
152,1147
1793,2780
4855,5866
9364,10359
7547,8527
9496,10507
3539,4524
3550,4540
9528,10535
973,1970
8488,9500
3228,4243
3564,4562
5492,6481
6481,7477
9790,10794
3799,4780
1946,2961
6073,7068
5726,6740
3596,4590
1455,2470
7953,8950
9403,10384
6414,7396
6472,7467
5091,6076
401,1407
4352,5350
9303,10288
2890,3883
4531,5541
1431,2443
1833,2834
3193,4175
9842,10824
2191,3190
4690,5692
5933,6938
9185,10170
3519,4537
92,1106
8641,9640
8979,9961
4225,5208
7107,8126
1239,2238
4963,5956
7214,8233
4036,5036
9590,10576
7533,8538
3116,4120
3731,4739
3972,4973
8048,9034
6227,7228
2400,3416
2684,3678
2431,3446
8145,9141
5979,6962
2213,3225
802,1794
5282,6275
2093,3077
1130,2120
9880,10896
9655,10650
1141,2156
5065,6045
5281,6282
795,1775
6534,7546
3900,4903
4112,5116
6961,7975
977,1986
3426,4408
2425,3426
4608,5614
144,1124
6576,7561
5341,6358
551,1556
484,1491
5585,6601
5093,6075
7246,8241
7715,8696
2327,3327
3751,4757
5380,6368
6284,7285
6470,7468
5074,6088
685,1676
1396,2398
1719,2709
6901,7885
7372,8364
4609,5619
3381,4391
6571,7567
2345,3343
2036,3025
3176,4184
5683,6697
9358,10338
7755,8769
5142,6134
2158,3138
4700,5717
2737,3739
9786,10768
7512,8516
2170,3166
8187,9177
4936,5927
6548,7550
8449,9468
6392,7387
2393,3398
8542,9552
3226,4218
8978,9991
2561,3571
1141,2140
751,1757
4658,5676
7065,8077
8174,9186
4920,5908
395,1379
5586,6599
7740,8758
8827,9813
114,1132
8074,9090
3265,4270
2369,3364
3372,4359
5624,6639
8865,9877
1982,2991
7982,8969
5411,6420
1868,2876
3143,4147
5567,6576
941,1950
5154,6172
4618,5620
5395,6389
6061,7061
1956,2949
5142,6153
9414,10411
8402,9413
5747,6752
9943,10940
7942,8961
8163,9169
165,1154
5127,6119
8501,9509
5378,6364
4317,5335
7819,8801
8993,9985
3648,4659
721,1724
4751,5757
9295,10282
1622,2607
6015,7000
6056,7067
7986,8991
1612,2592
5803,6785
6879,7892
6590,7570
8232,9237
9553,10554
4089,5083
1575,2580
9320,10328
1528,2536
6872,7886
2163,3171
3073,4073
6480,7496
1906,2922
4125,5144
7911,8928
5054,6034
5205,6197
7518,8517
747,1745
2523,3534
848,1834
1030,2011
6305,7314
6983,7997
7951,8970
3715,4731
1665,2658
8907,9915
953,1955
4928,5938
3483,4495
3719,4706
1266,2268
1403,2394
3850,4863
8014,9001
7162,8164
3327,4346
1573,2577
1856,2864
6075,7073
3203,4190
9971,10959
5227,6212
1648,2652
9209,10206
1185,2197
2967,3981
590,1594
5241,6234
7923,8910
6183,7171
1695,2681
9518,10534
274,1274
9387,10373
3225,4223
1864,2850
4017,5025
619,1612
9979,10997
287,1270
8755,9759
6192,7192
7029,8033
1867,2877
702,1690
7672,8663
2864,3878
5400,6406
2545,3564
7211,8194
4443,5438
6,1009
4253,5235
1878,2860
2066,3056
9075,10057
443,1455
8576,9580
4758,5765
6387,7378
538,1547
7305,8314
1968,2976
9010,9992
6781,7765
996,1976
2241,3234
7920,8921
3105,4105
47,1031
6751,7747
9974,10985
8033,9035
1355,2371
4679,5688
2184,3192
9974,10955
5025,6006
5396,6407
4234,5223
5978,6970
5650,6641
535,1549
7442,8425
1440,2443
6375,7392
2945,3961
6231,7238
3229,4236
1137,2153
4219,5203
7956,8969
6853,7870
602,1613
2774,3783
7977,8975
3301,4318
1827,2840
2032,3036
3397,4403
6913,7931
4183,5190
4167,5158
850,1837
3957,4948
6047,7053
8417,9403
5850,6862
1765,2756
3529,4522
8754,9761
2282,3295
2491,3501
7797,8814
9214,10203
2956,3958
7577,8570
3323,4326
3864,4870
2090,3077
6282,7299
15,1030
2164,3181
2783,3790
4887,5894
6734,7727
8632,9620
3045,4040
8518,9529
8697,9713
9379,10386
9851,10869
4953,5969
610,1615
2704,3716
8740,9741
2804,3810
4712,5697
5694,6713
3894,4913
2822,3803
6139,7143
8227,9243
2570,3550
5611,6612
3435,4429
2803,3787
6582,7563
8031,9022
4839,5837
6480,7496
3083,4090
8447,9444
8731,9714
3126,4111
2768,3754
8061,9059
8736,9720
3667,4653
3893,4876
5272,6258
8461,9472
1964,2951
4780,5764
8886,9902
2661,3656
7542,8540
8812,9799
208,1213
9689,10701
6054,7071
8095,9083
1968,2965
6451,7444
9135,10138
8552,9549
6588,7585
5202,6214
4208,5224
7766,8758
4946,5932
7470,8489
1919,2906
6116,7103
4312,5296
9437,10417
9470,10456
1404,2405
8412,9408
9086,10100
7170,8169
2244,3224
6895,7908
772,1778
5234,6214
9721,10717
8622,9604
2937,3938
3913,4927
6284,7264
4413,5425
2810,3797
7573,8554
964,1963
6444,7459
4830,5840
7384,8382
4147,5156
532,1539
9569,10581
8637,9649
817,1801
514,1496
8674,9657
5480,6471
7687,8685
4805,5793
9949,10940
669,1681
7478,8466
6807,7814
5119,6113
8909,9904
2012,3015
9533,10515
2938,3919
9849,10857
4151,5166
1584,2588
8650,9653
2611,3613
5028,6040
9611,10617
1062,2059
314,1311
949,1950
3661,4644
1109,2097
627,1646
5810,6825
7237,8237
749,1743
1075,2083
2206,3211
3541,4542
7117,8127
4284,5271
2555,3546
3655,4672
9340,10330
3823,4823
6712,7707
8212,9201
5884,6884
3046,4035
4881,5883
1788,2797
3371,4378
1307,2296
6495,7498
5339,6352
3286,4294
4144,5137
2728,3747
4842,5855
8241,9244
9562,10572
7776,8784
8525,9526
7228,8228
5108,6096
6238,7244
5205,6221
9203,10205
1832,2839
8919,9926
4366,5374
1768,2781
3937,4921
1463,2455
2202,3186
6536,7541
1809,2813
4725,5710
548,1543
9274,10260
353,1346
255,1269
4969,5955
9327,10340
878,1865
7747,8766
6659,7659
2256,3268
4754,5765
3567,4550
74,1090
4927,5932
1477,2489
348,1334
4624,5643
2268,3268
8014,9005
6420,7428
717,1718
8021,9039
4865,5845
1706,2717
9422,10435
4158,5173
5508,6501
6767,7773
610,1607
5458,6465
6847,7837
2048,3042
7518,8536
926,1937
2374,3390
1919,2899
4112,5131
4626,5629
9380,10384
6086,7079
4991,6001
5663,6647
2260,3249
7989,8989
6386,7387
7461,8442
5363,6377
7766,8781
9465,10449
4132,5142
5549,6558
8824,9841
7773,8783
7192,8198
459,1475
9128,10128
81,1083
8529,9548
941,1942
982,1974
6686,7701
8008,9017
9009,10012
1863,2881
7245,8249
6095,7092
8951,9962
2630,3640
1570,2564
7293,8304
1947,2952
3297,4278
7012,7996
2990,3993
3377,4371
3451,4437
7369,8368
6827,7822
9061,10075
1640,2627
1186,2166
8334,9322
2333,3324
2306,3293
6078,7064
3419,4421
5312,6325
480,1472
2883,3881
8169,9160
1138,2157
2223,3237
3531,4534
7697,8704
2197,3194
7697,8696
1299,2283
704,1715
2103,3119
5218,6201
1657,2653
8802,9815
206,1201
7384,8394
1319,2317
2439,3446
7050,8066
5757,6758
2931,3915
6426,7435
913,1907
3044,4043
1774,2766
5457,6455
9298,10317
2105,3105
4269,5269
8147,9150
1408,2426
1738,2718
5299,6298
90,1103
4392,5401
8248,9261
5399,6381
4496,5494
62,1075
4173,5156
7040,8025
7082,8094
5574,6571
5390,6395
1723,2741
3483,4492
5387,6370
5168,6168
5539,6540
3639,4627
1314,2328
5701,6689
152,1155
4154,5143
6632,7631
8108,9121
4668,5680
7434,8453
1721,2731
7007,8022
6467,7456
8786,9783
8173,9159
2592,3584
7155,8159
8065,9047
8894,9907
9145,10140
3967,4967
9068,10073
6631,7649
2120,3139
3313,4325
9651,10646
1153,2162
335,1331
7200,8184
953,1953
1192,2200
8252,9262
427,1442
890,1875
2181,3169
7217,8202
9498,10480
3844,4854
8022,9020
2551,3549
5745,6762
7796,8785
1132,2135
974,1974
9748,10734
7325,8328
4282,5284
4279,5262
9072,10088
8973,9985
1121,2132
4077,5079
3064,4057
1896,2881
9456,10468
2717,3703
631,1622
4829,5823
4024,5015
4560,5548
4822,5808
2581,3576
7307,8301
2148,3136
998,2012
6816,7800
4545,5542
5559,6552
8116,9102
6128,7141
5670,6672
8968,9968
3779,4767
4159,5178
6963,7963
5736,6741
3000,3991
1119,2118
5088,6089
9092,10093
6651,7632
9582,10600
6684,7680
5053,6062
8193,9211
5326,6329
6504,7511
5885,6899
80,1084
8802,9806
9351,10366
101,1115
6614,7612
5656,6649
7860,8844
6935,7916
7014,8005
4641,5635
6995,8003
8888,9889
4725,5710
9828,10829
1299,2314
6345,7346
6138,7154
2114,3113
4516,5508
4252,5232
2584,3591
3638,4652
7138,8132
6130,7129
4044,5046
9996,11002
9842,10826
9865,10880
208,1198
2470,3462
5402,6409
8293,9302
2045,3064
2068,3075
2026,3038
3937,4952
7414,8412
6018,7007
9407,10414
1859,2871
7665,8672
9756,10741
9960,10940
262,1278
1016,2017
7289,8293
530,1528
5012,6003
1383,2377
4515,5498
1451,2456
3298,4278
7478,8492
2844,3836
5772,6790
1196,2182
9619,10631
2773,3762
3813,4793
1711,2691
3470,4468
8945,9952
4888,5887
2907,3915
7274,8275
2717,3701
9372,10362
9141,10149
5453,6441
1244,2235
1406,2407
627,1643
6068,7080
4106,5104
7652,8638
4962,5958
142,1136
7062,8075
357,1373
947,1957
367,1358
7635,8649
5459,6465
564,1561
3044,4040
1148,2128
9391,10379
4339,5320
1392,2372
3422,4423
3473,4462
659,1678
6290,7295
8512,9493
5256,6264
5669,6663
764,1754
4689,5694
244,1244
8533,9538
8925,9940
1453,2472
9366,10379
1017,2015
4673,5672
6639,7627
781,1790
7878,8867
4227,5246
8354,9360
4178,5184
8390,9395
6119,7102
5699,6708
2314,3317
5459,6461
5814,6806
2871,3877
2138,3145
7429,8446
8051,9063
9534,10524
2890,3901
1754,2767
208,1207
5854,6834
8887,9880
2778,3785
1418,2419
5104,6086
2029,3036
1527,2524
9573,10577
3977,4981
3132,4134
3960,4945
6690,7670
5225,6226
5926,6909
889,1894
2183,3176
6049,7053
3190,4204
7236,8235
2747,3754
7862,8872
6119,7114
6371,7367
8389,9385
2350,3335
2848,3854
2117,3132
5579,6598
9972,10962
2035,3021
4220,5212
2453,3442
9915,10913
8862,9851
2455,3462
6220,7209
7392,8372
2391,3389
2485,3486
8674,9671
8633,9626
3047,4059
9113,10100
1809,2801
6972,7988
4019,5006
3100,4106
6779,7789
7927,8912
5180,6175
799,1816
2630,3649
3019,4008
6235,7224
9365,10383
7405,8401
7288,8274
1273,2277
250,1232
7022,8023
6602,7585
2312,3298
7007,8014
3117,4112
3817,4832
7427,8421
9178,10167
2091,3105
363,1373
49,1057
3182,4181
7574,8562
7683,8687
1307,2303
3341,4326
6528,7542
2128,3135
1834,2824
1676,2666
8304,9303
7140,8136
1285,2283
2585,3582
7082,8083
8306,9317
6157,7170
9273,10288
8887,9882
9484,10472
230,1246
4569,5586
5373,6357
1892,2899
6389,7399
1675,2682
9873,10890
3018,4017
4733,5730
4754,5771
5306,6303
1592,2586
9404,10423
9485,10470
2521,3528
1684,2699
6480,7498
2633,3636
3192,4192
9014,10016
3739,4739
3116,4114
2926,3930
7502,8517
5519,6536
8394,9374
4051,5033
9876,10887
1118,2133
9519,10535
5566,6557
4892,5888
9208,10217
2137,3124
2021,3008
9329,10339
999,1981
3181,4197
5217,6213
6843,7835
357,1337
4958,5950
387,1404
1474,2478
1626,2621
4564,5556
9672,10664
6235,7229
2975,3992
5858,6838
9737,10746
8807,9810
2195,3199
890,1891
2992,3999
4982,5986
690,1677
9430,10439
8849,9866
5328,6315
9233,10249
4253,5255
5025,6007
9541,10547
1439,2436
2883,3895
5246,6227
3825,4810
5009,6017
9270,10255
1464,2480
1483,2482
7829,8823
9007,10002
5805,6802
5640,6634
7464,8446
8312,9310
2465,3447
1470,2484
7833,8837
5392,6388
4141,5154
7329,8336
3649,4631
7921,8938
7533,8552
7321,8317
6761,7744
5508,6512
1592,2581
2117,3130
1193,2204
3355,4359
566,1579
7797,8795
3931,4936
8018,9010
9482,10491
7255,8240
4351,5332
7903,8891
9876,10887
5639,6636
7882,8878
1159,2157
5471,6457
7874,8891
6977,7992
5200,6201
8447,9461
6530,7536
1523,2539
6146,7139
3393,4410
9494,10509
6395,7407
3984,4984
7662,8677
2781,3797
5413,6423
4727,5723
966,1973
7135,8147
13,1003
5806,6795
3390,4370
1870,2867
6276,7271
9643,10624
4525,5534
868,1865
512,1501
4790,5777
450,1445
3633,4618
4547,5528
1608,2619
612,1599
7041,8043
7846,8863
7703,8707
6943,7958
5363,6372
7258,8277
944,1935
9663,10681
3107,4122
2295,3309
5033,6038
8184,9189
9776,10758
5336,6342
1668,2666
3558,4565
4705,5701
5065,6075
6442,7422
2020,3000
1596,2602
6337,7333
7026,8019
2113,3121
4262,5281
3110,4128
3652,4651
5164,6170
6998,7986
8166,9172
3933,4928
7571,8566
4602,5600
3018,4032
4420,5415
6485,7469
730,1743
3013,4007
6602,7611
1173,2161
1100,2106
1714,2698
7615,8600
8879,9881
2686,3668
1115,2130
4772,5764
5892,6897
3728,4710
117,1103
7251,8237
4729,5744
8228,9235
7299,8304
4339,5333
2082,3069
8206,9214
6390,7392
2006,3017
2342,3339
542,1560
5414,6413
1355,2336
156,1160
5103,6093
5221,6219
4051,5033
9931,10917
23,1015
2479,3475
2125,3114
8040,9037
8860,9840
8238,9226
8948,9959
7679,8696
2756,3763
4209,5190
9212,10192
6239,7223
3636,4644
5936,6922
2973,3965
2414,3414
6136,7128
7120,8139
1249,2265
506,1502
6704,7686
9358,10370
3610,4606
7038,8024
3450,4455
8213,9230
8997,10012
7273,8275
7213,8197
2342,3322
1931,2922
2457,3461
1710,2695
2237,3255
972,1968
8219,9201
7330,8337
5436,6443
888,1872
5352,6333
5806,6808
2437,3433
7225,8210
4655,5651
7119,8102
5055,6074
2207,3196
9718,10712
529,1528
1669,2685
3478,4473
1949,2937
4505,5517
4753,5756
9590,10593
552,1567
5239,6220
2706,3712
9006,10018
7674,8668
1400,2401
6147,7154
4688,5693
6456,7452
6374,7378
6982,7989
7924,8932
6126,7111
7803,8815
6902,7893
8618,9617
5761,6780
2823,3832
7604,8611
5250,6256
5799,6803
149,1156
4025,5040
3446,4463
7274,8272
4523,5536
5900,6907
3945,4959
9974,10958
9368,10358
5060,6059
122,1126
1221,2239
8177,9189
837,1849
2866,3873
316,1305
6892,7881
3273,4266
5467,6457
5988,6975
1427,2433
3477,4470
9345,10342
2861,3863
4955,5957
5002,5993
4982,5973
6126,7128
4144,5137
3731,4716
6405,7411
7879,8894
5303,6306
1778,2788
9410,10397
8633,9614
7571,8587
2042,3049
4171,5185
8153,9150
4360,5358
1143,2147
9578,10565
511,1513
1583,2580
8537,9528
2386,3387
4777,5785
3279,4293
7224,8231
4891,5874
2715,3727
9275,10284
2500,3501
1347,2334
2362,3377
1527,2520
8373,9385
8127,9133
1091,2083
7931,8930
1013,2029
8429,9439
5608,6621
2355,3339
5096,6077
3422,4421
8756,9761
4804,5794
6225,7223
1515,2514
3551,4567
1821,2822
1813,2810
2469,3452
8961,9976
7646,8650
2653,3654
1662,2658
66,1071
2417,3413
4880,5861
495,1508
6652,7650
9025,10005
2676,3671
5751,6733
3029,4017
6100,7093
7754,8744
1559,2565
808,1799
6597,7594
6653,7668
2246,3234
2826,3815
2378,3390
382,1381
1119,2123
3927,4920
9717,10726
6047,7046
9434,10450
871,1865
7565,8584
5679,6673
5909,6899
9361,10379
1432,2420
7463,8451
6422,7431
3498,4495
6963,7959
1625,2623
5529,6544
1370,2378
9806,10787
8219,9201
7591,8609
5895,6914
6612,7621
8576,9564
6668,7651
5778,6772
9027,10014
2521,3520
239,1253
4116,5134
1036,2026
2269,3261
7146,8150
3926,4907
8066,9071
2698,3707
8713,9726
7825,8816
2933,3936
9421,10408
1569,2575
5353,6347
1655,2641
3384,4390
6764,7765
9495,10502
6189,7181
8662,9666
2181,3183
5418,6399
8409,9401
8729,9748
8226,9227
3650,4644
1387,2370
9540,10534
5374,6390
1418,2417
7365,8350
8820,9803
5038,6054
5545,6546
2805,3785
3381,4385
197,1213
7008,7995
8292,9305
4094,5100
8490,9488
9986,10990
872,1881
7970,8960
6857,7862
4305,5292
3485,4490
1256,2264
7,995
6575,7564
5995,6998
3050,4053
4505,5521
7048,8046
3842,4860
8946,9928
2858,3848
5602,6612
2189,3189
1754,2761
1920,2913
2903,3915
8833,9852
2608,3619
2758,3775
9383,10397
3327,4330
6720,7724
7329,8320
1984,2975
9359,10361
1427,2412
138,1151
2672,3670
4460,5467
9121,10123
6359,7358
3154,4134
8109,9127
7078,8086
5743,6729
6078,7088
6799,7795
9261,10256
5696,6705
3112,4111
8095,9098
8530,9540
3356,4358
1937,2940
8294,9279
5751,6768
1145,2160
2012,3024
298,1315
7420,8429
6450,7447
1539,2530
9940,10952
1744,2759
3045,4033
433,1435
264,1278
1146,2142
1005,2021
4819,5803
5091,6077
6714,7703
4972,5981
4374,5388
9881,10898
3304,4294
7341,8344
6962,7968
4043,5034
8646,9636
6819,7801
3952,4947
3843,4845
8009,9011
2077,3096
1886,2866
4813,5832
482,1495
9996,10982
9474,10472
5687,6685
3040,4035
4190,5192
2181,3180
1005,2017
2823,3828
341,1357
3141,4159
6933,7935
6958,7942
4876,5865
8837,9821
258,1269
8679,9687
2458,3455
1778,2761
385,1378
4675,5688
2467,3486
8482,9476
7176,8182
1775,2773
3369,4354
3754,4734
8586,9601
7164,8164
3514,4518
5551,6569
4613,5605
5197,6188
9800,10792
1178,2173
9195,10208
4231,5216
9105,10103
7637,8625
989,1981
9983,10982
2961,3969
3654,4665
4525,5530
3474,4469
65,1047
9875,10873
5607,6605
4004,5021
9876,10884
5388,6398
629,1615
6893,7887
413,1401
8796,9781
6845,7840
5778,6764
2120,3110
2516,3523
2193,3188
4286,5305
8255,9246
9765,10766
2101,3094
2516,3498
2328,3344
7107,8111
7691,8708
9544,10535
6022,7014
7621,8614
8512,9512
1475,2474
2471,3477
4702,5691
3291,4300
6526,7538
2089,3078
4733,5722
658,1677
5588,6589
3436,4421
4114,5100
6338,7327
5061,6064
2224,3220
5070,6056
9914,10923
1619,2601
5550,6560
9214,10198
6958,7967
6019,7007
8015,9002
8664,9680
7449,8449
7873,8890
1943,2929
2132,3125
9990,11001
6988,7995
8084,9068
2052,3038
299,1308
1066,2046
3513,4512
6421,7439
3294,4310
4692,5678
109,1099
4446,5443
6938,7941
2426,3436
7423,8410
4614,5628
3915,4922
2864,3858
7640,8632
6151,7143
8521,9519
6120,7114
7949,8935
5415,6411
5117,6114
3048,4046
6911,7894
9772,10765
3041,4028
9381,10395
967,1958
2070,3078
2321,3315
4156,5157
1512,2506
5465,6466
2489,3480
6281,7276
3867,4885
9146,10144
6059,7072
5466,6475
7810,8808
8664,9676
8033,9042
6916,7917
6604,7603
5768,6764
3377,4381
8858,9872
2974,3974
5020,6006
2590,3609
6572,7588
9213,10209
5671,6665
6073,7084
1034,2033
3991,4980
8055,9040
8414,9407
7313,8296
421,1410
4677,5673
9522,10510
9557,10561
1930,2913
5483,6487
6048,7056
1752,2768
4759,5748
1081,2076
2530,3523
8188,9188
8924,9935
7179,8159
7151,8134
7934,8924
5144,6133
276,1287
8399,9415
2485,3497
2842,3833
1514,2523
830,1836
4511,5520
5414,6395
951,1935
528,1514
5996,7013
689,1697
9581,10568
3029,4025
9256,10261
5226,6238
538,1528
5114,6109
2715,3703
2814,3822
9792,10797
8027,9041
8270,9265
9386,10382
7871,8886
6029,7019
1510,2499
1905,2915
707,1694
6249,7240
9876,10863
9489,10477
3879,4884
6655,7657
3746,4729
8261,9266
8223,9220
9842,10851
3736,4732
6330,7345
1294,2278
233,1243
468,1478
6602,7582
5354,6354
8277,9259
5752,6758
8828,9822
9750,10739
9982,10974
210,1206
5329,6337
9458,10448
6212,7202
1877,2873
6786,7788
4665,5657
8965,9960
8546,9530
8119,9103
6227,7246
4307,5290
5450,6446
695,1689
9924,10917
1431,2432
9229,10209
4037,5027
8478,9469
3961,4957
3808,4814
4482,5468
5012,6004
5658,6651
1593,2574
1881,2884
9671,10652
1240,2221
1953,2970
8787,9789
1519,2501
1448,2461
9807,10809
8578,9585
874,1864
3423,4423
7623,8638
1016,2033
5672,6656
2893,3883
9838,10848
9765,10752
3119,4128
9460,10478
9281,10286
164,1174
192,1206
9288,10306
5095,6102
7400,8400
1703,2685
2306,3301
3266,4278
2223,3239
4683,5693
5164,6145
8714,9716
2192,3195
5737,6738
885,1879
6321,7315
4947,5953
5771,6774
8124,9112
8042,9035
8836,9840
4196,5193
5898,6897
1505,2496
2358,3349
8225,9244
6440,7421
7463,8476
6864,7851
9917,10911
1537,2525
7822,8820
5995,6999
2341,3359
5354,6342
981,1978
6684,7687
811,1813
9554,10547
6421,7427
2127,3142
8929,9916
295,1302
3242,4253
4874,5884
8329,9311
7382,8389
88,1076
9999,11010
6237,7231
6659,7640
9601,10595
1678,2668
5884,6891
6067,7082
595,1599
4984,5982
9706,10721
199,1207
8789,9789
2466,3481
8100,9115
9598,10600
1718,2727
3781,4795
1105,2110
6629,7628
6856,7842
21,1013
4720,5714
2893,3904
8632,9647
5029,6030
1680,2662
2764,3744
1558,2547
9079,10073
3684,4692
9948,10933
8739,9730
4445,5462
6627,7609
4651,5668
2478,3490
4191,5200
5047,6064
837,1831
2002,3012
5309,6312
5034,6028
1138,2144
9765,10761
8708,9692
6883,7901
2064,3082
2726,3741
805,1797
567,1573
651,1659
7099,8085
9369,10367
6179,7177
6053,7046
1976,2995
7244,8259
7096,8082
7563,8571
4206,5215
5771,6759
6533,7527
8804,9804
1710,2725
2264,3270
1885,2893
7062,8071
2229,3217
7371,8372
990,1986
9552,10541
2525,3527
3821,4832
1827,2835
25,1030
3443,4435
5390,6370
9776,10790
4511,5505
7490,8507
7634,8640
5124,6116
3148,4160
8118,9098
8347,9335
5014,6002
8332,9316
8880,9885
7637,8641
6221,7206
8591,9582
8597,9580
3430,4414
5118,6137
3267,4249
5999,6987
6800,7816
8103,9112
3659,4666
449,1453
2827,3828
1316,2305
9352,10336
5789,6798
7973,8953
9116,10102
714,1697
548,1552
5617,6604
2438,3445
4306,5323
4526,5528
6263,7269
8673,9678
1367,2381
9904,10897
128,1147
4469,5453
6338,7334
3857,4837
1098,2090
5435,6446
7832,8823
710,1720
9596,10602
2089,3103
3293,4293
708,1712
2127,3113
4373,5377
7145,8149
7263,8249
7765,8758
1949,2958
5115,6119
5657,6656
9705,10705
5038,6039
7766,8757
5662,6665
4504,5495
1569,2557
5962,6961
5191,6185
5354,6354
6868,7874
1524,2538
2214,3224
5944,6951
3581,4579
3344,4345
6651,7659
5591,6592
4250,5263
831,1827
2081,3080
8318,9337
6494,7496
7610,8615
9234,10220
7925,8928
8525,9535
8152,9139
6545,7555
694,1697
9044,10057
4408,5406
1347,2359
3765,4779
7874,8887
1601,2619
1787,2772
1822,2805
3478,4485
4814,5797
1401,2399
5344,6361
1867,2865
223,1215
5316,6313
8918,9908
3751,4759
5025,6010
9775,10785
4653,5667
5760,6767
1478,2489
2630,3613
4238,5253
1098,2097
9142,10161
5333,6336
1808,2821
3814,4824
4381,5388
5872,6878
1655,2667
2659,3652
9525,10524
8037,9056
392,1409
3704,4713
8132,9113
6973,7983
8730,9713
9243,10248
3820,4822
389,1392
3709,4699
9754,10741
9394,10407
9842,10824
8762,9749
8252,9259
1525,2523
24,1031
1260,2250
9119,10106
949,1941
6078,7085
1606,2598
2409,3421
8172,9172
9861,10854
5561,6573
1838,2829
5739,6730
4133,5146
1047,2053
5969,6987
2296,3302
3541,4521
6447,7438
809,1820
6643,7625
7382,8362
9368,10357
1656,2663
4604,5608
9482,10468
1724,2707
236,1218
3081,4092
2666,3650
4292,5273
5178,6169
2240,3220
6705,7706
9253,10238
943,1959
7748,8731
4457,5465
2422,3439
8790,9809
6996,7986
1595,2595
6623,7603
7287,8301
4582,5568
5439,6448
4491,5489
302,1307
1323,2332
9133,10114
6413,7393
278,1266
3179,4176
5367,6361
6710,7711
2707,3719
2924,3939
4551,5565
9239,10245
276,1289
4391,5410
2418,3406
3600,4590
8181,9178
7709,8707
3864,4863
1739,2729
4532,5530
3109,4106
1388,2397
7238,8237
4594,5610
3380,4396
2152,3137
3413,4396
4332,5347
9203,10194
3546,4561
3236,4223
1734,2752
4548,5550
5452,6432
4762,5754
2511,3510
8139,9152
5312,6310
8781,9782
5067,6063
374,1368
7779,8784
7696,8677
6730,7722
8708,9721
8166,9169
8688,9684
3231,4234
5583,6602
9069,10072
8910,9898
7673,8677
5128,6118
6433,7425
3646,4642
5607,6606
4483,5485
4756,5763
5378,6395
2092,3092
3207,4192
5478,6468
1249,2258
8123,9132
5011,5995
5115,6095
957,1976
2229,3225
6584,7574
1470,2472
6953,7951
4174,5160
6572,7575
6151,7132
6109,7098
1832,2838
8299,9287
1114,2097
6932,7927
1273,2283
3321,4313
3174,4170
5400,6393
1865,2856
2427,3436
1403,2404
6568,7552
2758,3765
1067,2049
3295,4303
872,1870
7358,8338
8949,9967
6260,7278
8327,9323
5663,6655
7807,8805
8053,9049
1322,2309
3479,4459
1960,2964
1841,2843
1403,2401
1042,2033
1331,2316
7023,8007
1780,2762
9513,10514
7182,8192
1771,2782
1982,2991
4786,5772
4470,5457
8807,9801
1631,2632
673,1672
8028,9042
1044,2039
2718,3717
7517,8497
3507,4488
550,1548
8688,9683
299,1289
4150,5147
9125,10140
7838,8845
9367,10348
804,1819
1116,2119
605,1588
7478,8486
1407,2397
8130,9137
6306,7294
6290,7309
1828,2808
9950,10934
6119,7134
8110,9097
3916,4914
4915,5919
4149,5146
463,1461
9837,10840
2057,3040
3668,4681
2713,3721
7037,8034
3464,4477
9456,10465
4990,6007
5447,6453
2642,3659
8327,9309
476,1474
6605,7597
4312,5319
4110,5107
4617,5608
9286,10302
5558,6539
4138,5157
5387,6370
3127,4139
6954,7955
6814,7829
4322,5319
5220,6207
3408,4398
1960,2945
5510,6504
4324,5336
312,1328
1312,2300
2643,3643
9434,10444
3795,4809
9718,10710
5016,6003
8577,9558
3850,4850
9548,10535
4706,5718
9276,10260
9127,10120
2397,3393
627,1634
1820,2812
6081,7076
2080,3078
3868,4877
3754,4747
5924,6922
4769,5768
9392,10406
9909,10928
6817,7832
9850,10851
3532,4524
1168,2151
603,1614
2016,2997
2622,3621
8177,9164
3042,4024
8246,9254
9852,10852
3417,4426
8768,9775
4229,5231
6876,7880
8057,9042
127,1122
1287,2275
4555,5540
2875,3887
5751,6759
7895,8892
1593,2579
4744,5746
4440,5459
9753,10770
6905,7899
3353,4366
9065,10072
5855,6866
1126,2132
4633,5630
9754,10743
8226,9229
2916,3900
7093,8091
7963,8955
930,1916
2759,3750
7061,8064
8763,9757
248,1240
305,1322
7311,8298
8397,9390
5715,6697
9505,10489
8103,9117
4053,5044
7475,8470
2328,3345
6510,7507
1184,2190
3225,4228
8062,9059
6846,7847
7998,9015
9255,10235
6408,7420
8780,9769
6709,7689
2990,4008
8463,9481
2135,3133
4805,5786
3729,4746
9460,10449
7254,8250
1802,2809
9496,10478
6848,7844
2753,3751
2164,3151
775,1788
5039,6044
3346,4326
4154,5169
448,1466
980,1991
8242,9230
8660,9674
3395,4378
3285,4291
3363,4373
2343,3342
8368,9371
8916,9920
7860,8862
415,1422
876,1889
4601,5610
7119,8130
4128,5121
1116,2117
4680,5674
3454,4455
9033,10017
7466,8456
8338,9330
9254,10265
1257,2249
7243,8238
6274,7261
1443,2427
4374,5390
792,1798
2421,3436
4288,5291
889,1880
7091,8107
1374,2393
1865,2846
7559,8552
2930,3920
9914,10900
1617,2621
9337,10341
5661,6674
2247,3232
9359,10364
1570,2558
424,1404
6777,7763
3012,4002
1025,2021
704,1691
5436,6430
886,1904
9122,10132
4588,5601
8695,9682
6467,7472
132,1127
7334,8334
1935,2940
7438,8432
3107,4091
9275,10270
141,1152
6115,7106
1957,2973
2597,3615
4653,5664
8125,9112
4547,5540
7537,8540
5126,6123
3075,4090
1968,2970
2622,3631
4867,5869
7339,8341
9902,10888
3345,4362
6304,7301
4198,5192
7456,8456
6269,7287
5682,6701
7450,8445
1875,2859
3689,4699
6370,7377
877,1877
7101,8083
58,1056
1724,2708
6225,7227
4229,5211
2159,3166
9766,10783
5281,6268
9852,10863
2404,3422
8064,9057
6503,7492
1838,2852
5185,6185
3019,4026
1533,2525
8202,9198
783,1780
189,1172
8254,9250
5318,6322
6980,7986
4007,4994
7130,8144
554,1548
3961,4942
2275,3262
1927,2915
9124,10108
1802,2793
3989,4994
5995,7000
710,1701
6340,7346
6631,7621
8350,9356
8377,9360
1219,2230
1411,2408
389,1387
473,1488
2036,3022
8195,9213
9514,10518
1794,2811
3107,4094
3398,4387
8943,9962
7526,8518
7431,8411
7501,8482
9975,10959
2400,3413
7344,8336
3363,4368
8546,9526
5325,6317
3681,4692
516,1511
5020,6015
7758,8749
4527,5530
7026,8032
9663,10662
2842,3828
6269,7255
6064,7064
3144,4141
218,1220
6872,7875
2724,3716
3840,4829
2816,3817
7728,8740
6357,7337
9499,10482
3785,4796
3757,4738
9739,10719
9317,10333
9341,10360
7040,8020
8876,9857
1371,2362
587,1586
4104,5116
2429,3438
6983,7995
6509,7493
7738,8723
983,1997
696,1698
1732,2737
9839,10832
2919,3922
7353,8345
5969,6972
3979,4970
9178,10158
3100,4116
3779,4781
7728,8744
3957,4949
4484,5479
5507,6508
888,1907
7616,8608
1210,2221
6597,7609
8080,9088
9314,10325
6039,7052
6902,7917
7203,8208
6886,7882
8865,9881
2917,3907
8903,9902
9845,10863
8960,9960
5030,6015
5548,6564
8158,9172
6305,7312
1595,2575
1775,2757
62,1061
7263,8246
9068,10051
6789,7784
7467,8460
413,1395
9904,10910
1664,2680
661,1643
8874,9885
1159,2160
422,1411
3574,4586
8676,9656
6610,7619
5096,6077
8433,9425
8522,9505
7951,8957
4753,5758
9890,10901
8822,9825
7045,8059
8064,9080
3002,4017
7498,8498
6081,7090
4839,5837
3683,4668
7889,8888
8504,9519
7745,8739
1185,2197
3072,4084
904,1923
6552,7557
9881,10878
4582,5568
4921,5928
1235,2232
6147,7139
7372,8371
6374,7390
6915,7911
1886,2881
5341,6344
1596,2578
8907,9892
548,1543
3109,4120
4223,5237
962,1968
3539,4534
9342,10357
4440,5453
331,1313
5086,6085
2090,3081
486,1497
7767,8761
7605,8619
2316,3323
3217,4222
4569,5580
9490,10493
8963,9952
7388,8389
5356,6358
8162,9143
7517,8505
1414,2405
6805,7790
137,1153
7989,8979
2181,3191
9677,10660
5365,6383
1760,2760
9660,10657
6172,7155
7073,8062
2510,3523
3398,4401
656,1651
4289,5297
9571,10564
1452,2470
5658,6665
2019,3035
2322,3331
6985,7992
6638,7636
6305,7322
5642,6643
3766,4758
3863,4862
4811,5822
1773,2757
3805,4812
3260,4244
6871,7885
5337,6338
6930,7949
2011,3029
8995,10003
727,1738
3898,4882
1325,2323
2107,3118
9455,10438
4633,5648
5186,6182
7170,8159
7917,8909
6909,7909
8398,9379
2688,3685
6330,7333
8540,9540
9740,10740
1945,2957
8768,9755
8398,9402
2505,3492
9497,10506
5018,6021
8163,9180
2582,3577
2098,3091
8544,9540
2606,3588
8031,9037
7042,8057
7141,8155
4989,5987
9882,10893
9521,10534
5070,6088
541,1532
9484,10488
6983,7994
9764,10749
9553,10536
3332,4341
1156,2174
2380,3396
8840,9832
3674,4681
747,1737
5087,6089
5797,6781
8365,9372
6474,7472
257,1266
7600,8606
2746,3731
2138,3132
2432,3412
7718,8718
6099,7107
1614,2629
3983,4987
3116,4117
9740,10736
9593,10585
820,1822
3546,4565
3826,4814
8024,9026
1528,2547
246,1229
6719,7724
8625,9606
4546,5542
804,1784
6939,7923
2798,3792
8154,9158
5854,6857
7216,8234
4502,5511
4078,5067
5458,6472
9302,10306
4763,5771
3415,4434
3623,4629
7265,8262
6840,7852
138,1128
3991,4995
2815,3816
2990,3988
6873,7863
4548,5548
3490,4504
4738,5727
7524,8528
1364,2371
1325,2320
1671,2662
2258,3266
2664,3664
2695,3697
2230,3218
1962,2973
3933,4927
5376,6388
7464,8455
583,1580
6655,7666
2530,3537
4847,5853
2946,3933
3784,4794
6042,7036
6302,7303
7988,8990
1469,2473
4342,5332
9734,10747
54,1070
4284,5293
2727,3721
7870,8851
6156,7174
5755,6749
6101,7090
2532,3542
9835,10816
3375,4376
4865,5861
7846,8862
4312,5309
3298,4283
6620,7614
2653,3642
451,1445
594,1582
3704,4719
8898,9895
408,1396
3351,4337
1203,2211
3839,4821
1562,2565
1706,2710
779,1788
7910,8890
9931,10922
3955,4970
173,1186
4842,5839
1334,2347
2615,3611
7174,8191
7454,8454
541,1548
287,1295
1897,2889
2922,3929
1882,2898
4483,5488
5590,6579
4918,5937
7839,8822
1301,2295
1769,2762
9781,10777
6691,7702
5252,6258
3784,4803
7127,8139
5078,6088
343,1354
7304,8297
617,1630
9901,10902
5469,6481
6400,7419
7395,8414
1855,2873
5978,6964
1213,2194
6473,7489
1755,2770
4407,5423
2185,3194
3300,4303
3125,4134
7098,8111
5005,6015
4734,5715
6452,7459
1932,2923
1112,2107
4099,5092
5649,6641
7502,8504
6338,7326
2204,3200
4913,5907
9944,10963
2602,3589
5980,6997
5059,6066
3084,4098
6772,7776
8791,9800
3565,4545
3115,4113
8870,9880
4080,5090
6526,7530
5398,6405
8585,9585
271,1260
7503,8490
6351,7364
2149,3135
5957,6973
1713,2698
1179,2166
1653,2667
7969,8970
5936,6937
3966,4951
1014,2001
2489,3507
3271,4276
2720,3726
1631,2622
2552,3550
589,1595
3293,4300
4434,5443
8161,9163
2205,3218
7020,8007
9606,10592
1000,1991
2807,3820
8220,9239
4625,5638
4486,5500
7544,8551
7967,8956
8689,9683
3924,4931
8170,9171
9442,10424
7716,8716
8790,9779
2165,3155
7090,8100
2932,3943
459,1465
8430,9414
6110,7096
673,1664
6115,7133
4653,5634
5790,6770
7702,8698
2445,3432
6659,7641
4267,5270
3485,4499
9801,10781
3086,4085
8351,9336
5580,6572
7489,8470
1258,2261
6458,7468
1447,2466
1193,2179
1381,2389
9400,10407
7602,8621
1940,2949
5903,6896
6322,7339
540,1531
4239,5230
9355,10335
5747,6729
5563,6556
215,1198
6552,7557
1024,2035
7444,8456
8914,9908
1083,2067
4248,5264
9808,10788
1203,2185
7249,8267
2290,3286
6006,6986
7154,8144
4757,5739
2632,3612
6052,7070
560,1577
5199,6191
7831,8833
9266,10256
5540,6532
1057,2052
827,1833
5882,6863
3997,5008
4918,5911
1138,2131
2401,3389
3202,4212
7732,8746
9691,10677
6888,7879
3052,4034
3892,4886
1776,2781
729,1717
334,1332
5792,6774
3854,4868
6082,7082
4733,5736
3777,4763
7545,8549
8140,9129
109,1122
5222,6216
2408,3400
2809,3800
8117,9120
123,1123
785,1789
224,1206
3313,4294
6277,7287
6719,7706
5611,6624
8889,9903
1276,2284
1644,2661
5529,6534
7430,8420
7027,8012
509,1520
1336,2327
4504,5513
1312,2311
2924,3930
2141,3134
4986,5970
2819,3823
8265,9280
4133,5142
5170,6181
1734,2718
1763,2766
7946,8944
4596,5607
6304,7310
8007,8997
1795,2798
897,1880
3121,4115
579,1596
3157,4154
4244,5263
7974,8955
9389,10387
4153,5163
2609,3605
9620,10601
8195,9204
5476,6478
7601,8612
2011,3027
6092,7085
2208,3210
2524,3505
6109,7108
4648,5651
4067,5084
8770,9754
8722,9720
5190,6204
4160,5150
624,1639
2958,3950
6822,7806
668,1661
783,1781
249,1261
4262,5272
1476,2494
2266,3253
5184,6177
5951,6962
2871,3886
7326,8316
9029,10030
5752,6736
8988,9969
1222,2211
9514,10516
1431,2436
4544,5553
6324,7310
1936,2950
7461,8449
5688,6675
2986,3970
4790,5776
4804,5819
1813,2793
1665,2663
6107,7109
1465,2453
6165,7153
968,1968
8481,9496
48,1057
3678,4690
6507,7508
2325,3342
8292,9291
3767,4766
832,1848
2957,3952
9461,10474
4626,5608
3758,4762
140,1125
5480,6462
4688,5692
6880,7870
4564,5567
7781,8767
2651,3634
4140,5147
7773,8792
5495,6504
5408,6420
3716,4734
6096,7099
2390,3397
4915,5925
7282,8274
2395,3413
6103,7106
1833,2813
8790,9794
9268,10265
8943,9952
9975,10977
1742,2756
2878,3887
9664,10665
39,1054
1720,2705
8060,9050
9585,10571
2227,3224
8641,9639
398,1411
1301,2296
898,1899
3820,4806
4568,5554
4728,5747
8976,9985
5348,6357
4793,5791
2823,3816
7581,8580
187,1187
8449,9452
3101,4084
6438,7420
5665,6680
7050,8066
5092,6104
3065,4052
1288,2277
9745,10762
3528,4535
1449,2460
3838,4847
6075,7090
6818,7826
6259,7265
1143,2136
8452,9448
9329,10343
2359,3375
5904,6887
5485,6501
1402,2398
3060,4078
3473,4461
8490,9486
5807,6799
1005,1992
447,1449
2987,3984
2188,3168
4275,5278
9972,10965
2698,3684
8781,9784
5461,6475
5445,6431
4656,5644
6024,7040
8674,9684
9072,10069
5041,6039
533,1540
2830,3825
2115,3128
9922,10921
6866,7847
1510,2490
1785,2796
7778,8760
3531,4537
1092,2108
6853,7846
8644,9624
4939,5930
9155,10153
7770,8756
2347,3363
9834,10837
4453,5456
6250,7231
7924,8912
7669,8685
9972,10971
974,1973
9035,10019
9414,10409
6060,7060
97,1103
1434,2436
7957,8957
2695,3685
8988,9995
5778,6788
8729,9747
1657,2670
2603,3612
7142,8157
9605,10613
672,1675
7076,8085
7466,8476
1802,2813
7914,8917
5272,6282
4415,5421
358,1370
3108,4098
3539,4521
6791,7794
4919,5923
7860,8865
3363,4378
9517,10506
9411,10402
6736,7731
1578,2567
2874,3867
5894,6892
1726,2740
1402,2421
8536,9527
140,1135
4949,5955
8023,9020
3132,4121
853,1842
2471,3476
7083,8098
9165,10165
9001,9998
7029,8016
8845,9838
3523,4514
7482,8488
4494,5474
4309,5305
4752,5769
5706,6717
303,1283
271,1251
4965,5965
5660,6669
6240,7239
6100,7109
2293,3293
3786,4798
9167,10164
4060,5050
1131,2141
8990,9994
6402,7416
1555,2570
3718,4708
4638,5641
2488,3485
2651,3654
9674,10671
3750,4751
7964,8982
8234,9242
751,1750
84,1075
8325,9341
6963,7954
9256,10268
6216,7212
5589,6591
211,1219
5985,7004
2222,3221
4122,5133
4971,5989
8940,9956
882,1889
2436,3435
7391,8375
8499,9482
2041,3031
6780,7775
9695,10701
5710,6723
5593,6594
8007,9023
2890,3873
1254,2251
9977,10986
6266,7280
7850,8836
5642,6635
1885,2893
3441,4422
2366,3377
5844,6859
2832,3842
360,1348
540,1534
9677,10693
3526,4531
8122,9108
8940,9932
2498,3504
6528,7546
631,1642
5233,6251
9268,10259
3339,4355
3165,4183
9628,10635
6792,7774
4484,5469
3467,4457
103,1085
3341,4326
5594,6603
9194,10190
3423,4426
4683,5687
6139,7132
9939,10931
8237,9241
342,1351
1947,2936
9830,10829
725,1731
3616,4633
1436,2451
2043,3033
3965,4960
7487,8484
9327,10334
1349,2346
9159,10174
5968,6958
3903,4887
519,1514
3571,4575
874,1892
9867,10868
7085,8080
1835,2847
3064,4072
98,1102
4784,5769
2531,3545
4568,5568
9167,10168
4453,5450
2837,3848
1649,2656
5887,6905
1573,2581
1625,2615
2384,3379
5560,6569
4489,5470
8321,9318
9907,10914
5453,6459
1896,2881
8583,9574
5657,6644
3837,4833
6123,7118
4084,5092
3811,4811
4581,5598
9666,10674
8669,9653
2530,3519
4042,5060
8051,9070
3014,4027
6014,6997
6530,7542
8163,9149
8629,9635
2296,3292
207,1192
5793,6802
7197,8208
4156,5140
1335,2347
2409,3427
2468,3463
3866,4877
6637,7649
4860,5861
6815,7801
3516,4507
4000,4984
4777,5759
3489,4486
8079,9081
4205,5208
2165,3150
9123,10130
4139,5124
2956,3972
6412,7418
501,1510
4390,5407
3174,4176
8791,9772
9009,9989
8411,9399
8382,9382
4607,5620
310,1311
5882,6865
1836,2835
6878,7886
3118,4117
3999,5017
8420,9418
9504,10523
2334,3327
1674,2682
6546,7565
9732,10746
9059,10040
9694,10709
6432,7440
6729,7721
4656,5653
4342,5336
5089,6070
3584,4589
4878,5864
8180,9167
9589,10585
7871,8890
2139,3155
8805,9789
5777,6770
818,1836
8629,9615
1200,2215
7807,8813
6218,7211
1005,1988
3535,4550
8767,9763
9874,10874
2283,3286
9665,10677
51,1045
3436,4434
2211,3222
6659,7658
8810,9820
4830,5849
4351,5340
1633,2634
9825,10818
1117,2127
5106,6091
6032,7045
645,1663
797,1810
4138,5137
9516,10535
4906,5906
5346,6351
7949,8966
7555,8545
9925,10933
5523,6517
9964,10983
3928,4933
9173,10156
2245,3240
559,1566
9660,10643
4825,5835
8330,9327
9102,10120
7545,8558
920,1912
8564,9577
932,1948
3551,4532
9477,10476
1525,2518
7419,8430
4792,5801
6977,7967
1090,2095
1041,2040
1528,2545
6712,7710
8523,9527
4621,5627
9592,10594
4849,5855
1790,2772
1793,2773
3395,4392
3158,4150
5971,6955
4317,5314
2737,3732
7729,8721
8141,9134
6450,7435
1916,2899
641,1648
3655,4669
8511,9519
7453,8443
9036,10053
2035,3027
7681,8680
6802,7788
3722,4728
1064,2071
5897,6909
1081,2066
1537,2539
648,1653
3240,4233
2350,3369
4491,5505
8188,9189
6062,7071
2851,3845
8660,9659
3744,4754
2173,3164
219,1210
1344,2359
522,1540
8234,9220
5120,6110
1223,2226
316,1312
5160,6154
2874,3884
937,1944
4135,5126
2858,3838
2918,3934
1472,2488
9853,10870
7515,8521
6083,7076
466,1473
5191,6180
7178,8168
9873,10877
3504,4501
4396,5379
5970,6973
9365,10368
3486,4493
5435,6452
2463,3459
9653,10635
9131,10141
1839,2829
7909,8889
2235,3218
597,1589
7960,8948
5206,6213
2507,3510
1971,2976
2013,3025
9531,10536
861,1852
3814,4798
6757,7756
7940,8932
3998,4991
8568,9556
131,1130
3045,4040
6032,7019
2416,3429
869,1864
2898,3898
2060,3065
8755,9765
5070,6060
6886,7898
4218,5200
7881,8877
3620,4638
2716,3731
8819,9807
7372,8361
6281,7266
7509,8508
4331,5346
6135,7120
3001,3983
7745,8738
3248,4254
9703,10708
5990,7007
4201,5198
9674,10693
3396,4382
2675,3677
4747,5748
3619,4614
6537,7552
4795,5803
8526,9531
7240,8249
2232,3233
9349,10358
3446,4438
9834,10842
7439,8437
5655,6660
6148,7160
4154,5150
3743,4752
8669,9676
1278,2271
776,1766
3843,4849
1144,2161
5843,6836
4241,5246
6688,7680
1631,2617
6692,7708
9985,10991
4379,5361
6070,7075
5979,6997
1138,2118
9885,10891
8623,9603
2753,3769
6260,7279
3532,4551
2900,3910
9479,10493
3124,4126
5857,6842
3355,4344
7899,8885
2457,3466
908,1907
1363,2347
3127,4115
8161,9141
7709,8694
9605,10604
7900,8905
8332,9351
8317,9325
5084,6088
1429,2431
8701,9709
2901,3891
9116,10123
5951,6970
4050,5044
5833,6848
9586,10572
1962,2970
7260,8246
4301,5306
7164,8149
5140,6123
5268,6260
1008,1996
684,1679
2582,3562
3944,4958
3029,4035
5020,6027
2437,3440
6804,7790
9941,10946
8875,9856
8104,9093
2404,3393
8179,9169
777,1783
1921,2913
5888,6874
2609,3621
6337,7332
4891,5905
8728,9740
8656,9661
9842,10831
3316,4313
8341,9324
7080,8087
7825,8811
7181,8179
9095,10114
9459,10471
4651,5664
5149,6152
5185,6179
6532,7534
7732,8737
7415,8395
5944,6950
3915,4931
1399,2384
3172,4181
6614,7613
2035,3029
4122,5141
3274,4291
1172,2179
6580,7564
4982,5988
7756,8744
6932,7950
996,1994
7430,8445
3745,4764
1061,2075
9523,10506
171,1189
5400,6388
6032,7013
1870,2870
8895,9890
1615,2605
8547,9545
2589,3606
9543,10560
5282,6266
9973,10989
8244,9237
3265,4245
5226,6210
7183,8173
6054,7038
5,1008
2181,3179
8130,9135
3243,4256
4281,5292
7513,8513
8421,9438
5047,6051
9763,10774
2125,3126
4085,5068
5924,6938
7678,8683
3610,4627
6124,7107
8448,9440
4662,5653
7709,8710
1676,2687
7696,8706
3177,4157
9315,10329
3208,4225
3585,4568
8166,9154
978,1996
4228,5217
3840,4856
709,1707
7463,8455
2,1004
1229,2216
4322,5327
6913,7893
5823,6835
8404,9391
3256,4253
9411,10400
8079,9078
5445,6451
8015,9011
2320,3303
2280,3267
3155,4166
2725,3719
5794,6811
6650,7659
2292,3305
1580,2582
7363,8345
3215,4223
5530,6515
2007,2990
5636,6651
3773,4756
5880,6882
9916,10912
8967,9960
183,1172
9154,10156
1439,2436
6687,7695
8567,9563
5900,6911
2543,3554
8535,9551
1812,2828
1305,2312
3982,4975
4173,5161
4724,5720
1574,2589
8661,9643
4577,5565
7946,8965
5437,6423
4039,5053
3902,4898
3377,4393
709,1690
8118,9130
9100,10113
1251,2254
1982,2978
9898,10893
1261,2241
5947,6936
7067,8081
959,1953
3951,4969
5984,7003
5304,6306
3058,4074
4651,5669
7623,8641
9468,10468
4712,5695
1720,2719
8835,9822
1799,2786
9991,10981
9241,10228
5791,6810
8054,9042
8408,9404
5878,6859
6818,7834
3768,4755
4404,5411
2067,3075
3171,4188
2295,3284
4974,5985
5749,6756
7385,8399
4417,5420
8174,9192
7220,8220
5575,6581
6415,7432
7954,8958
1807,2790
3092,4106
6873,7881
9832,10846
1616,2605
6294,7288
8824,9824
4239,5247
9857,10857
540,1542
7102,8098
2407,3414
2226,3212
729,1736
3168,4149
4297,5300
2269,3267
2073,3069
3354,4346
6646,7663
8448,9451
9180,10188
9912,10918
2073,3072
8764,9767
7519,8530
3067,4071
357,1372
2138,3144
7760,8744
6133,7139
6291,7287
1328,2315
7223,8210
3042,4037
6628,7613
6053,7038
6142,7143
5323,6327
6999,8001
2102,3107
4906,5896
6508,7517
4666,5675
7996,8984
965,1981
5461,6456
6223,7222
7399,8389
7136,8146
7941,8959
5957,6957
3284,4266
4840,5842
8641,9653
4848,5839
4701,5713
3824,4834
467,1447
4490,5501
2919,3918
8526,9538
9012,9992
533,1529
1829,2826
9974,10962
8575,9588
5083,6072
3857,4873
9133,10124
4657,5666
670,1688
8325,9335
9273,10286
8492,9495
9728,10724
7009,8005
4430,5413
1276,2289
1752,2746
4469,5483
868,1862
3949,4965
7211,8203
808,1796
8983,9975
5014,6002
8525,9544
7809,8821
3791,4784
9659,10677
9244,10260
5155,6149
3577,4593
7003,8015
9493,10481
570,1572
2673,3691
533,1537
8233,9219
1551,2532
1501,2488
4901,5895
9703,10704
4575,5586
3525,4521
7555,8536
9501,10492
7826,8835
7806,8789
7905,8907
938,1921
1280,2278
2673,3655
7297,8310
8536,9519
6932,7936
3554,4545
5867,6872
5197,6212
9480,10461
1889,2898
6774,7755
370,1369
7798,8807
1998,3007
600,1602
4157,5142
9845,10861
5187,6199
6347,7351
1311,2315
9586,10584
1814,2824
9244,10239
3559,4567
4963,5969
1408,2390
5422,6418
5387,6378
5494,6496
6641,7653
4607,5620
334,1332
445,1426
5955,6966
325,1337
5474,6466
3068,4049
6473,7455
2656,3641
1279,2278
645,1658
4910,5908
6224,7230
165,1183
8956,9954
7764,8782
2833,3817
2605,3613
5909,6904
1015,2020
7450,8445
7452,8445
9475,10485
4942,5924
7969,8963
4745,5727
6138,7148
8130,9122
9500,10487
1264,2246
8889,9907
3065,4055
5412,6417
4462,5473
8188,9201
7062,8062
1504,2496
662,1653
4266,5255
8939,9928
314,1319
1559,2542
7719,8706
1957,2954
7817,8818
1702,2702
193,1189
5360,6377
5119,6133
6424,7415
3625,4622
8389,9387
3298,4293
9379,10377
8029,9011
5615,6608
5317,6330
332,1345
8471,9475
1441,2442
4720,5723
9274,10291
6076,7071
7466,8482
4295,5296
3279,4297
5518,6529
193,1204
6991,7971
9242,10244
7301,8290
1591,2581
211,1227
9459,10463
1975,2958
6579,7589
174,1157
4015,5008
1654,2672
7948,8955
7471,8479
3737,4721
8355,9335
6760,7756
8326,9321
9093,10110
6547,7531
8756,9764
3023,4025
3688,4683
1412,2408
5444,6426
5325,6316
9540,10548
634,1616
1726,2726
6623,7610
2623,3623
5156,6165
9601,10619
5792,6796
2619,3625
3080,4083
8679,9675
8547,9566
815,1826
4080,5070
2688,3677
5343,6352
5968,6975
9773,10759
4121,5108
8207,9226
5660,6652
7084,8089
8521,9505
1437,2428
5549,6551
117,1103
6947,7945
6943,7959
2448,3435
2600,3587
5413,6393
9602,10618
6681,7663
305,1296
1868,2880
7425,8407
8510,9511
140,1138
3499,4502
7345,8355
4694,5711
763,1770
7502,8509
5733,6743
2709,3694
2359,3369
1450,2454
271,1278
4076,5090
2813,3803
1402,2420
9044,10046
5175,6191
6262,7264
9670,10686
8699,9698
1815,2825
5628,6613
7609,8598
7529,8546
9757,10770
3808,4800
2482,3484
6610,7613
246,1248
9914,10895
449,1464
8593,9574
1640,2643
9446,10454
5225,6238
2801,3791
1442,2452
2092,3085
93,1080
1984,2973
5966,6976
2772,3791
4016,5031
6110,7112
8920,9939
2331,3345
8878,9875
8884,9865
9762,10760
4582,5585
8577,9578
102,1104
5899,6907
3364,4348
5245,6247
8505,9516
3767,4774
7508,8511
4329,5323
9796,10782
5412,6419
2278,3278
9400,10406
5392,6379
1050,2048
1121,2113
8904,9885
4349,5347
5142,6128
4396,5393
2758,3766
9301,10285
5085,6076
2225,3228
6483,7482
9293,10289
462,1470
7032,8037
6759,7750
8618,9631
7369,8366
5548,6558
5355,6373
8821,9810
5336,6333
5976,6969
1901,2901
9220,10237
7192,8208
9350,10340
8863,9869
4810,5796
7607,8590
7689,8701
8549,9535
3181,4195
1439,2454
1345,2342
3546,4535
1228,2246
6741,7757
97,1083
2134,3127
1243,2226
4127,5133
3972,4979
2023,3015
4254,5273
9114,10113
6716,7716
7547,8560
931,1929
2095,3109
4267,5265
1137,2152
886,1890
7443,8429
6357,7364
4939,5925
6408,7399
3791,4791
3157,4163
2632,3623
476,1456
681,1684
9038,10023
1316,2324
9371,10378
7438,8435
3391,4403
3367,4363
585,1598
3923,4933
8885,9902
732,1751
4119,5138
9816,10831
4565,5568
5468,6452
4305,5322
6202,7212
8299,9279
1391,2408
9090,10092
1874,2882
1745,2756
5473,6470
2939,3924
5591,6577
7900,8886
382,1382
6657,7676
4611,5597
6190,7199
573,1556
7670,8669
5839,6823
3052,4049
9828,10815
5832,6848
7404,8417
6343,7349
9638,10638
8888,9907
8689,9692
3322,4340
1984,2967
3963,4965
3543,4556
3050,4035
2103,3120
6051,7050
2695,3681
6293,7277
3639,4630
1714,2731
1741,2722
2064,3049
8503,9495
1700,2702
2788,3787
3761,4776
5990,6982
9376,10358
4782,5768
5412,6394
6603,7614
1841,2846
734,1719
6120,7139
1484,2492
2868,3877
3372,4378
7235,8217
6010,7008
8303,9322
460,1478
3771,4769
9424,10443
4402,5390
9650,10657
5369,6351
4786,5768
2770,3753
5942,6943
6278,7277
7301,8281
4006,5020
6277,7281
157,1175
9925,10922
6472,7486
7900,8919
5119,6101
1635,2646
2517,3505
1189,2176
8738,9733
5840,6830
3092,4074
5950,6930
1707,2702
9084,10083
4048,5063
5642,6638
9927,10924
981,1961
1723,2730
3618,4625
7406,8409
2046,3051
1440,2444
4501,5501
5372,6377
1759,2755
8474,9467
7509,8496
3165,4147
2484,3484
5556,6568
1643,2626
3499,4483
3892,4876
3646,4632
9062,10056
2989,3994
2223,3232
1903,2903
5315,6316
8278,9294
6922,7932
191,1190
1879,2875
8365,9360
9535,10524
8515,9518
3928,4925
6261,7277
6875,7883
3267,4247
2070,3077
8860,9864
5914,6911
2532,3522
5995,6984
3154,4167
9828,10810
1189,2173
1703,2711
9905,10886
1890,2895
4288,5289
4853,5843
546,1531
6342,7340
2750,3765
9385,10397
7967,8956
1330,2319
8558,9554
2494,3498
3432,4443
5361,6348
2728,3725
7866,8881
5366,6357
7846,8853
853,1868
365,1351
4785,5795
1827,2807
3608,4606
6043,7057
9843,10860
3036,4017
3277,4295
7645,8628
3401,4407
8867,9885
7778,8797
3195,4200
1716,2716
9664,10644
2598,3610
2364,3345
252,1251
6622,7641
1828,2823
929,1917
2755,3761
1192,2183
6723,7725
7075,8073
8393,9406
9183,10175
7360,8355
6298,7317
3550,4532
2387,3399
8948,9950
3671,4653
7869,8882
4520,5512
8132,9119
2497,3509
3332,4319
3889,4873
8587,9583
5816,6815
5672,6688
6658,7648
7403,8410
4623,5608
2640,3638
4926,5921
5994,7006
9392,10387
2768,3773
6956,7953
4086,5076
1195,2199
1916,2906
5700,6683
523,1506
785,1804
4704,5696
6154,7159
953,1956
5546,6556
2427,3435
780,1798
8034,9044
6707,7696
7583,8597
1870,2863
3986,4988
7023,8028
7606,8616
9311,10310
563,1557
3535,4536
1960,2955
5545,6533
2167,3152
2056,3050
4129,5146
1402,2411
1825,2806
1523,2516
1954,2961
3620,4627
2316,3303
2181,3184
1386,2367
6703,7698
6778,7758
2604,3610
6420,7412
865,1869
3373,4371
3436,4429
4680,5687
5358,6338
543,1554
3599,4593
5884,6887
8068,9070
7441,8459
8550,9535
1942,2938
3597,4603
1079,2085
4933,5949
7028,8011
3496,4479
6476,7481
4284,5301
2300,3280
1912,2898
7893,8874
1278,2269
6587,7577
5556,6551
1802,2782
9873,10891
675,1693
9695,10687
7349,8334
4041,5045
5750,6769
8611,9625
6778,7780
5608,6599
5846,6850
9635,10626
6588,7571
7891,8902
3604,4592
7419,8404
2425,3406
8385,9378
6823,7827
3859,4844
1671,2654
2137,3118
5273,6269
5595,6596
9041,10028
274,1285
2352,3369
299,1317
5910,6924
7649,8663
1628,2615
404,1387
7073,8065
6502,7520
3503,4521
4661,5663
5593,6586
8261,9249
3698,4716
305,1322
8998,9999
2319,3318
4730,5727
1904,2917
8746,9753
8411,9410
5482,6479
4963,5943
3930,4932
3134,4142
8318,9308
5135,6117
5625,6642
1910,2910
9193,10205
4229,5230
7073,8062
5972,6971
3042,4052
8287,9299
3401,4411
4930,5939
8879,9887
1250,2254
3243,4225
1084,2087
4805,5808
6615,7603
2871,3866
5347,6328
2653,3655
3943,4961
8478,9469
7498,8517
9470,10483
7422,8414
7953,8955
9085,10065
478,1463
1218,2203
3969,4968
6436,7442
5386,6381
8234,9249
7034,8028
9037,10047
7965,8961
8467,9476
2560,3570
6548,7550
3145,4125
1380,2370
5050,6044
3841,4830
8024,9004
2386,3372
728,1725
4724,5729
3114,4118
6877,7860
278,1291
2381,3364
7576,8574
5382,6382
4424,5412
350,1339
5716,6733
6795,7803
8251,9236
265,1245
5857,6860
7023,8010
9491,10503
1539,2545
4768,5774
3172,4177
7369,8351
711,1699
1071,2086
9507,10518
2617,3619
3760,4755
1894,2898
9989,10972
3454,4465
6523,7522
7367,8347
3636,4625
5872,6864
5566,6547
3061,4057
3978,4980
5311,6315
6583,7564
6477,7473
7668,8668
7910,8912
3449,4465
5714,6723
4820,5802
4005,5016
4410,5409
9341,10354
637,1632
442,1453
8278,9293
758,1758
5974,6963
5353,6347
3777,4765
309,1293
5879,6868
7498,8492
5618,6618
1230,2238
9066,10050
750,1768
9493,10501
9790,10797
4726,5719
4574,5584
7867,8859
5576,6573
5495,6496
8169,9172
9564,10577
6220,7206
1810,2821
2280,3274
8961,9947
5393,6397
2504,3503
6876,7860
3736,4721
7447,8466
6978,7972
6906,7899
6367,7351
8909,9899
6787,7780
2890,3909
7253,8266
9603,10585
3737,4726
3730,4736
1018,2017
8921,9904
8871,9878
7711,8712
7956,8941
924,1915
3154,4161
1760,2774
6276,7261
8250,9259
2633,3616
704,1688
2346,3327
6617,7613
4548,5554
3816,4832
4140,5158
9485,10484
385,1376
7713,8719
9570,10580
5342,6355
7023,8013
2807,3825
2941,3924
3986,4978
1278,2274
1836,2843
6362,7370
2714,3713
8330,9318
9981,10986
9339,10343
821,1812
9801,10793
7411,8407
3858,4855
6256,7271
2190,3199
3717,4705
135,1146
3222,4235
7157,8175
3859,4855
7467,8471
6838,7818
9644,10644
8747,9756
5704,6719
6396,7406
4272,5282
4548,5557
6921,7921
189,1172
7029,8028
3303,4300
8994,9990
7532,8526
4321,5338
3384,4390
4806,5825
3286,4268
8729,9723
1784,2791
7855,8871
1607,2614
9537,10521
2857,3864
3853,4837
6003,7002
370,1353
2854,3865
1761,2777
3559,4542
4964,5974
1810,2818
2573,3587
5467,6470
1489,2503
5055,6073
5988,6982
1199,2193
4487,5468
4897,5902
718,1705
3630,4617
804,1798
349,1330
3918,4923
5311,6307
3998,5006
2243,3223
9210,10218
224,1240
9178,10167
9066,10074
4637,5645
4696,5702
5261,6268
7161,8163
1821,2820
2505,3493
2619,3630
9488,10475
4861,5871
6070,7075
7815,8811
783,1796
5228,6239
6225,7241
3831,4843
8792,9789
7220,8238
2894,3913
64,1063
5856,6874
5596,6598
205,1199
5214,6197
2225,3228
6926,7933
4798,5817
4877,5869
65,1081
9269,10286
4078,5074
6987,7993
1270,2282
7185,8176
8502,9505
1022,2007
3817,4809
4352,5340
2763,3756
3441,4421
4211,5224
8721,9701
5156,6146
6769,7762
6983,7969
2215,3223
6815,7824
6025,7031
4828,5840
898,1905
3324,4331
1188,2181
8630,9641
8432,9416
7802,8793
9900,10899
3432,4449
4868,5850
7949,8945
954,1950
1626,2618
4867,5873
4022,5040
2904,3903
6505,7489
1338,2339
7101,8082
9999,11001
5445,6462
199,1182
4047,5054
8133,9124
4232,5238
814,1810
268,1275
3166,4162
3443,4462
3269,4251
8050,9034
7378,8379
6919,7938
3308,4304
2094,3102
9458,10475
2309,3316
2079,3083
1174,2160
6577,7562
8583,9592
3294,4301
8339,9328
3280,4282
2406,3400
8464,9449
2724,3707
6594,7591
8952,9964
5809,6803
4171,5176
8828,9841
9580,10588
4588,5571
877,1871
2568,3556
1715,2713
694,1706
5084,6103
2055,3044
372,1364
5250,6238
5182,6182
3001,3990
915,1928
9134,10139
3158,4147
9734,10719
838,1820
4110,5118
5508,6500
3110,4106
1133,2123
104,1096
9599,10614
6618,7601
3628,4637
2781,3774
1627,2610
9188,10194
944,1933
7603,8608
6224,7221
3125,4112
7355,8353
2074,3072
3524,4510
245,1244
1635,2619
5136,6119
1975,2981
6693,7694
951,1953
3991,4981
7736,8719
2241,3248
9415,10433
6303,7316
4935,5932
8822,9830
9568,10565
6893,7899
7233,8232
1207,2200
7646,8662
6899,7911
3567,4577
3542,4536
8484,9494
8800,9803
7199,8210
2156,3170
1978,2991
1541,2559
1850,2838
3042,4055
5196,6202
4808,5789
1831,2844
4664,5663
2298,3304
7461,8454
6633,7639
6433,7418
7980,8984
3302,4294
4085,5065
7335,8332
6815,7814
1567,2576
549,1542
4207,5216
8845,9851
948,1963
1728,2727
8083,9101
6009,7003
7518,8531
3245,4234
4082,5089
6798,7802
5505,6487
8132,9115
4964,5963
6747,7758
3077,4069
9388,10380
2148,3157
6422,7434
1130,2143
9658,10668
5053,6041
753,1763
1762,2748
6433,7420
9055,10035
1263,2251
4792,5773
9038,10040
1718,2720
6759,7747
4318,5304
172,1162
4647,5663
4118,5136
8718,9722
3126,4109
1024,2012
8728,9734
8206,9222
5606,6591
9424,10405
7955,8940
9822,10816
6794,7774
3465,4477
9323,10305
8980,9969
7679,8694
2222,3225
8729,9716
8197,9214
5199,6196
2607,3626
7616,8599
3756,4762
1828,2815
1802,2797
3653,4646
6298,7290
1296,2314
5784,6784
9315,10299
4556,5562
3716,4731
9725,10730
9978,10978
1502,2507
7005,7995
122,1138
690,1670
8337,9344
8291,9297
7608,8620
9934,10937
7868,8874
7981,8991
3993,4981
7567,8582
9846,10837
9844,10846
946,1963
786,1793
5130,6111
5529,6515
1183,2165
7197,8185
5666,6660
7401,8405
5775,6775
3987,4967
178,1196
9782,10766
5222,6221
6408,7397
7273,8274
4951,5962
5423,6423
5761,6775
8868,9873
2182,3186
8208,9193
7579,8565
7316,8309
7958,8948
2961,3972
4609,5601
4844,5863
8210,9190
8366,9359
333,1338
404,1401
7447,8440
9025,10043
8560,9541
3679,4680
1224,2238
559,1554
5917,6912
6860,7843
1407,2393
3918,4933
8194,9211
1655,2666
1518,2498
5076,6065
4009,4995
5207,6222
6760,7744
3695,4700
8029,9041
3605,4623
2093,3096
4665,5667
6986,8001
6443,7459
1128,2143
3422,4431
5904,6907
5699,6690
7993,9003
5444,6458
5808,6816
5565,6555
313,1313
4910,5907
1506,2510
7047,8056
9130,10127
5927,6926
683,1686
4732,5745
8052,9047
6658,7642
5098,6080
7551,8537
4722,5705
7457,8470
2322,3319
5083,6085
5142,6127
3613,4615
6373,7358
6257,7270
3176,4193
295,1314
328,1338
3089,4102
1569,2561
2384,3392
7075,8066
979,1970
3414,4415
6102,7092
3874,4879
4526,5506
6457,7462
9620,10604
8513,9510
1331,2333
2066,3059
3693,4688
7063,8065
6717,7697
5978,6990
7404,8422
3317,4332
1595,2592
2157,3150
2118,3128
4525,5538
8618,9614
8388,9394
1823,2840
3613,4604
4137,5132
7681,8688
4170,5156
8367,9386
1414,2417
175,1156
3013,4032
5137,6123
9983,10994
8342,9343
2985,3965
9109,10125
578,1587
6569,7569
3576,4584
8732,9724
1001,1981
5385,6402
8036,9030
4391,5382
3695,4691
5861,6875
7365,8368
7412,8401
2826,3811
9806,10788
6865,7850
5995,7012
1104,2120
6440,7439
9170,10183
5329,6314
3797,4782
6214,7222
7653,8640
2951,3944
5434,6449
2934,3951
4434,5440
4145,5135
9323,10311
3518,4520
7386,8399
3552,4555
8784,9788
7503,8486
8969,9978
2635,3652
5442,6453
6564,7575
7290,8279
5096,6103
5438,6451
6173,7169
9169,10161
2068,3060
3848,4844
4145,5136
5934,6935
5906,6917
8233,9215
1661,2644
4447,5458
494,1500
2177,3167
8631,9644
8732,9734
686,1681
2691,3684
6375,7358
3578,4594
4168,5159
5395,6386
522,1514
4643,5653
2774,3793
4781,5770
47,1056
5985,6994
4999,6007
9371,10361
3383,4393
7965,8954
7583,8589
9861,10852
3634,4620
5035,6040
8728,9733
7169,8186
9934,10950
9173,10169
5565,6560
9015,10015
195,1179
5850,6835
9392,10397
7004,7997
6273,7278
6776,7782
2221,3222
8583,9589
1090,2076
6532,7536
3168,4174
9330,10331
2547,3549
9768,10777
4812,5806
1781,2790
6399,7394
3514,4513
808,1809
4688,5693
3423,4411
6101,7111
4897,5907
2452,3434
3051,4049
5205,6193
8950,9939
93,1087
3586,4587
5225,6235
5640,6638
7155,8150
85,1102
2814,3811
8264,9249
5909,6892
9568,10548
4263,5272
1981,2998
5553,6535
1096,2077
1067,2051
2647,3631
6,992
4478,5487
1290,2309
1616,2600
2566,3571
6666,7667
7759,8749
918,1912
3792,4791
7107,8092
9871,10882
2939,3952
1906,2901
1508,2511
4262,5244
7275,8280
7059,8064
1113,2102
1303,2312
1650,2632
2693,3678
5964,6978
6819,7812
8031,9018
9407,10410
304,1296
7874,8854
1082,2092
5504,6494
1637,2618
5948,6941
7648,8645
4931,5922
2964,3973
1249,2235
693,1699
1320,2329
3592,4582
2824,3815
2728,3713
8868,9855
7772,8791
8252,9266
2875,3894
8123,9129
3491,4501
3988,4990
4806,5807
9665,10666
5502,6517
5881,6876
9037,10030
9639,10652
6577,7586
7934,8940
9553,10562
7015,8003
6663,7681
9254,10236
4143,5126
5006,6010
9979,10985
3744,4749
9785,10787
1978,2987
135,1126
6494,7485
8904,9921
8590,9603
5046,6055
2056,3054
8503,9510
4717,5713
2149,3130
2131,3131
7958,8946
2206,3203
3981,4967
6933,7945
7834,8816
7860,8859
8004,9012
4517,5513
3075,4080
7156,8163
3537,4535
8645,9650
5299,6316
9087,10098
1305,2289
6493,7473
6504,7508
8131,9132
2428,3439
9080,10095
5316,6333
1290,2302
9446,10454
3116,4119
9393,10391
8290,9292
6312,7308
4224,5236
4097,5081
8185,9187
3398,4389
3685,4689
5137,6130
5883,6890
4706,5706
7117,8113
8004,9009
5193,6205
968,1974
4723,5731
5339,6340
8154,9170
3783,4802
476,1478
1514,2522
2432,3434
1865,2869
6921,7920
6815,7806
4365,5382
3072,4066
3043,4054
2220,3205
6005,7015
600,1596
6235,7238
7160,8163
2901,3887
5208,6216
3017,4028
1402,2405
2311,3303
8357,9349
4382,5379
9110,10106
8510,9504
1230,2211
2802,3814
9815,10802
9386,10371
4962,5950
1568,2571
1338,2342
5195,6177
2033,3052
6749,7735
621,1638
8881,9865
839,1823
2098,3082
604,1621
3003,4005
6358,7345
985,1971
9689,10685
4177,5192
8830,9822
1523,2540
9786,10785
6960,7942
1110,2108
1840,2859
3026,4022
4674,5656
872,1857
4717,5704
3447,4452
8682,9676
6032,7047
8530,9542
4011,5012
1550,2539
7061,8076
7032,8051
8424,9408
8670,9660
7528,8525
1380,2391
915,1900
5894,6875
4332,5321
9483,10485
8419,9410
5830,6821
1109,2110
3173,4169
5557,6554
4107,5107
4203,5190
4516,5496
8840,9826
7760,8745
4565,5564
9141,10145
6063,7063
4429,5432
659,1658
7139,8123
4945,5942
6666,7681
7352,8363
296,1276
6701,7698
9789,10803
2759,3752
556,1537
1637,2638
3265,4272
3133,4133
9509,10496
9311,10326
194,1196
5252,6245
7599,8590
5084,6088
4340,5359
4076,5081
1663,2667
7639,8645
414,1416
5155,6173
8346,9356
1313,2308
1859,2862
1305,2310
1736,2720
663,1646
8929,9948
2987,3984
763,1775
2632,3647
7313,8316
1499,2487
8485,9488
5636,6626
816,1814
2107,3126
7642,8631
9097,10114
5336,6325
9209,10198
9162,10177
4918,5911
5789,6784
4584,5576
8308,9305
967,1978
9593,10599
9324,10312
4057,5071
9720,10733
9299,10283
6860,7876
6473,7458
835,1843
3304,4323
5355,6367
1300,2305
4169,5163
7899,8915
6368,7363
5835,6821
2718,3712
1482,2483
1325,2316
9005,10009
9818,10801
5597,6586
6395,7379
8235,9239
9865,10846
1047,2055
9910,10912
2982,3971
2855,3849
954,1934
5054,6048
5319,6315
5134,6135
1587,2571
5253,6270
248,1238
9496,10501
7124,8122
8858,9853
1596,2593
4856,5874
7174,8161
9500,10491
3545,4533
7285,8294
9933,10937
1476,2468
1643,2646
1388,2385
1102,2097
7685,8672
2896,3913
4317,5327
4015,5018
1065,2078
7117,8100
8652,9636
43,1049
2668,3669
86,1104
8167,9148
8522,9518
2927,3917
8820,9810
4674,5663
2340,3329
7035,8044
1301,2286
329,1321
6304,7290
252,1265
9951,10934
6345,7356
6810,7815
2638,3656
35,1050
3657,4671
6754,7743
9233,10248
4360,5377
1352,2346
4529,5536
6039,7050
4674,5673
3403,4415
8672,9676
2893,3900
1107,2110
3303,4307
3488,4476
6886,7872
6595,7597
1847,2835
6858,7877
8226,9207
3961,4963
3922,4941
169,1175
1171,2183
8203,9217
6421,7408
3049,4036
1331,2315
6501,7516
7258,8272
6498,7514
3150,4139
5364,6359
6966,7958
4875,5891
1262,2242
6721,7701
6674,7691
6721,7730
9930,10918
8012,9031
9300,10311
2154,3149
124,1136
9669,10675
4463,5464
2429,3439
9166,10180
5579,6586
4132,5136
3420,4436
140,1157
6613,7632
2898,3899
9008,10015
5288,6289
7635,8650
1958,2954
1306,2310
6677,7668
3581,4574
6644,7626
5211,6191
798,1817
5115,6130
4312,5330
9778,10760
9209,10220
8830,9825
1262,2279
6250,7240
5023,6028
2020,3006
6184,7174
448,1451
9978,10992
4511,5518
8586,9573
3789,4801
7830,8838
5356,6356
5661,6643
8506,9519
8421,9432
7582,8565
6799,7805
6502,7513
1081,2087
512,1508
6468,7487
6239,7252
8027,9015
5675,6664
3278,4264
9258,10239
2557,3545
300,1281
751,1737
6288,7295
4683,5673
4675,5656
8109,9109
5669,6685
6182,7184
3435,4451
1414,2402
8932,9924
3473,4483
6029,7042
6919,7906
8736,9737
9116,10109
2320,3309
6094,7093
8915,9906
6628,7613
131,1137
3741,4754
6499,7510
7101,8110
1327,2318
4047,5051
1359,2374
8217,9211
7027,8036
3787,4786
5044,6035
4009,5004
916,1928
9963,10952
3450,4452
8164,9173
3999,5013
2202,3201
6134,7120
1514,2516
765,1780
9885,10898
9231,10233
3182,4188
826,1830
1649,2652
938,1948
5559,6577
6424,7423
7628,8635
6308,7302
7230,8211
7876,8880
6289,7293
4111,5130
9565,10552
7191,8176
8437,9444
2778,3795
4668,5665
4721,5725
9587,10590
802,1789
6525,7527
2544,3552
6473,7479
6729,7729
8289,9281
4107,5126
5719,6738
2926,3943
4858,5872
3706,4725
3593,4604
7826,8842
6956,7945
2362,3373
4087,5091
7763,8779
3690,4692
6825,7838
5100,6087
3536,4528
9555,10549
1630,2614
4004,4992
5449,6440
4542,5542
6107,7126
7518,8537
1291,2280
8850,9845
9920,10900
8693,9707
1010,2010
4968,5984
2061,3058
6623,7634
3552,4569
1790,2804
5064,6060
2598,3601
4155,5141
8538,9530
7737,8742
4854,5870
4742,5733
7841,8847
8455,9456
7712,8724
7814,8820
5309,6326
6711,7724
6810,7814
8082,9088
1873,2872
5988,6990
15,1013
2024,3011
4034,5048
293,1304
8944,9952
3061,4053
3386,4380
9242,10260
9642,10627
8029,9039
2794,3775
5494,6502
1063,2058
2976,3978
7206,8192
4787,5767
8561,9563
1426,2426
6890,7882
7635,8626
3147,4135
644,1642
25,1032
969,1970
591,1583
3780,4782
8222,9234
1329,2344
7691,8695
1918,2917
7908,8914
2518,3523
7248,8260
982,1982
7105,8085
9590,10587
7733,8722
4189,5198
496,1490
990,1996
9821,10819
4774,5754
6015,7028
5431,6423
3458,4470
9418,10402
7250,8237
3663,4674
6651,7644
817,1813
7961,8957
2186,3169
5338,6324
8028,9026
9558,10568
87,1080
4666,5660
5139,6152
8690,9679
9223,10211
4377,5373
7930,8935
8675,9671
6963,7956
5835,6845
2719,3713
6870,7863
5069,6061
7082,8064
6283,7274
4409,5414
6646,7664
9622,10613
3684,4673
9661,10642
7567,8584
8408,9426
8404,9399
7201,8188
5228,6234
9066,10051
5474,6482
5838,6842
3908,4920
9794,10789
2025,3017
3015,4033
8297,9280
2383,3371
7585,8568
8237,9221
6583,7564
2235,3232
1834,2823
7505,8519
7727,8732
2607,3594
6533,7514
8148,9131
4914,5921
1419,2402
3824,4823
1072,2065
7798,8789
3582,4573
4089,5075
9011,10007
8836,9840
7848,8842
7832,8848
9891,10873
6830,7842
713,1705
5621,6621
1965,2954
9112,10125
4978,5989
551,1532
4042,5031
7262,8274
6091,7078
1900,2903
7648,8649
28,1029
111,1091
4506,5520
2045,3058
2748,3735
2811,3814
7662,8665
8955,9974
8278,9267
8026,9041
6880,7864
5620,6613
406,1396
4716,5731
4609,5617
5194,6186
9654,10649
7696,8678
2145,3125
1202,2212
4366,5357
7980,8960
4154,5170
1852,2852
3590,4581
4557,5545
8752,9735
2626,3623
420,1422
1115,2097
8703,9697
9253,10269
2321,3318
1531,2514
7004,7987
2851,3844
484,1486
7179,8198
3496,4509
1808,2789
3152,4155
2118,3108
9360,10346
1134,2132
887,1882
6106,7122
2545,3535
5610,6610
7574,8563
6492,7502
7036,8016
1742,2750
938,1938
8446,9427
6891,7884
6139,7124
3770,4767
4933,5929
9626,10641
8894,9877
6897,7897
8151,9159
3447,4431
2377,3369
2370,3358
5043,6048
6075,7077
7142,8145
873,1880
4427,5412
2324,3336
4529,5545
3527,4534
7690,8698
350,1332
4769,5771
2682,3694
2853,3843
1764,2770
2028,3036
5455,6436
72,1080
4014,5024
2817,3807
6925,7922
2744,3724
7603,8606
8599,9605
8606,9599
5614,6631
3146,4146
2903,3902
9998,10992
1967,2976
2650,3663
4325,5330
6098,7100
2083,3097
6271,7271
2034,3018
5146,6143
2504,3512
2047,3044
9186,10198
3672,4678
1548,2544
2281,3268
516,1506
5460,6455
1081,2077
6958,7948
8032,9015
2415,3416
1007,1993
6019,7003
3093,4091
4270,5287
6916,7907
7011,8004
455,1435
8094,9105
4053,5057
4645,5644
4774,5765
1547,2542
9137,10150
9261,10265
7435,8443
8639,9642
3501,4499
7052,8070
2047,3047
9562,10554
8112,9108
9405,10414
6331,7344
4822,5814
5774,6769
5157,6157
4484,5501
9178,10184
5913,6898
8421,9431
9518,10509
3746,4734
6089,7069
4480,5486
8171,9151
8859,9840
7931,8915
4927,5928
650,1649
1892,2875
1047,2053
4892,5898
248,1228
952,1950
1006,2007
3494,4474
4465,5469
6431,7422
5956,6956
5279,6280
6630,7610
2154,3151
8766,9774
9410,10390
7388,8396
7462,8456
9375,10386
4208,5223
6463,7459
5348,6355
8055,9059
747,1731
1912,2921
9276,10257
5329,6348
629,1633
5338,6351
5913,6913
3354,4343
2676,3665
1477,2470
9804,10821
8079,9091
9555,10548
1376,2370
1107,2097
2627,3640
2032,3047
2448,3460
8306,9318
505,1504
6871,7882
6483,7494
5917,6905
2515,3502
841,1837
6338,7329
984,2000
5689,6674
1124,2114
6570,7579
2445,3439
2313,3330
4060,5065
7858,8846
8784,9772
9004,9990
4960,5948
710,1696
9801,10782
4985,5998
4632,5640
6308,7305
7679,8677
9203,10202
7659,8659
4125,5143
7238,8234
7876,8893
5233,6221
7217,8217
1520,2523
2966,3976
8883,9897
2860,3844
9091,10110
741,1736
759,1741
91,1092
6221,7236
3662,4664
8253,9252
2651,3662
8571,9553
6225,7207
502,1490
508,1527
9754,10734
2636,3652
8523,9529
2544,3561
544,1529
8478,9489
4871,5878
6896,7887
8016,9003
537,1526
5098,6104
1751,2749
4530,5521
3121,4132
821,1824
9655,10655
7911,8903
582,1569
9033,10018
2339,3320
358,1342
4694,5675
5703,6692
9970,10972
3733,4736
4712,5696
1391,2388
3430,4425
1305,2300
8213,9209
4580,5592
706,1718
5068,6056
6670,7689
1345,2338
9128,10110
7176,8172
8154,9138
7080,8060
6066,7077
8711,9695
9853,10857
693,1704
9800,10788
8533,9552
8254,9253
8851,9840
2990,4006
5605,6603
7898,8915
8504,9506
6509,7517
7666,8669
4623,5628
3875,4872
2291,3278
5099,6086
9883,10889
9343,10354
5184,6175
2714,3698
4818,5815
8925,9921
1143,2129
1691,2674
3255,4267
4979,5970
8462,9443
2784,3802
5332,6340
5440,6433
8477,9477
7232,8233
1629,2648
4757,5776
5479,6474
277,1277
9697,10710
9318,10327
2542,3524
3030,4029
8880,9874
9106,10121
3124,4124
5826,6812
1932,2931
6142,7157
9169,10185
9085,10087
3554,4550
263,1259
3969,4971
7814,8816
1931,2920
4503,5488
8694,9683
8310,9323
4793,5784
8242,9227
7657,8650
3044,4039
1007,1994
9712,10719
788,1776
6073,7074
8412,9395
4206,5191
3379,4394
4742,5748
7319,8308
8997,10009
1330,2310
3219,4208
2130,3140
3221,4232
5290,6284
4299,5281
9418,10435
9723,10714
6495,7493
2279,3262
8113,9124
8827,9814
9671,10686
3506,4486
8909,9915
8860,9854
1575,2566
2150,3153
9413,10408
5525,6538
2764,3779
3020,4028
9201,10208
1667,2669
1917,2922
1748,2763
4062,5058
879,1870
8362,9359
7711,8726
2217,3198
8339,9329
9369,10371
6966,7952
8197,9198
6553,7559
1318,2324
2828,3841
6364,7379
7735,8726
363,1363
5986,6969
8971,9957
5429,6423
2425,3412
5368,6384
1074,2068
6796,7802
907,1906
7918,8905
4378,5379
8418,9413
6135,7122
3546,4533
3165,4156
1147,2164
5698,6687
5732,6726
1226,2227
5327,6319
7344,8342
4290,5285
8033,9036
887,1890
3844,4824
3325,4342
9243,10245
3670,4675
7203,8212
6406,7386
6483,7478
2025,3021
6490,7472
3109,4097
6716,7709
7729,8746
5746,6733
9845,10827
9530,10545
5123,6132
6319,7299
1864,2874
9466,10452
1697,2698
173,1177
9577,10581
7262,8264
6479,7473
4762,5778
91,1086
1859,2842
1693,2695
3362,4380
5100,6095
1436,2447
9772,10788
4537,5530
6270,7250
5215,6223
1346,2333
6200,7196
2858,3876
3497,4491
6168,7187
5522,6527
7358,8374
2839,3822
3921,4926
8229,9244
5152,6154
781,1777
5900,6886
501,1519
6248,7260
7324,8335
9799,10791
3537,4551
6272,7263
5004,6003
4811,5792
3435,4441
2184,3199
5138,6157
3888,4891
7982,8965
7953,8943
7320,8324
965,1959
7089,8092
7322,8302
7454,8434
5949,6952
5919,6910
2497,3483
388,1394
6812,7817
8847,9832
6751,7740
75,1090
9364,10372
3086,4093
8346,9363
8509,9498
7154,8144
9357,10337
2172,3166
7064,8066
5775,6775
512,1510
1565,2556
3169,4169
876,1885
3146,4164
681,1699
6950,7945
8539,9533
9856,10875
4042,5033
3906,4905
5446,6430
3591,4591
7955,8966
9755,10755
298,1298
6930,7912
7859,8854
3582,4562
5463,6448
1220,2238
8242,9229
8699,9685
8115,9123
778,1784
8124,9127
1143,2159
7045,8047
2505,3518
6677,7688
4907,5891
474,1461
8500,9506
1688,2695
4164,5167
658,1675
9241,10228
3855,4853
8630,9640
3161,4169
8248,9244
1091,2080
7802,8800
53,1039
4878,5869
5131,6118
2444,3444
2609,3619
5690,6708
8585,9572
8408,9403
1644,2638
915,1914
4329,5321
3360,4352
9002,9994
9876,10867
4313,5331
8752,9747
4639,5658
3678,4690
288,1269
4817,5825
739,1746
9631,10626
1373,2362
7764,8776
1685,2669
2652,3635
2065,3059
6828,7815
6056,7042
4437,5445
3041,4042
6522,7534
8215,9219
4520,5520
2077,3057
7775,8790
3777,4769
4377,5373
2127,3112
7493,8508
6673,7690
5740,6727
3738,4752
5937,6943
8012,9017
5248,6239
6776,7786
6579,7586
1265,2281
8508,9525
6877,7872
2955,3948
1259,2260
9135,10128
2091,3084
6161,7155
7235,8237
535,1553
7007,7989
7899,8896
4504,5505
7137,8126
720,1709
6301,7288
4749,5754
2009,3025
6431,7448
4269,5284
1604,2612
6617,7601
7514,8497
9520,10539
510,1522
4516,5496
3717,4727
6313,7302
1640,2646
1639,2654
2624,3628
5113,6110
568,1580
661,1669
4985,5987
4224,5215
8791,9778
6690,7692
8187,9195
57,1047
8037,9018
8207,9220
4016,5032
8392,9409
4479,5474
8563,9547
5321,6316
9942,10945
2547,3527
6559,7546
5073,6085
6882,7884
7213,8227
5500,6491
7536,8524
7492,8488
5479,6491
533,1527
7955,8940
5468,6487
1467,2482
9536,10539
421,1410
6577,7574
9793,10796
4879,5897
3921,4911
8759,9778
7958,8974
8444,9452
6942,7934
1821,2826
9321,10311
8642,9644
1038,2046
7895,8879
8332,9335
4396,5380
5108,6115
6647,7650
1319,2331
2050,3059
8391,9398
1314,2319
4377,5361
7296,8294
405,1387
4669,5677
1401,2389
8392,9388
5599,6611
4056,5070
5744,6734
5800,6812
7635,8647
9362,10359
2506,3489
2837,3856
6298,7314
7467,8470
4960,5970
6800,7802
5358,6374
2955,3972
9427,10407
6293,7296
628,1617
121,1137
7684,8698
8756,9774
7485,8503
4585,5595
1611,2614
3864,4852
8571,9584
7557,8541
6984,7985
54,1055
1636,2621
754,1762
8311,9315
7915,8906
9148,10149
8415,9416
7768,8748
8111,9117
5145,6156
1069,2068
9979,10986
670,1666
2965,3965
1050,2035
6045,7038
1567,2552
6532,7529
2727,3742
4357,5363
6592,7580
3487,4490
501,1516
7323,8307
1190,2180
9048,10048
9,991
5965,6969
8176,9193
6902,7906
2121,3135
759,1767
6079,7084
7075,8075
1664,2655
5535,6537
974,1973
1645,2626
6554,7566
5930,6915
6340,7356
5813,6822
7035,8017
4068,5054
4367,5364
3993,4983
5059,6056
1490,2509
2115,3110
7107,8126
9520,10539
8729,9717
6491,7489
2305,3299
2106,3110
1237,2228
2915,3895
8445,9431
8406,9414
1609,2606
1921,2907
6186,7176
908,1910
571,1558
8571,9577
7609,8593
1188,2192
2266,3258
8428,9430
8196,9185
825,1814
2599,3605
5550,6542
6703,7690
3153,4141
1592,2579
2648,3642
3767,4754
5406,6393
3503,4500
9319,10323
2470,3457
7876,8884
5756,6767
630,1638
2088,3102
4758,5772
9220,10235
2505,3505
4706,5695
1694,2680
9388,10405
1044,2028
270,1262
9772,10780
1746,2729
2083,3094
729,1737
3049,4063
4573,5569
4791,5772
5581,6572
156,1140
8953,9956
7484,8480
9303,10313
9902,10916
5345,6347
9022,10020
80,1092
8214,9226
7615,8628
5485,6483
2449,3445
354,1349
4096,5112
763,1780
400,1416
1084,2085
3292,4280
1577,2591
9758,10757
2274,3292
4141,5131
9587,10568
4967,5961
9815,10829
1237,2231
7382,8365
7459,8446
6983,7964
4148,5138
2423,3433
8500,9511
5424,6441
2665,3667
9598,10593
7751,8760
6224,7209
5675,6674
5717,6734
4971,5981
9402,10405
7324,8321
5360,6354
7786,8789
5767,6771
2514,3498
5080,6089
5629,6645
3673,4663
1379,2398
6946,7965
3885,4900
6913,7929
2988,4001
4859,5870
8010,9012
2045,3064
7103,8116
5812,6826
6221,7204
3205,4190
2727,3714
6309,7320
5325,6313
33,1028
1074,2080
8857,9868
7207,8215
2526,3535
6317,7311
2043,3033
5212,6203
4197,5186
9485,10490
1855,2860
1322,2326
3817,4815
1480,2466
8295,9298
9613,10601
1190,2199
5156,6152
2572,3562
5607,6591
4819,5814
6788,7804
9918,10904
9626,10616
1869,2853
4927,5917
9265,10282
7966,8982
3622,4633
3203,4205
488,1507
3290,4305
7060,8043
5876,6874
618,1607
8628,9628
604,1591
9762,10768
3809,4798
533,1528
6677,7684
9470,10465
8663,9658
3088,4081
319,1321
601,1600
6888,7871
3157,4175
3970,4987
5547,6547
6285,7287
3281,4283
6865,7847
9093,10088
3220,4205
3611,4622
5879,6879
6962,7970
9010,9992
9770,10783
6452,7442
8001,9007
9823,10821
9241,10233
8131,9113
9765,10765
3520,4534
2159,3169
5005,6011
9795,10786
4976,5970
906,1907
9587,10567
2399,3383
9835,10826
2738,3744
4279,5279
6347,7363
7358,8354
5417,6424
9313,10324
8029,9030
7049,8053
5188,6185
147,1145
4320,5314
4516,5498
7801,8819
3268,4249
1690,2677
3517,4526
5167,6157
7366,8372
9890,10883
3065,4069
4111,5111
5620,6626
7091,8102
892,1873
7391,8387
4672,5664
3826,4834
8593,9578
7339,8332
410,1421
2994,3974
5554,6568
4139,5130
1610,2605
9127,10124
2516,3523
8590,9587
1265,2262
8346,9328
9562,10568
200,1199
3002,4006
6429,7439
5125,6122
226,1213
8940,9943
6721,7718
4975,5977
6556,7574
4473,5464
5070,6089
4049,5066
8841,9823
4900,5919
7107,8097
8304,9300
4065,5081
4075,5069
3341,4343
1889,2899
9385,10365
8974,9961
3070,4089
9529,10513
8029,9009
3969,4984
6495,7498
6658,7667
2705,3703
5225,6208
7803,8810
8973,9991
4978,5980
1684,2698
6927,7927
1575,2574
7437,8430
9535,10548
4636,5617
1095,2090
8500,9484
4993,5987
7594,8585
5205,6188
9663,10649
8646,9656
6721,7729
5702,6714
9330,10324
2240,3237
1897,2886
893,1902
8104,9093
6383,7372
2792,3806
7125,8109
3623,4613
9393,10391
8150,9145
9078,10070
5851,6836
1129,2114
3746,4727
932,1947
4717,5731
8216,9221
8710,9696
9597,10609
1647,2633
7737,8727
1238,2239
5989,6999
8062,9074
5214,6226
884,1887
4434,5449
6141,7149
808,1822
3272,4280
4101,5087
6010,7004
9774,10774
4620,5633
4754,5734
9101,10101
9556,10557
4971,5957
7847,8866
4079,5085
1775,2776
4280,5281
6226,7216
2776,3766
9584,10588
5267,6267
609,1597
2579,3568
7955,8957
4301,5306
83,1066
8737,9731
9668,10654
9769,10767
8238,9255
6713,7707
8766,9767
1490,2490
6955,7969
5030,6047
3633,4620
2789,3795
1228,2230
320,1320
3258,4262
2976,3968
6298,7283
5078,6092
2882,3898
6990,7974
7944,8944
9823,10834
4331,5346
5470,6458
1631,2623
5209,6194
2370,3351
3088,4105
7650,8646
7017,8028
8886,9899
5319,6327
3117,4124
3021,4036
9731,10741
4171,5180
3133,4114
6915,7927
4675,5671
4702,5712
6429,7413
2726,3734
1382,2385
7073,8062
5804,6796
5155,6156
3190,4182
974,1969
4954,5940
7373,8368
5078,6065
8615,9595
2654,3667
4945,5931
8751,9752
5666,6649
7014,8021
4783,5763
9950,10968
4951,5950
1327,2337
2634,3617
5118,6132
6728,7710
9982,10981
2780,3778
7354,8362
1773,2786
6995,8005
6903,7898
7807,8816
1040,2057
9850,10865
288,1288
7064,8076
9506,10498
8953,9951
7091,8075
8402,9401
3561,4545
2963,3949
8059,9065
1367,2367
2496,3488
1383,2396
1477,2471
2373,3391
906,1922
673,1669
7471,8467
9938,10925
5717,6705
7426,8417
3993,5000
2873,3873
2545,3557
3786,4775
7576,8563
3768,4752
2912,3931
6979,7971
7780,8772
6534,7520
545,1528
9423,10403
7162,8170
7637,8620
4900,5881
2904,3911
3427,4407
2641,3622
9181,10162
5302,6300
9839,10819
5434,6428
3838,4826
7586,8592
4764,5774
6518,7514
6555,7562
1553,2567
2796,3815
8265,9276
9112,10112
329,1343
7741,8755
1986,2974
4249,5236
9431,10449
1986,2978
510,1495
1400,2389
3716,4711
1815,2812
5905,6920
4682,5681
8062,9081
7555,8561
573,1566
4308,5300
5642,6652
3452,4440
4210,5200
8670,9671
3267,4284
5618,6617
2458,3464
4748,5766
7589,8605
5688,6679
6591,7580
7052,8070
2344,3334
4699,5686
837,1822
377,1378
5632,6634
2291,3297
8739,9724
6728,7713
7535,8522
2987,4002
7566,8553
166,1180
1849,2847
4355,5342
5773,6777
9182,10189
5125,6117
4495,5479
9187,10197
8733,9731
9735,10715
3740,4732
3403,4409
6072,7060
8226,9226
1036,2041
6703,7714
3023,4031
9520,10509
2664,3675
3128,4147
7746,8756
1633,2636
8228,9231
6802,7821
8120,9126
6034,7050
2571,3558
5700,6696
7123,8113
2929,3932
6554,7565
3665,4668
7951,8954
5375,6372
2403,3417
4580,5563
6413,7427
84378
89549
97378
89399
111071
98892
89094
86376
96615
105884
106998
105713
99231
111543
88639
98260
95231
99465
80681
83576
119861
96822
89844
111253
119315
88427
104652
110854
114937
114060
96509
92336
88505
92056
106325
99553
113281
98851
106332
113943
83185
96070
96278
113205
103051
115714
85659
87788
104575
88113
97653
82491
90233
90883
86357
104483
120270
101597
89017
84555
106372
110166
114573
109378
96829
92956
104255
82274
113413
111310
92798
110565
88192
83103
104527
106952
114186
81821
114170
115344
119150
81474
103774
117031
92141
112014
96983
96914
86281
89113
102454
117291
94660
115759
96152
102145
83118
98090
117823
109331
112436
96822
92347
96806
96978
87982
102526
119582
115652
97447
119548
86717
110452
105841
97016
85163
103389
119986
104312
114375
100112
104536
87871
88369
94096
105123
105057
92982
105718
84401
110048
105743
97417
81970
106332
80483
105796
101495
91466
97487
81742
91683
99043
95364
117228
101067
95183
101768
103666
88036
106230
105919
107680
118215
115307
84169
88669
93560
105941
107516
92677
116510
84847
87192
88638
109290
119386
109600
103853
98696
100225
80722
118533
103441
116900
118671
96928
88959
84226
113291
82559
119092
120349
114017
81421
87676
105467
117791
113259
119356
96708
92718
95481
90627
115197
110265
89804
120062
107393
98179
