4294,5277
4621,5606
6225,7213
4770,5778
9451,10463
5613,6604
8434,9425
6726,7729
966,1980
2869,3886
7772,8764
6250,7267
3371,4370
4182,5183
2922,3918
8638,9639
8151,9156
1117,2120
6268,7269
9739,10756
24,1029
1064,2045
7013,8004
9090,10097
1832,2819
7415,8408
3760,4776
2907,3895
2796,3812
9219,10212
935,1950
3478,4486
2756,3755
9936,10952
4891,5878
8778,9766
6344,7329
912,1902
5655,6671
170,1161
1006,1986
9997,10995
4092,5098
4038,5051
1355,2344
6137,7135
4133,5135
390,1393
2130,3133
3323,4314
9708,10701
6114,7094
1897,2907
1582,2580
5363,6378
6588,7598
4435,5452
6117,7104
6484,7473
8249,9265
6396,7404
838,1830
1331,2349
1146,2142
1402,2410
9232,10251
8587,9587
3561,4543
6700,7694
3065,4058
6954,7954
9387,10402
9268,10255
3262,4263
1712,2694
9177,10182
6934,7932
7496,8514
5842,6854
2185,3181
8663,9650
2929,3948
1299,2287
2188,3201
6977,7987
4177,5166
2163,3161
2368,3384
2029,3024
58,1045
5767,6774
1288,2271
3188,4207
3966,4946
727,1717
4285,5294
8157,9155
247,1261
5947,6965
9856,10843
6612,7606
2571,3566
6061,7073
4663,5658
700,1682
4359,5362
1053,2039
1853,2856
4629,5623
5094,6077
8461,9456
1263,2261
9073,10067
7177,8166
6407,7419
8920,9913
8775,9761
4223,5214
2457,3456
2510,3523
9483,10473
608,1602
724,1722
1880,2898
934,1940
3489,4502
700,1697
4405,5410
6892,7891
1517,2536
5623,6605
3925,4930
6170,7156
9031,10032
7667,8682
5427,6408
7575,8579
6826,7837
637,1620
9834,10850
817,1801
7450,8447
2035,3050
5387,6373
7517,8524
2742,3758
7817,8813
2493,3499
3021,4025
2900,3909
7967,8978
6903,7892
8825,9830
6037,7043
3920,4901
3115,4126
5178,6193
5128,6138
7544,8557
6737,7731
8605,9588
4895,5901
2690,3701
2103,3108
4572,5591
1581,2568
4753,5743
6780,7779
1410,2412
3713,4705
1678,2678
6758,7760
6558,7560
6172,7183
4846,5826
2766,3760
9978,10959
3898,4901
4467,5472
9262,10275
5216,6229
5448,6454
8189,9178
6397,7406
9084,10067
5866,6851
6907,7903
9977,10979
5135,6145
7015,8027
2376,3380
7314,8301
2477,3490
8471,9490
2280,3286
9198,10217
3285,4283
8945,9936
8769,9773
1643,2655
441,1455
536,1552
5519,6522
8088,9068
2275,3269
5421,6422
7557,8550
3482,4487
5999,6985
1509,2492
7154,8160
7129,8139
3636,4640
9180,10185
7247,8245
4214,5228
9315,10312
8494,9493
189,1194
5085,6085
3540,4551
9015,10024
268,1281
3873,4857
6914,7926
9869,10880
1108,2123
8471,9459
3604,4584
3648,4637
9334,10314
2068,3057
3544,4550
2124,3138
9700,10718
9712,10727
301,1281
5252,6248
4286,5270
900,1903
8164,9182
7339,8327
2078,3078
3061,4069
4602,5619
1640,2658
944,1950
3970,4968
7607,8621
1695,2677
4264,5246
6370,7367
8644,9631
187,1177
8653,9665
3019,4033
3707,4713
4439,5423
8337,9323
9853,10866
9934,10922
1406,2404
3964,4972
9660,10640
7963,8949
2412,3429
3666,4653
6902,7907
415,1421
8505,9496
969,1965
7601,8606
8613,9623
4271,5282
9098,10084
4442,5434
3222,4212
1696,2703
2671,3651
9857,10858
3342,4337
1524,2525
2878,3884
331,1317
9720,10716
7815,8822
3034,4018
1756,2762
845,1830
3829,4809
4785,5795
6341,7324
7119,8126
9075,10090
9043,10052
5830,6848
8762,9771
9442,10457
3878,4862
5721,6712
6989,7986
3910,4925
1426,2429
129,1141
8016,9017
461,1457
382,1401
9762,10742
6055,7044
6075,7091
4996,5979
3625,4615
8929,9946
3791,4792
3748,4764
1784,2787
5126,6134
5415,6396
4795,5793
5512,6519
7527,8546
8459,9452
459,1476
9814,10794
1689,2707
1184,2183
2325,3321
6853,7857
4455,5445
4239,5240
749,1746
1516,2520
9908,10903
7345,8356
439,1424
5574,6592
4293,5281
231,1237
5924,6920
1424,2426
2647,3644
2937,3952
1578,2564
1097,2116
8059,9065
4506,5518
422,1432
9213,10195
5593,6576
5916,6919
3248,4255
9002,10004
5538,6546
7421,8402
6586,7587
2627,3628
9044,10056
9171,10168
3586,4573
8657,9656
5355,6357
872,1883
8961,9968
6912,7917
7998,8979
9333,10331
1481,2499
2450,3459
4831,5818
6138,7148
8335,9335
721,1711
6283,7300
6247,7264
9549,10561
7993,9012
9111,10107
1181,2163
5531,6517
5079,6093
408,1404
1909,2921
2711,3691
4644,5647
7499,8494
3315,4328
131,1114
7709,8707
81,1072
6298,7299
4029,5029
1781,2799
3,1019
1546,2563
3992,4987
3602,4621
6314,7305
1169,2160
7501,8489
2299,3286
5651,6632
5162,6171
5029,6041
8376,9381
2401,3405
4843,5828
2764,3766
6664,7663
5101,6091
1246,2229
3910,4919
5791,6793
8908,9923
8615,9622
3244,4236
1979,2967
8348,9366
1746,2727
9326,10335
3521,4526
2006,3007
7820,8823
4808,5802
8351,9369
8829,9821
7461,8472
8572,9567
8061,9067
3391,4409
8373,9358
1166,2185
8728,9740
7259,8268
630,1634
6079,7092
6703,7692
1131,2121
472,1467
2591,3583
9377,10371
90,1103
5814,6810
2780,3766
2516,3505
5877,6873
2220,3228
4872,5866
371,1371
1070,2079
7347,8333
8878,9858
6216,7232
7169,8173
3499,4492
3193,4189
9588,10575
6654,7636
7618,8616
7808,8801
7390,8393
9988,10975
3901,4888
6173,7173
6391,7388
8181,9189
430,1418
654,1636
2036,3055
5976,6956
8736,9732
5842,6839
2977,3972
5934,6918
2214,3214
4848,5861
8471,9472
7406,8395
8570,9564
1756,2758
9781,10787
561,1576
6610,7602
7898,8880
2137,3136
9789,10801
190,1193
8265,9281
9649,10666
3219,4202
4434,5421
6170,7151
6645,7625
7645,8642
1986,2984
1323,2313
9375,10367
6853,7857
1134,2145
6210,7219
6139,7146
5037,6031
9485,10485
9003,9986
8104,9085
4424,5410
156,1143
8486,9487
7902,8908
9457,10459
499,1481
4211,5221
8699,9701
5406,6397
620,1605
9142,10133
1550,2563
8451,9449
8634,9648
3452,4436
8915,9924
1553,2564
9275,10277
5651,6646
2624,3643
3410,4404
8122,9139
87,1080
5425,6419
9192,10202
9948,10932
33,1035
4345,5330
4392,5372
6574,7568
7124,8112
3891,4905
6147,7141
3788,4788
1820,2819
4669,5677
6346,7330
5074,6061
1882,2885
7887,8894
8810,9828
7779,8762
2337,3327
4139,5150
1100,2098
5234,6243
5935,6919
8624,9629
3516,4498
473,1453
7964,8959
9120,10135
2745,3756
7385,8397
5768,6773
2562,3551
8097,9096
4337,5345
1751,2754
8530,9535
5635,6642
4569,5557
3635,4631
7832,8813
5991,6992
8027,9022
3912,4911
3140,4156
6677,7691
782,1801
8225,9228
4358,5367
6526,7506
8457,9459
2256,3249
1340,2337
8861,9845
9797,10786
8541,9560
2556,3559
5349,6361
6804,7808
7194,8182
4479,5474
3565,4567
5012,5995
1411,2411
9195,10207
4254,5235
8276,9258
9401,10409
2770,3769
523,1524
763,1766
550,1564
9932,10935
7919,8913
1697,2703
7965,8950
5167,6162
7818,8835
5956,6937
8873,9863
4643,5654
5718,6732
4293,5307
1060,2048
7947,8964
6503,7522
6127,7144
2058,3050
4426,5427
6625,7635
9978,10986
6041,7054
8667,9668
6528,7543
8466,9462
3634,4629
544,1539
989,2006
9890,10882
7326,8321
2914,3898
312,1320
2790,3799
2068,3054
2748,3748
7376,8359
8758,9772
1042,2059
9207,10224
5404,6404
9526,10540
6698,7686
3875,4891
2323,3317
793,1804
2305,3314
7205,8204
8885,9898
2778,3785
1529,2528
3870,4886
2689,3700
8924,9905
2229,3234
3847,4841
4838,5824
1954,2967
9495,10479
9619,10603
9299,10292
545,1536
6157,7166
8550,9548
9072,10064
9825,10823
6125,7128
8913,9904
4429,5424
2574,3573
1064,2059
3681,4674
7999,8982
1291,2284
7333,8317
9390,10370
1322,2305
4837,5818
4473,5473
1150,2161
4746,5757
2563,3564
9153,10158
6535,7543
2604,3605
4194,5195
7283,8278
3317,4314
8841,9828
732,1735
1743,2733
8900,9881
121,1122
9388,10370
5165,6169
5394,6405
7687,8701
7245,8237
3845,4853
5577,6560
8526,9508
6177,7157
8125,9136
7815,8829
4597,5612
9632,10641
6938,7922
1345,2326
3955,4959
732,1719
521,1507
9197,10189
6454,7464
552,1557
9775,10763
4843,5840
7312,8303
6036,7022
8564,9549
8996,10014
405,1411
432,1443
5174,6193
6361,7364
583,1568
6875,7863
4726,5731
4666,5649
6229,7233
7959,8958
1131,2143
2539,3542
8237,9250
1386,2372
1771,2771
4128,5139
4170,5164
1540,2559
9095,10111
3779,4788
8134,9142
9039,10033
4813,5819
968,1964
7747,8735
4165,5171
3366,4355
25,1016
2185,3167
3844,4856
9162,10149
7890,8892
7086,8067
7941,8951
6652,7651
9226,10221
3084,4075
2310,3304
9302,10298
7191,8197
5286,6284
1290,2280
9386,10387
4464,5480
7090,8076
4056,5053
4818,5824
3679,4679
7852,8835
3908,4922
9722,10719
9984,11003
5882,6866
724,1706
3790,4807
6517,7519
238,1236
830,1817
9845,10858
616,1596
6753,7748
2916,3935
1465,2451
4243,5224
2070,3056
6528,7513
9123,10124
9087,10089
5065,6055
8884,9877
7076,8060
5485,6500
887,1886
4822,5820
4230,5233
9595,10612
8561,9553
9654,10660
8774,9786
8743,9756
429,1426
6831,7837
1662,2653
9876,10892
956,1938
9567,10570
9770,10752
9844,10853
1989,3003
8176,9161
7530,8546
5167,6160
4088,5104
292,1306
4896,5890
8240,9226
2654,3669
6395,7380
4005,4987
6569,7569
6672,7667
1028,2014
5026,6038
6130,7149
3188,4201
8515,9517
1221,2217
3592,4584
8466,9473
6685,7703
2171,3171
9624,10639
999,1986
8312,9303
2018,3019
2595,3583
8786,9790
8648,9629
3496,4504
2558,3544
1156,2138
10,1025
7991,8999
4480,5470
7609,8611
8717,9728
4147,5156
3668,4670
5898,6884
6999,8012
3561,4561
6068,7052
8249,9231
7448,8440
5690,6683
8438,9433
9850,10867
6089,7107
2956,3973
6457,7472
7299,8293
5807,6817
8177,9162
5581,6563
5028,6020
4210,5195
3998,4990
4522,5537
3995,4980
214,1210
5270,6269
1807,2821
3660,4658
7583,8576
1809,2795
8671,9652
9564,10576
9197,10199
7106,8109
1784,2767
2284,3272
6080,7089
5091,6106
2591,3593
9093,10074
9146,10144
6999,7991
2017,3018
7747,8728
3612,4593
8430,9449
8844,9837
4441,5459
548,1550
4416,5415
4544,5558
7170,8159
5615,6606
9311,10311
6,1014
4031,5015
7361,8356
8199,9206
1926,2907
8315,9300
9860,10857
3669,4661
6314,7308
7606,8603
8464,9452
8488,9503
8453,9446
1420,2433
652,1653
7690,8677
666,1650
8907,9924
3483,4469
6600,7591
4357,5362
4442,5457
77,1073
2619,3626
9076,10086
1485,2498
8712,9696
9208,10210
1627,2611
5191,6194
9069,10063
347,1339
6319,7322
867,1849
4977,5967
5403,6421
3837,4822
1374,2372
5367,6364
5673,6654
2032,3022
5913,6918
3797,4777
9213,10209
9600,10618
7450,8455
6462,7475
3927,4942
4185,5174
4820,5839
3909,4916
5937,6928
9274,10258
9353,10356
23,1037
4785,5799
7311,8300
1852,2859
617,1613
4392,5403
2327,3345
8838,9839
5707,6695
9340,10358
7814,8804
9427,10416
7960,8973
9669,10688
2160,3155
4089,5091
219,1227
6075,7057
2754,3757
7536,8547
85,1088
5857,6844
7515,8522
5931,6949
5576,6570
9033,10032
9549,10561
6126,7111
9864,10873
1445,2441
2493,3485
8135,9126
6149,7152
5012,6007
7361,8364
6347,7361
7457,8438
5788,6805
9952,10961
9456,10456
9934,10944
6001,6988
9919,10908
3058,4044
8010,9000
3215,4205
9397,10404
9158,10169
1378,2372
1274,2267
2608,3594
6630,7621
3606,4603
8489,9473
7847,8862
9270,10261
7160,8172
3811,4815
408,1413
3626,4621
1920,2936
7942,8944
6197,7205
1867,2874
2074,3067
3630,4614
3534,4528
7027,8046
3009,4018
497,1502
9804,10805
3281,4271
6274,7279
3353,4355
2816,3813
8020,9034
2368,3381
2921,3902
6615,7606
8492,9511
6469,7473
5164,6144
2956,3937
3134,4130
8564,9547
7269,8286
6451,7438
9448,10441
9598,10612
86,1105
3195,4181
2803,3787
1704,2719
9707,10702
1604,2623
8974,9970
1093,2090
4303,5309
9220,10210
568,1570
823,1839
255,1244
9586,10568
9468,10461
1898,2885
69,1084
5396,6414
6034,7048
6601,7593
3533,4542
7930,8933
1095,2106
3715,4709
8028,9009
8322,9310
5542,6555
8852,9866
4397,5378
940,1920
5970,6951
8533,9513
3708,4695
8041,9054
5056,6071
1828,2834
38,1026
511,1520
5738,6749
9586,10584
4548,5549
3917,4906
8377,9363
6872,7857
2427,3426
9414,10416
7284,8303
2670,3666
8289,9300
5009,6004
7612,8599
5121,6113
3974,4982
2507,3491
5051,6041
5360,6356
7152,8145
29,1014
2975,3994
2077,3061
8346,9328
3265,4272
9753,10764
1969,2949
2640,3650
9400,10400
2587,3581
6495,7489
3266,4258
8597,9599
7095,8101
5445,6442
5484,6503
7546,8561
9982,10971
8472,9491
1916,2899
2255,3253
8,988
7937,8949
6706,7705
2036,3048
4600,5586
8481,9462
6267,7275
3478,4477
1104,2093
1116,2129
4840,5852
8660,9663
8677,9670
1725,2716
5111,6129
5078,6085
5428,6428
5956,6971
28,1036
694,1707
7872,8880
9085,10078
7158,8175
1644,2657
278,1289
6399,7400
1701,2690
3347,4334
368,1362
9199,10204
1258,2246
1845,2830
6115,7120
7973,8979
9867,10864
6290,7284
7697,8702
6205,7194
6764,7750
2442,3426
8060,9049
3601,4601
2583,3572
1019,2032
3184,4181
8857,9861
5471,6471
9197,10179
737,1729
5206,6203
6790,7775
5188,6198
7167,8173
4905,5909
5783,6789
4792,5802
1186,2196
1380,2366
5881,6896
9921,10939
3311,4330
2299,3288
7580,8562
3451,4469
1080,2065
678,1672
8093,9077
3321,4324
9845,10849
5201,6201
2202,3213
7592,8576
4677,5687
1568,2587
8640,9651
9121,10136
8398,9399
9650,10645
8144,9159
9856,10846
9914,10922
1884,2880
3387,4400
6231,7242
5126,6120
1081,2062
3734,4748
3283,4277
3007,4015
6091,7103
7446,8447
6263,7249
1843,2861
5324,6339
2894,3876
6415,7397
2383,3392
4334,5348
7146,8138
7227,8222
1040,2039
766,1769
7489,8491
7277,8264
5890,6909
817,1836
5397,6380
5935,6928
3769,4751
2012,3031
9788,10799
945,1941
1621,2632
4818,5824
1061,2063
9517,10503
7528,8538
2411,3430
1124,2118
168,1185
5807,6818
6170,7183
8994,9996
9553,10564
6126,7120
415,1414
5183,6179
4,1022
7368,8383
8980,9962
7213,8212
8041,9025
4868,5849
1717,2705
3212,4221
3161,4147
3283,4284
5156,6137
4380,5376
3541,4560
5981,6968
6983,7995
7705,8717
1940,2954
4633,5615
5979,6973
8345,9329
2483,3469
3746,4753
1639,2643
7251,8252
7886,8871
7570,8587
4609,5618
679,1679
7245,8254
9106,10114
7692,8685
6981,7992
657,1650
4152,5137
9327,10338
8882,9863
6795,7807
3166,4169
1884,2898
7714,8724
6373,7363
3258,4261
7721,8724
2083,3082
1073,2080
6929,7941
1908,2911
408,1414
8916,9904
6585,7590
3552,4533
3788,4781
2739,3746
3152,4157
1149,2151
467,1465
8121,9134
266,1272
7107,8118
2744,3761
9085,10082
3475,4459
1685,2689
9622,10623
8183,9176
9754,10751
7903,8912
911,1930
1381,2387
9406,10416
8068,9080
1464,2451
2431,3448
9427,10440
3612,4619
5172,6169
9500,10507
2496,3481
3775,4763
166,1150
1045,2049
4568,5577
8217,9228
7822,8817
1041,2041
7502,8519
8207,9196
6450,7468
5200,6199
9283,10277
3454,4473
7577,8579
6275,7258
4121,5109
4738,5747
2080,3084
5123,6113
9108,10124
4783,5778
8704,9684
821,1818
8643,9649
3146,4148
6123,7120
7395,8395
219,1225
6759,7774
7693,8709
4416,5421
8278,9279
856,1855
665,1671
4577,5581
8942,9949
440,1424
9836,10848
5875,6863
6640,7628
4336,5332
9781,10789
5216,6235
6881,7875
8926,9911
3221,4223
9583,10573
8521,9520
7746,8764
2913,3908
6575,7572
6272,7262
9264,10272
6002,7008
8937,9925
8300,9313
6674,7658
7788,8781
1758,2758
7031,8043
2566,3584
264,1245
3310,4299
2804,3802
1968,2971
4588,5584
8884,9899
3839,4842
8231,9247
2945,3953
2744,3756
7327,8320
5613,6621
5453,6444
4509,5511
8678,9682
9451,10433
9389,10374
1731,2719
3519,4513
2425,3421
8860,9875
6210,7220
6437,7427
231,1219
4332,5341
9194,10196
1684,2695
515,1524
3347,4336
4174,5184
8032,9039
8015,8996
5983,6981
7590,8585
2243,3259
7695,8714
3031,4011
5249,6248
7212,8217
8768,9773
916,1926
7613,8616
2715,3704
3986,4979
2965,3950
2558,3557
6219,7210
1851,2854
5546,6533
3590,4577
2873,3881
4077,5067
1262,2265
7966,8965
2174,3167
8215,9201
3053,4062
7143,8151
9798,10817
578,1591
7142,8146
5335,6326
2398,3402
6199,7213
9832,10829
7008,8007
8593,9577
7648,8633
8201,9201
4926,5931
535,1553
5141,6150
357,1357
6113,7128
1174,2173
4256,5245
7335,8353
8009,9012
2946,3934
2882,3892
7433,8444
7921,8925
7318,8336
7662,8678
7423,8408
2753,3749
3753,4741
5904,6887
9437,10421
9646,10659
2711,3708
3873,4885
3776,4779
296,1296
6113,7099
363,1357
4932,5935
9751,10742
3769,4762
8708,9724
9225,10218
4737,5751
9498,10494
2362,3352
8233,9226
3732,4723
211,1220
9682,10678
9643,10639
7112,8104
6176,7176
4467,5485
6149,7157
6980,7984
8550,9538
7737,8756
9973,10989
1872,2852
8749,9732
1064,2075
7231,8221
8087,9094
7017,7998
9782,10792
5834,6848
7670,8662
8318,9299
5595,6604
2603,3598
5385,6375
4480,5483
4621,5639
1648,2630
328,1328
8482,9497
580,1591
5092,6074
6657,7657
4629,5617
1562,2549
7278,8274
9185,10178
4155,5141
3944,4951
7160,8179
2234,3246
7476,8466
8133,9144
9260,10277
4260,5249
3814,4809
8403,9414
5657,6654
1972,2961
9760,10740
6006,7013
4871,5878
1505,2492
5462,6480
9884,10887
8272,9256
8094,9113
8918,9907
4011,5008
2878,3879
4329,5322
7659,8641
1671,2678
7182,8177
1496,2492
7018,8029
6046,7043
1341,2344
7928,8910
9114,10133
6620,7627
8443,9439
7062,8066
3592,4588
4634,5624
3119,4123
2552,3562
9534,10542
859,1874
100,1099
6886,7881
7108,8119
5326,6313
6233,7231
1062,2049
8249,9243
4604,5588
6268,7264
4371,5390
7617,8598
3854,4864
9866,10884
5190,6208
7017,8000
4289,5301
9909,10914
83,1075
4684,5700
5600,6613
3076,4069
5991,6993
7161,8156
383,1378
3409,4417
449,1461
8701,9713
7044,8046
6308,7298
7208,8213
9801,10798
4122,5122
6005,6988
1972,2984
1770,2767
4782,5801
1248,2242
3999,4989
755,1745
3672,4659
5993,7006
934,1945
6919,7925
5122,6108
6854,7863
3638,4618
7358,8345
2029,3034
6007,7010
8523,9538
5714,6729
3886,4877
3557,4552
1243,2225
7980,8988
1556,2548
2829,3820
1362,2369
9817,10813
1879,2897
1414,2401
1833,2851
203,1206
4485,5465
6886,7894
2449,3430
7742,8749
5211,6217
3590,4581
689,1703
4215,5229
8515,9534
5007,6012
8814,9832
4749,5763
4303,5295
8016,9024
5277,6265
4889,5880
4890,5888
3702,4704
4033,5040
678,1674
1359,2361
6768,7781
2295,3301
3968,4987
2704,3708
8780,9778
4341,5334
2562,3578
941,1947
9234,10228
4961,5946
8914,9919
8244,9234
772,1786
7200,8213
3233,4215
3940,4953
2173,3188
8438,9438
7817,8807
2693,3695
6246,7265
3020,4011
1990,2986
5440,6458
8315,9332
1517,2505
5410,6427
5187,6172
2611,3630
4846,5858
9625,10627
5254,6264
7743,8758
5442,6452
1199,2203
3242,4228
2709,3691
3145,4143
547,1543
807,1811
6235,7239
9339,10356
7187,8191
8516,9500
8888,9893
1961,2961
7398,8414
7005,7990
8254,9252
4599,5608
3535,4539
4383,5402
4921,5930
6189,7204
5862,6853
848,1852
8195,9176
9490,10488
7778,8797
6735,7722
1674,2675
6480,7465
4552,5535
1151,2162
5841,6852
1902,2895
1787,2790
9237,10247
4211,5208
3401,4417
8162,9159
628,1629
8035,9051
7305,8319
2081,3069
2682,3679
4046,5046
3453,4435
1154,2172
7607,8626
4901,5906
2623,3620
1350,2341
7593,8599
1821,2826
643,1627
8653,9638
3781,4795
6376,7361
8146,9130
1944,2932
698,1682
8438,9432
8182,9165
2032,3020
5941,6936
1111,2110
3122,4136
8906,9914
2675,3674
8235,9229
764,1778
4113,5094
1161,2179
9832,10813
202,1199
7913,8893
2939,3950
5345,6337
1280,2266
1279,2282
7227,8220
5158,6152
6144,7141
6199,7214
4246,5263
3833,4851
7765,8783
840,1855
3137,4149
9832,10826
7460,8440
1995,3005
8798,9809
7757,8740
9651,10667
288,1281
4979,5997
1437,2439
9969,10978
9968,10951
2819,3819
9274,10265
7554,8534
7674,8678
1054,2057
6669,7672
3868,4880
7796,8776
6443,7438
5639,6642
2822,3832
4763,5745
1246,2249
6835,7839
1108,2095
1338,2330
25,1036
5440,6451
3659,4659
5163,6152
6994,8005
3903,4886
2308,3305
6257,7276
7755,8737
1074,2065
6300,7316
6445,7427
1688,2693
1466,2461
3731,4736
6490,7474
7787,8795
4501,5516
7043,8027
6369,7353
7862,8854
8706,9716
5129,6144
5426,6423
6288,7272
8481,9497
7544,8529
4220,5220
1144,2160
5202,6201
1351,2336
9125,10114
973,1979
4796,5776
4050,5057
6432,7414
3661,4657
2836,3841
6461,7445
1077,2074
9496,10515
1857,2841
7440,8439
9037,10044
9431,10441
9564,10555
7162,8165
2809,3810
7704,8721
5525,6543
7133,8141
856,1870
181,1181
3253,4233
8285,9304
2937,3925
6611,7609
6999,8005
6306,7296
8988,9975
5988,6976
7526,8539
9559,10557
4626,5625
9077,10092
2107,3113
7318,8334
9212,10219
730,1746
1265,2249
6056,7072
4679,5667
1848,2839
4047,5044
3281,4291
9356,10354
3526,4518
7894,8911
7453,8467
2012,3011
4213,5230
7022,8041
5735,6745
926,1910
7760,8778
6415,7415
4379,5369
4110,5123
1341,2343
8486,9502
9540,10558
3943,4946
5075,6083
3012,4006
3016,4030
6386,7381
3048,4055
9693,10698
1038,2038
8320,9334
1439,2432
5465,6482
3073,4077
7627,8646
2457,3447
4793,5777
8583,9569
7288,8281
6235,7239
879,1881
2066,3060
8004,9010
5119,6128
2825,3807
476,1457
4975,5964
4820,5823
6389,7394
1064,2081
8110,9126
9229,10234
8836,9852
8960,9958
9637,10655
9557,10538
2239,3250
2019,3006
4902,5912
213,1223
8668,9679
1443,2461
4888,5869
8442,9433
7623,8629
4376,5377
4583,5576
8374,9384
7933,8952
2233,3245
5209,6201
1508,2503
5436,6447
5198,6212
2093,3084
3872,4852
9781,10799
9242,10229
8143,9150
2688,3683
1286,2280
5465,6456
5638,6628
1655,2643
7563,8556
8375,9394
9654,10640
1340,2348
8647,9666
4970,5958
5516,6504
6402,7401
6895,7895
650,1654
2315,3334
7039,8036
6292,7305
9897,10892
792,1780
7613,8616
1414,2420
6347,7361
303,1286
6149,7161
7092,8096
7,1023
3855,4844
3561,4553
1631,2639
89,1089
2509,3516
7138,8143
9869,10888
180,1170
2381,3388
3547,4552
1270,2259
2512,3528
3692,4701
9418,10433
5017,6003
4231,5246
6136,7125
4447,5458
3261,4256
5,997
2107,3112
1193,2195
8546,9549
431,1435
116,1108
4617,5632
5013,6019
1848,2854
5305,6293
2226,3228
1056,2050
5034,6036
1141,2142
8808,9788
5874,6888
1814,2808
7282,8297
8163,9174
8807,9801
1289,2299
4874,5879
8187,9173
5131,6123
1566,2584
6634,7642
5789,6800
2550,3557
5874,6890
7874,8880
9817,10828
80,1098
6993,7985
529,1519
1046,2046
5265,6273
1729,2725
9644,10642
9593,10585
3721,4718
1660,2670
5372,6389
1034,2032
8752,9738
8496,9497
3948,4946
9987,10995
6196,7211
649,1664
8085,9092
720,1710
9950,10953
9059,10040
7184,8185
2391,3398
4277,5295
8478,9476
6770,7777
4026,5008
6724,7725
3813,4793
9939,10943
3857,4860
8192,9202
4911,5922
2980,3989
6349,7348
9443,10455
6042,7032
1320,2331
7615,8624
916,1922
8590,9603
3063,4069
2207,3218
1138,2155
3445,4438
3450,4458
4091,5108
8070,9059
6710,7714
9508,10513
9357,10348
9631,10617
5384,6388
9346,10327
9075,10082
117,1127
468,1457
2373,3386
5178,6193
718,1711
4484,5488
6576,7572
7551,8531
1293,2301
2687,3675
3457,4455
8310,9298
2485,3490
2792,3776
8129,9146
9065,10076
283,1299
7372,8356
8700,9712
2095,3100
3075,4085
354,1368
6348,7343
8112,9104
5847,6858
448,1456
957,1953
635,1625
9876,10887
7515,8509
9508,10497
3693,4698
2777,3767
7618,8611
255,1262
4806,5820
81,1092
7266,8266
9928,10915
8489,9508
4661,5672
6047,7058
7354,8358
9362,10344
2347,3344
5322,6318
3965,4967
3567,4553
7740,8756
622,1617
1665,2646
582,1587
7642,8629
6709,7716
4227,5214
1520,2503
5437,6431
9855,10866
9302,10286
5185,6177
7849,8865
6979,7989
4232,5240
5454,6449
6365,7370
8886,9868
7362,8374
8627,9613
4123,5110
5038,6034
2893,3881
6456,7466
8358,9361
1601,2601
7905,8891
8810,9790
6472,7478
4227,5208
8677,9693
6117,7103
7611,8608
5009,6001
8261,9276
2892,3882
1774,2769
9439,10452
3797,4808
9246,10236
4552,5561
2894,3905
4331,5331
9355,10345
143,1129
6595,7588
2983,3997
9263,10267
5687,6695
3186,4201
1214,2195
7433,8417
6400,7381
5418,6427
3261,4269
8371,9354
9068,10059
5861,6844
1096,2076
9426,10437
8583,9576
2353,3366
5867,6886
3367,4360
5781,6763
7750,8743
9136,10121
7739,8751
7914,8912
2507,3505
4578,5565
6892,7899
4056,5068
6280,7288
3748,4749
8353,9355
8669,9658
6062,7065
894,1892
5431,6414
4362,5345
7936,8953
7750,8751
9082,10097
4226,5213
3814,4820
9211,10206
8384,9383
3022,4033
2353,3335
1292,2303
7657,8674
8254,9247
1284,2289
3781,4764
7282,8280
5077,6068
1087,2070
3959,4943
8020,9020
5920,6914
7065,8049
2116,3109
7581,8572
8095,9080
8708,9699
4758,5751
8924,9933
8892,9881
7765,8761
3409,4389
4079,5063
3645,4664
9176,10164
8234,9230
4232,5233
995,1999
8627,9614
3738,4737
723,1735
7225,8223
5330,6341
3633,4626
6604,7594
8050,9047
4923,5918
752,1745
8009,9000
9285,10292
2383,3382
9311,10304
8886,9905
5475,6490
1946,2955
4138,5156
3842,4843
5748,6757
7261,8248
5736,6739
9980,10993
9260,10258
2864,3864
3276,4287
9184,10176
4111,5113
5402,6418
1355,2344
4798,5806
5390,6376
8145,9150
9881,10892
9081,10065
4597,5589
1798,2811
4383,5374
810,1804
5158,6159
4891,5881
8445,9463
5594,6578
432,1433
5372,6356
8530,9512
7443,8441
4088,5082
3022,4003
4044,5027
2860,3849
9663,10657
9590,10596
8478,9462
8739,9755
5434,6450
4273,5286
2199,3183
9387,10377
2118,3129
8457,9475
9792,10799
1436,2425
865,1853
7101,8096
8587,9596
5268,6256
619,1619
1323,2329
2912,3908
6033,7043
8700,9687
2633,3615
6168,7154
3635,4636
5617,6629
6650,7635
4184,5167
7185,8180
1459,2446
6322,7319
3973,4987
3184,4202
3284,4268
8136,9145
9777,10769
3867,4881
2381,3394
3907,4908
4197,5179
7813,8796
6806,7821
496,1486
5539,6532
7192,8195
2110,3125
8632,9613
2643,3655
2887,3885
671,1652
240,1239
1418,2426
4705,5715
9259,10243
8409,9417
2089,3102
724,1723
5610,6609
5803,6817
2710,3718
9474,10465
3780,4785
807,1808
9730,10738
3267,4271
8690,9689
9676,10673
9473,10480
5104,6098
5693,6705
7138,8142
4589,5579
2956,3943
4031,5015
799,1780
3430,4413
3445,4445
6188,7176
4376,5370
118,1109
3279,4278
4446,5459
3856,4839
6706,7707
6509,7502
1669,2666
4969,5960
3202,4194
1359,2378
2904,3895
7900,8901
1586,2575
9770,10782
3696,4680
3682,4679
7712,8706
5214,6214
7520,8511
1788,2798
2758,3757
6702,7684
3226,4223
6433,7439
5499,6480
5111,6127
6531,7541
6506,7518
9200,10202
8929,9914
6977,7969
5125,6116
4668,5675
1244,2254
4356,5366
9644,10653
3806,4807
1853,2865
4381,5385
3173,4165
8796,9780
5130,6127
5015,6008
9339,10323
1942,2941
5807,6796
8446,9441
3675,4672
3939,4923
7191,8177
6036,7053
2453,3438
5901,6884
5445,6445
6676,7657
3063,4061
9137,10126
6050,7068
2886,3901
4543,5537
3069,4060
8550,9542
4037,5031
4465,5455
642,1659
529,1524
6026,7010
3735,4752
7164,8152
672,1687
4278,5293
3992,4984
1076,2087
5158,6161
1154,2158
1055,2071
3531,4528
3455,4470
4910,5898
8137,9121
5572,6575
1509,2513
2117,3105
9406,10412
2013,3026
5924,6919
5514,6531
2322,3340
7414,8403
5202,6215
2536,3519
7810,8825
7498,8505
5103,6083
530,1528
8700,9695
3574,4556
8574,9590
4354,5345
2939,3936
4103,5095
9784,10770
8263,9259
3042,4027
2157,3153
7617,8609
159,1155
4070,5063
3982,4971
3434,4437
2785,3793
707,1715
5098,6096
70,1072
9024,10033
7255,8252
2708,3703
8461,9449
4538,5521
2692,3704
8853,9849
9035,10053
5908,6918
1545,2527
4824,5806
6020,7008
6274,7284
7092,8099
9105,10124
3391,4381
3153,4163
9945,10943
2624,3617
987,1992
4271,5252
6112,7121
3473,4480
9087,10099
1504,2505
704,1689
778,1785
4177,5170
4614,5628
9765,10756
8788,9784
1064,2056
7783,8770
9486,10496
4894,5907
3080,4083
1807,2797
7831,8825
3654,4658
7393,8383
5905,6891
4295,5301
1555,2544
872,1865
4930,5911
8663,9671
7472,8491
7286,8303
2203,3220
4434,5436
5806,6788
253,1245
3207,4208
902,1886
285,1283
3784,4803
9462,10453
9271,10279
1527,2535
763,1749
2450,3436
8864,9874
7384,8393
3397,4402
228,1223
4326,5316
7699,8703
1630,2625
9139,10119
8031,9037
2751,3749
9337,10352
2346,3336
8530,9513
7772,8777
4956,5974
9808,10801
2951,3970
58,1056
4423,5432
8988,9986
5923,6941
6311,7330
2285,3266
271,1271
5995,6994
3043,4039
3002,4013
9310,10308
4834,5814
9559,10571
6310,7311
6194,7196
1381,2384
5476,6492
7476,8489
789,1800
7251,8267
2241,3241
6385,7377
810,1829
3860,4852
8316,9333
6700,7700
5566,6554
5214,6201
8229,9215
9524,10507
710,1705
8752,9737
8122,9135
2171,3166
4761,5778
8111,9129
8552,9559
457,1453
4198,5179
1373,2370
8820,9832
405,1396
7820,8801
602,1584
4085,5074
5303,6322
1568,2550
2792,3792
9756,10751
9746,10753
2426,3439
676,1677
7182,8168
7792,8784
5144,6140
7671,8676
9468,10451
312,1329
3128,4132
316,1334
3781,4772
463,1473
1569,2567
9062,10058
8708,9723
9247,10264
876,1858
7420,8400
1696,2686
2918,3929
5363,6355
3053,4072
8591,9600
8443,9458
9078,10065
8313,9295
2032,3018
1589,2577
1982,2975
4964,5969
8854,9873
9879,10888
5355,6358
4754,5734
75,1088
1170,2177
371,1372
9184,10168
4837,5839
597,1609
2233,3238
3435,4450
860,1879
2678,3668
6441,7433
8905,9924
4155,5167
3170,4152
2982,3981
9024,10043
2406,3396
945,1960
3639,4645
5027,6009
4631,5638
4279,5295
6242,7255
3360,4363
8227,9208
4536,5555
9213,10215
5956,6954
5088,6071
3598,4607
1594,2611
8567,9563
8170,9184
955,1958
5576,6566
7330,8334
6075,7077
3062,4053
2750,3736
4398,5400
8133,9133
8570,9587
9093,10085
1219,2212
9081,10097
3951,4938
4799,5791
6961,7947
5735,6740
8860,9852
5537,6517
1400,2389
6754,7773
3456,4468
3972,4957
8811,9793
4461,5479
8805,9797
3775,4782
6112,7106
5480,6498
7559,8576
8254,9258
489,1499
6134,7116
9338,10319
8967,9953
6428,7415
148,1133
8366,9348
8320,9338
7708,8720
977,1963
1582,2584
7388,8372
4618,5628
6218,7216
476,1463
4771,5769
6566,7571
4883,5888
1947,2958
8477,9469
1874,2862
3975,4958
873,1869
7851,8854
9733,10723
8051,9052
5321,6314
5384,6385
6005,6991
4615,5615
488,1489
5368,6374
3272,4257
411,1427
3878,4870
7548,8567
3048,4055
8373,9377
8112,9102
445,1464
9223,10209
4871,5886
2875,3875
8574,9586
7294,8276
2201,3189
3429,4436
5607,6600
2932,3919
784,1780
3548,4543
4661,5650
5858,6864
3106,4106
9182,10184
6962,7947
6791,7799
341,1358
683,1670
6571,7572
588,1586
1082,2066
8338,9346
2599,3594
1177,2164
376,1362
6206,7188
4505,5499
7220,8231
9715,10725
1285,2302
9966,10970
9549,10535
7322,8329
9290,10304
816,1832
1043,2023
5016,6021
8358,9349
8143,9130
483,1484
684,1695
1480,2474
5694,6678
5638,6654
7009,8018
8672,9688
5225,6210
743,1762
3683,4680
8731,9721
7467,8456
135,1117
1082,2074
3790,4800
7979,8985
6604,7598
2349,3334
420,1437
5042,6058
2852,3852
2919,3905
3908,4901
6964,7953
4924,5927
1764,2762
5121,6108
619,1619
655,1664
2,1000
5827,6810
4260,5275
3670,4652
4208,5191
8196,9192
9361,10343
2987,3999
3439,4444
4607,5602
8166,9151
9879,10886
4769,5754
6152,7160
1175,2185
1141,2144
7881,8899
1078,2067
6191,7176
3108,4095
9598,10603
9412,10403
355,1362
6633,7649
2114,3109
1879,2879
7241,8225
9533,10527
9379,10367
6961,7967
6400,7409
2629,3619
8750,9746
9311,10323
5538,6554
5802,6788
4090,5107
8255,9235
904,1893
5263,6282
2450,3463
4686,5686
3858,4857
6134,7123
2252,3270
945,1951
7525,8531
7325,8308
7219,8236
5025,6016
7908,8893
9582,10596
6930,7917
7616,8619
7746,8744
2754,3741
896,1891
6692,7708
561,1573
9347,10356
2431,3443
819,1830
8355,9374
5783,6765
376,1363
1019,2019
6554,7548
8917,9919
4899,5886
5600,6583
2501,3513
2566,3547
7112,8112
9269,10283
6268,7259
3173,4153
4487,5486
8772,9761
864,1855
255,1246
3101,4109
1477,2478
261,1273
1324,2325
3857,4865
3686,4697
4601,5596
4959,5978
2291,3309
4208,5225
8310,9329
1099,2100
658,1667
1519,2512
1566,2553
9355,10341
7248,8247
1059,2068
7871,8883
2758,3748
1454,2466
1992,3005
5724,6710
655,1657
5716,6702
3296,4281
7997,8994
7278,8273
6034,7039
8295,9282
4426,5432
8501,9505
6145,7140
5507,6506
9471,10487
2199,3209
5242,6261
9530,10523
103,1114
8369,9354
104,1120
920,1927
7431,8413
8022,9028
8502,9499
1366,2346
763,1779
6782,7786
8492,9500
6636,7629
9549,10565
770,1779
7530,8515
4839,5829
8590,9603
9897,10887
8333,9342
3812,4810
782,1775
783,1764
6362,7379
775,1783
9341,10345
835,1836
4497,5485
5260,6259
1788,2797
5565,6581
4230,5243
9522,10531
5856,6869
154,1137
2003,3022
1708,2727
7715,8724
2621,3607
6570,7562
7505,8509
9594,10595
2046,3026
6312,7314
198,1201
6691,7678
3501,4495
6401,7393
2033,3029
1910,2899
9895,10898
8906,9896
2549,3540
6720,7706
7611,8597
9227,10225
6988,7994
6246,7259
3864,4859
8037,9049
8762,9746
6954,7943
939,1939
1515,2517
723,1736
4348,5363
6228,7246
9804,10810
9351,10367
8058,9075
5248,6262
7634,8620
2301,3310
3691,4688
4746,5751
9686,10679
1325,2329
5102,6090
1543,2523
6945,7932
114,1110
5790,6792
8160,9142
9128,10129
1042,2031
5379,6380
6888,7880
9510,10522
8790,9789
4520,5529
6584,7586
3820,4826
7989,9000
3366,4371
989,1983
1187,2191
9211,10199
734,1722
7652,8653
7207,8191
6686,7673
3245,4250
8955,9941
8796,9793
7995,9003
6246,7231
2663,3648
7812,8801
621,1608
4064,5064
7318,8319
6371,7365
7962,8959
3333,4317
3868,4854
943,1953
3063,4065
7190,8182
7551,8551
3719,4706
7814,8798
4066,5062
8081,9076
4191,5195
4107,5100
371,1351
7138,8131
6673,7665
7122,8136
6937,7952
3934,4952
958,1943
4391,5399
937,1937
266,1256
5588,6572
6399,7391
4508,5490
6202,7184
2242,3223
5025,6042
4884,5871
1411,2427
3154,4161
141,1150
128,1121
9829,10817
4528,5523
9186,10167
5039,6035
3156,4139
1209,2207
3241,4234
2920,3923
6786,7797
6749,7738
2922,3935
3898,4894
3836,4842
6554,7534
453,1453
6473,7462
2374,3357
6683,7670
2037,3021
4818,5799
3742,4761
3415,4395
9284,10284
6871,7873
3036,4043
6497,7509
5942,6959
9858,10875
8237,9226
3252,4253
9290,10288
6653,7669
4794,5809
2247,3245
3517,4497
8473,9458
1504,2500
9106,10086
2253,3235
4229,5212
6199,7186
5842,6833
9007,9995
648,1657
1930,2928
7850,8851
9387,10394
622,1625
9698,10700
3521,4536
2608,3627
4931,5935
2038,3045
4826,5823
1252,2249
9736,10755
6852,7860
8118,9098
5388,6380
3754,4771
4038,5022
1460,2476
450,1436
2417,3400
6606,7604
201,1184
1827,2844
8821,9827
9416,10429
5081,6086
9907,10920
3967,4965
4945,5954
2180,3190
3686,4677
4686,5686
9668,10656
5203,6218
9905,10889
7462,8456
3542,4546
689,1693
408,1425
3691,4689
9875,10894
4245,5227
892,1878
5027,6025
7373,8383
5331,6342
2889,3901
9453,10451
8740,9724
2415,3405
1121,2120
6800,7810
6005,7022
9894,10888
5279,6279
2480,3462
763,1770
934,1934
958,1966
698,1705
9488,10470
9927,10940
611,1606
5550,6555
4908,5897
1588,2598
4364,5370
9350,10352
1330,2341
8109,9099
8139,9124
8777,9779
4793,5796
1073,2057
2894,3890
2718,3721
6967,7973
9587,10601
9268,10258
3894,4886
1603,2584
2392,3405
3509,4520
6749,7747
9154,10137
3642,4631
951,1937
6718,7711
221,1220
6778,7782
2482,3480
9518,10500
7661,8668
8660,9657
3485,4473
9946,10953
2179,3159
5909,6889
7604,8587
492,1486
2847,3848
6591,7574
4528,5538
6764,7759
8232,9232
8964,9983
7240,8257
3928,4913
2027,3045
451,1460
5419,6426
9481,10469
7672,8675
2199,3202
3406,4403
6564,7575
7420,8411
3465,4461
8660,9651
8681,9699
5657,6646
5259,6256
2094,3078
5255,6261
6854,7839
464,1446
2185,3189
5229,6243
9316,10328
903,1906
7012,8025
1508,2493
4407,5389
3198,4182
9143,10150
854,1856
7623,8606
5056,6059
8410,9429
964,1960
2726,3740
263,1263
9288,10294
470,1464
1822,2828
1421,2420
160,1159
4451,5432
3964,4957
2620,3616
4552,5546
7795,8789
5204,6223
5330,6346
8373,9388
8021,9014
8396,9404
5274,6291
1388,2405
7077,8058
1394,2389
3959,4964
6442,7438
243,1235
3474,4463
8721,9708
3203,4188
9219,10215
7819,8804
9988,10997
7815,8825
4519,5504
6830,7820
8137,9119
7990,9003
5368,6377
7719,8720
7055,8042
7669,8679
8363,9357
8489,9484
1897,2877
7580,8585
7663,8655
5925,6918
4324,5338
4152,5143
5949,6953
9936,10925
8364,9353
5800,6792
8582,9583
1595,2602
1516,2502
9678,10685
7451,8439
7751,8746
9336,10316
4003,5004
3878,4886
2351,3339
5282,6271
1362,2377
136,1129
8118,9126
9131,10119
202,1197
5912,6897
7950,8941
4409,5392
9045,10052
3426,4415
478,1462
63,1066
8114,9117
996,1983
4339,5349
9652,10657
8343,9356
4310,5292
1744,2728
3974,4967
8729,9723
1268,2283
6547,7550
9307,10298
6442,7427
9024,10028
3562,4544
5139,6120
3441,4454
6854,7850
8129,9117
5289,6302
118,1126
8333,9325
2782,3798
1646,2634
1650,2639
4551,5551
1942,2938
8505,9489
4155,5143
7865,8857
9284,10287
3845,4825
4659,5673
7769,8774
2260,3251
1260,2269
1749,2761
2780,3765
3747,4739
7934,8915
935,1929
1980,2962
2628,3618
7798,8809
6839,7840
739,1753
2635,3628
3061,4042
1836,2831
8513,9517
38,1053
2203,3206
9598,10580
3178,4170
5390,6404
3925,4936
7958,8938
7404,8385
9249,10244
8836,9836
7797,8811
6410,7407
5652,6671
3715,4706
9266,10271
5981,6963
6094,7109
5579,6574
392,1401
2154,3172
3829,4820
4647,5627
2214,3203
3773,4783
7696,8683
301,1292
567,1572
5193,6187
8482,9464
5840,6849
7558,8558
2836,3836
3939,4938
3689,4679
2469,3471
732,1745
6461,7468
8582,9568
7888,8869
7147,8154
4115,5123
2668,3654
4890,5906
1734,2730
4980,5989
3278,4273
9082,10093
6898,7914
337,1333
1760,2766
6865,7848
3431,4424
1715,2700
4408,5424
2926,3919
4815,5814
2250,3246
6122,7114
3722,4710
1487,2500
4755,5751
7254,8263
2488,3488
4071,5079
7648,8663
1613,2607
7560,8575
1518,2533
2119,3100
9759,10760
253,1241
9875,10879
6117,7121
4885,5882
2775,3777
1370,2379
7670,8687
6,996
646,1638
3707,4712
9357,10370
814,1813
3370,4381
8039,9048
5240,6227
9109,10119
3568,4554
8042,9029
5085,6098
3162,4145
6126,7119
5105,6118
9320,10328
7820,8803
1795,2782
1129,2139
136,1155
6485,7488
3761,4752
7634,8645
3980,4960
6916,7917
1338,2339
3132,4112
6298,7306
7919,8902
6741,7748
1004,2006
117,1106
6848,7844
3775,4780
4793,5796
5524,6518
6702,7720
6774,7786
4073,5084
3951,4952
5418,6421
5844,6847
4968,5950
220,1211
8886,9874
8653,9649
3732,4725
7610,8609
8814,9797
4528,5512
8580,9592
1215,2200
6187,7197
9810,10818
8056,9074
4863,5857
9672,10677
9411,10412
7724,8715
9345,10343
77,1063
9459,10439
6209,7212
795,1786
7551,8542
9742,10755
569,1576
7262,8253
1728,2743
3091,4106
2560,3575
8208,9210
7949,8941
159,1156
7474,8458
9546,10530
4532,5536
2793,3808
4974,5966
9683,10667
580,1585
8285,9271
8641,9650
9121,10127
5777,6791
7376,8369
4812,5830
6100,7104
5878,6882
8206,9204
1807,2809
3965,4978
4443,5434
3404,4399
7500,8497
3676,4666
1672,2688
3867,4868
7984,8973
5792,6774
645,1653
806,1798
9894,10885
4763,5745
5483,6467
4194,5196
9767,10785
6375,7383
5949,6967
1766,2773
3646,4652
4068,5054
9135,10154
3091,4110
4060,5058
8660,9650
5406,6400
1169,2170
3734,4716
1823,2830
535,1547
5060,6044
3294,4298
6517,7502
141,1126
9591,10605
209,1212
2598,3608
7361,8341
9779,10781
985,1977
8791,9786
6095,7086
7689,8673
148,1166
7960,8978
961,1975
9604,10589
4874,5871
9880,10871
7162,8176
3243,4227
5327,6313
4326,5313
6841,7828
248,1257
4972,5990
8813,9800
1469,2482
1935,2940
3038,4050
2356,3338
5559,6549
2337,3325
1582,2564
6090,7072
4879,5892
3364,4346
8701,9696
3480,4487
7161,8171
4444,5438
4130,5143
2530,3520
2798,3778
1239,2246
1753,2733
1164,2150
3338,4319
3993,4978
191,1192
1675,2658
3298,4295
1378,2396
7242,8251
1708,2701
4198,5189
8328,9347
7751,8756
2474,3484
1389,2388
875,1888
4260,5266
8899,9893
4354,5356
251,1258
4392,5378
1496,2476
6849,7857
5148,6161
2446,3443
3354,4335
3017,4020
3572,4567
5631,6614
2941,3946
2372,3378
1476,2487
5014,6024
9412,10423
5381,6400
9702,10686
4974,5983
3245,4263
649,1630
6605,7620
2289,3303
1420,2411
7296,8314
1840,2858
4844,5828
9616,10601
5946,6965
6898,7890
9721,10740
5586,6581
4838,5843
9552,10548
41,1040
4592,5601
1058,2053
4617,5631
3609,4594
6132,7143
4947,5952
1600,2618
3875,4891
5379,6366
1689,2700
3334,4334
8621,9602
2645,3625
8482,9483
7118,8120
6135,7146
5297,6295
7383,8363
8663,9657
5543,6548
6571,7587
3894,4893
3022,4015
2818,3810
307,1320
5164,6163
5301,6319
7858,8863
6910,7915
9248,10247
9721,10716
3102,4109
1178,2158
4902,5893
9520,10532
909,1903
6878,7879
5169,6153
1205,2199
8145,9149
2316,3300
7816,8796
7781,8762
6948,7948
7012,8003
1270,2258
9515,10531
6971,7962
3362,4351
8182,9177
7488,8489
7862,8849
4901,5917
9254,10267
7267,8259
6122,7111
6675,7685
4718,5724
2238,3242
9650,10663
9485,10478
7124,8109
8021,9023
9282,10282
4056,5050
4181,5182
234,1227
980,1983
1529,2517
4225,5211
943,1930
1077,2085
5750,6743
5778,6788
8862,9875
6311,7309
4369,5386
2689,3674
5959,6968
5112,6130
5738,6724
9469,10453
4455,5442
3257,4259
4279,5267
1489,2484
7294,8284
1824,2831
4936,5916
7936,8935
6170,7165
7349,8361
358,1353
6964,7948
7450,8431
9280,10295
6060,7067
6995,8001
1426,2425
5980,6971
9816,10833
3539,4539
8750,9740
530,1516
8959,9951
785,1773
6120,7113
3697,4701
1458,2459
8455,9468
4805,5799
729,1717
4624,5615
6989,7993
6014,7033
3806,4787
9880,10878
4929,5943
5978,6964
6340,7329
5525,6522
3517,4518
9106,10115
2139,3150
3416,4432
7867,8865
3862,4849
6354,7357
7088,8080
1927,2937
1129,2129
3858,4848
8812,9823
2852,3837
1870,2861
5169,6163
3377,4366
6252,7259
5325,6336
2866,3876
8741,9723
2057,3065
2199,3181
3762,4761
495,1481
5975,6982
3185,4187
8957,9952
7573,8588
2405,3407
7056,8073
9611,10627
1796,2800
7055,8059
6516,7518
2003,3012
8000,9019
3962,4945
6198,7193
178,1160
3209,4218
938,1954
3296,4309
9844,10843
7471,8460
4724,5716
4946,5927
8997,9998
7414,8428
7708,8717
8145,9135
1111,2130
7512,8518
2038,3032
3583,4574
6397,7398
4779,5789
3608,4599
9289,10300
1812,2807
9031,10014
1608,2595
343,1341
8046,9059
3326,4343
5239,6237
3189,4182
233,1236
6722,7716
3802,4821
8649,9653
7924,8912
9670,10664
9910,10924
8046,9061
3123,4140
4080,5078
4045,5031
6838,7850
5081,6074
1152,2144
9429,10429
9636,10655
6009,7023
524,1519
953,1937
7611,8627
8224,9236
834,1816
4812,5799
2946,3955
2577,3584
4361,5350
2551,3558
9588,10583
8363,9364
9054,10058
2818,3834
5569,6583
7159,8147
7933,8943
5516,6500
2701,3688
1829,2831
2311,3299
3675,4672
1104,2099
2295,3300
2321,3331
7504,8495
5347,6347
9392,10383
2243,3262
9301,10282
2293,3295
7372,8366
3967,4953
6689,7696
9229,10220
6805,7803
2530,3547
3199,4206
8172,9171
869,1856
6093,7083
3893,4890
9569,10555
4888,5877
6212,7205
2844,3843
5044,6030
7952,8940
7081,8070
6012,7024
5192,6211
9941,10926
3133,4127
8395,9389
3973,4971
7931,8916
2957,3950
6720,7733
6330,7322
2466,3464
1287,2303
4785,5765
265,1272
8807,9823
1617,2602
8294,9287
7865,8866
9610,10606
1776,2780
9758,10776
6054,7035
642,1633
4824,5840
1618,2617
3325,4334
7878,8879
558,1556
8353,9334
5291,6300
4885,5872
4559,5564
5748,6746
5219,6227
6548,7542
5516,6531
9258,10249
7781,8796
9417,10418
2153,3147
9831,10812
1035,2016
2932,3937
9521,10527
3822,4829
9882,10870
5346,6347
5155,6154
5355,6370
4149,5155
5981,6980
1843,2846
5923,6906
3097,4101
8129,9143
8871,9869
3172,4188
6445,7442
1209,2203
982,1981
9855,10856
505,1514
873,1869
929,1941
4666,5682
9111,10128
1082,2076
93,1093
8798,9799
8906,9896
5631,6614
7453,8440
7835,8838
9974,10979
1949,2951
802,1815
5315,6296
3106,4109
6061,7073
5136,6122
6319,7304
9782,10781
6540,7538
9606,10591
1784,2791
4413,5416
2535,3520
3168,4160
2860,3877
7179,8186
4174,5173
4150,5130
1204,2215
2042,3026
8442,9450
2791,3793
3330,4326
2097,3107
1099,2114
8064,9070
5520,6517
2931,3933
6082,7080
8805,9810
4337,5331
298,1291
3730,4724
9693,10693
8828,9832
555,1568
1242,2241
3111,4126
3317,4333
2274,3282
5994,7012
3027,4022
5422,6408
1407,2411
4959,5951
4296,5306
9773,10783
4987,5984
5912,6926
7025,8032
2628,3627
5381,6362
1990,2998
3118,4110
8736,9719
3568,4548
1885,2882
3377,4396
5698,6696
7188,8180
3541,4551
6138,7127
6258,7263
5676,6670
8420,9427
3207,4215
8194,9178
663,1675
7884,8864
1014,2033
1730,2719
5267,6255
801,1785
7166,8179
2343,3332
5132,6148
5319,6313
5826,6841
2018,3001
7184,8197
7141,8129
7349,8360
834,1842
533,1534
547,1545
5546,6564
2462,3464
5035,6027
6110,7111
265,1263
4683,5669
2633,3628
6032,7048
979,1966
8460,9476
9305,10323
5230,6233
9152,10156
2570,3584
7041,8059
7747,8759
6611,7610
4786,5770
2610,3609
2458,3457
999,2018
6458,7467
1168,2167
3051,4060
2534,3551
4377,5373
8759,9767
2594,3610
7070,8064
2044,3062
1348,2329
2928,3936
5749,6768
9520,10502
9311,10296
7030,8024
3581,4596
319,1337
2836,3828
3677,4694
1004,1996
2088,3068
9115,10095
6226,7235
3071,4070
3886,4891
5124,6132
8832,9842
7675,8669
3723,4734
3671,4674
181,1190
5772,6771
9143,10124
8188,9189
3443,4425
3874,4872
7211,8207
8479,9476
2161,3166
9565,10577
7388,8368
9631,10646
3903,4921
8344,9329
5419,6433
5170,6164
6922,7926
3650,4666
8925,9917
4223,5215
3221,4233
4624,5642
3470,4481
5915,6916
8376,9372
8433,9434
8926,9925
391,1374
8758,9773
5146,6164
6986,7990
2519,3511
4023,5033
3829,4842
6215,7227
852,1868
824,1804
6751,7766
2363,3376
6661,7666
5274,6271
5612,6606
4476,5464
6206,7201
8779,9760
3668,4656
7475,8470
8220,9210
603,1607
4798,5813
27,1012
7481,8490
9742,10744
3319,4318
3952,4935
5851,6832
4935,5924
1514,2519
9189,10187
8253,9258
2221,3233
173,1166
2366,3383
1825,2828
5070,6059
9677,10689
8598,9595
2413,3430
5699,6682
8191,9200
3484,4500
2943,3941
3701,4716
8756,9754
9915,10922
7025,8020
932,1948
6701,7706
7383,8369
3727,4735
1365,2367
8758,9764
9411,10428
3401,4413
9630,10640
7070,8079
2529,3539
1709,2722
3663,4643
6276,7283
8478,9496
8485,9489
417,1420
687,1697
1112,2095
597,1581
5925,6907
9950,10956
279,1280
3766,4757
116,1119
6798,7788
2566,3581
8009,9015
8919,9914
4849,5843
600,1613
6690,7684
6496,7503
27,1034
3811,4792
6190,7170
8685,9673
5934,6940
5846,6834
1721,2729
4886,5897
4977,5963
9260,10275
9552,10560
3260,4258
7274,8259
7110,8099
7589,8601
4180,5195
4103,5114
1791,2796
101,1102
7927,8920
8025,9005
3511,4508
6821,7812
682,1686
5278,6274
7217,8225
1426,2440
9001,9994
7017,8022
5927,6930
4330,5323
1083,2092
4895,5895
486,1496
8955,9946
8718,9733
5130,6117
9636,10619
4386,5405
5470,6455
8858,9873
8843,9845
252,1241
1702,2704
8124,9127
1050,2058
4755,5750
8310,9318
1337,2325
9476,10475
149,1157
6189,7197
7838,8840
3555,4558
142,1143
6320,7310
2475,3474
2134,3144
803,1802
9156,10152
4585,5580
7516,8496
2776,3780
62,1080
5000,6000
7273,8276
6445,7425
6316,7335
2255,3262
7755,8743
1953,2945
301,1307
1175,2194
7407,8392
2195,3208
3750,4761
8098,9110
4427,5434
8170,9152
3898,4890
4685,5672
437,1424
1235,2244
2710,3727
7229,8234
9204,10223
7401,8387
2757,3754
5011,6020
7140,8142
484,1489
2359,3373
4110,5113
1849,2860
6404,7397
1089,2069
2352,3358
6746,7754
8057,9053
4458,5476
2171,3167
8705,9718
612,1614
4109,5115
3828,4832
6497,7485
4256,5273
2895,3903
4330,5326
2606,3616
6191,7193
9342,10348
8124,9108
1993,2981
3063,4068
9604,10614
4353,5337
407,1403
732,1729
9168,10173
4385,5388
6648,7655
7019,8014
6825,7807
5784,6787
8463,9463
567,1556
9612,10601
6976,7963
3853,4857
3077,4066
6303,7287
4730,5733
8345,9336
5671,6690
1301,2313
6176,7160
4223,5229
636,1625
9641,10653
9632,10619
5408,6397
551,1550
4087,5097
7383,8401
141,1126
3248,4241
6043,7026
7837,8844
9004,9998
1057,2057
5190,6200
4076,5090
1181,2168
8865,9855
437,1454
3478,4492
3396,4407
4288,5307
77,1061
7356,8358
3901,4898
4849,5863
9326,10345
3853,4858
7247,8233
2763,3763
4043,5039
5660,6671
9158,10174
3380,4388
6520,7526
8450,9442
9438,10433
2798,3811
980,1970
6406,7394
3238,4243
8421,9434
784,1766
1210,2191
6543,7560
5241,6244
6246,7251
3833,4836
7361,8370
7653,8639
2578,3569
8320,9335
5248,6257
5093,6086
9652,10657
3978,4995
3364,4380
6166,7160
2330,3349
2916,3934
6809,7811
8623,9613
9499,10493
5817,6806
3390,4401
7273,8290
3507,4487
2192,3173
28,1024
765,1752
1492,2476
3504,4508
5674,6661
933,1948
7698,8709
8860,9862
9198,10179
2273,3275
9748,10728
3283,4297
6672,7675
2542,3532
4079,5073
2651,3657
8446,9460
5284,6294
9843,10844
6336,7343
3846,4836
3588,4585
8009,9007
7068,8052
5377,6377
2829,3835
8974,9985
2316,3329
8013,8999
2167,3157
8786,9794
1886,2872
1938,2940
5089,6098
7465,8452
6828,7822
6560,7568
1931,2928
2735,3719
224,1231
9662,10680
5453,6444
4445,5436
1119,2126
481,1496
7083,8091
7235,8252
5937,6930
5944,6943
2715,3726
6202,7202
911,1921
2253,3257
643,1630
9746,10747
8715,9707
3794,4808
251,1247
8206,9188
5999,6989
5604,6618
8843,9831
8205,9202
5255,6270
4531,5519
4587,5600
3997,4978
7539,8556
9643,10643
7687,8698
9353,10362
2932,3914
2125,3112
482,1473
1610,2617
6221,7223
5822,6811
6920,7922
686,1703
2984,3998
4387,5375
3031,4035
9436,10443
4853,5859
8919,9915
3044,4044
46,1052
977,1984
3489,4501
1875,2858
7975,8988
3327,4307
7530,8539
7604,8590
6683,7676
2135,3119
2900,3895
9773,10762
2048,3057
796,1798
1513,2520
317,1312
2269,3262
8965,9959
1622,2640
9324,10306
1417,2425
1289,2294
3924,4925
8046,9057
7572,8569
9920,10930
403,1386
4310,5302
3020,4028
8769,9764
7082,8075
603,1601
820,1834
4292,5302
6094,7102
5922,6908
6310,7290
4203,5209
7307,8307
5111,6097
9740,10737
7225,8239
9102,10100
5588,6585
3872,4885
9516,10509
6273,7277
6563,7573
5314,6321
7720,8719
126,1111
7849,8854
7686,8686
6512,7510
1160,2176
1657,2670
7018,8018
3608,4617
2803,3814
6449,7443
8243,9227
4162,5179
7087,8079
6053,7043
4431,5446
1078,2063
6691,7697
1968,2982
8722,9739
7234,8235
8011,9030
6830,7832
2034,3047
8034,9029
5998,7002
2317,3298
3186,4178
9965,10965
3210,4198
2960,3942
8210,9190
168,1179
1888,2877
6355,7355
7688,8698
7007,8012
8660,9674
3462,4474
9610,10614
6398,7380
9128,10131
8714,9723
4816,5805
2012,3027
4475,5481
1146,2157
3699,4702
4504,5495
2013,3017
5698,6700
6682,7666
202,1191
5765,6753
3083,4063
9554,10541
1357,2372
9885,10901
4528,5526
7778,8795
5662,6658
5272,6264
2083,3075
6208,7194
5587,6606
8669,9670
7352,8339
4533,5536
826,1833
2279,3276
291,1284
6741,7754
2487,3476
185,1191
550,1544
5631,6616
9665,10650
8712,9728
1795,2778
3005,4023
643,1652
4684,5701
2218,3227
731,1731
5524,6524
8326,9322
793,1801
6623,7623
4882,5900
7401,8395
5163,6149
1886,2887
1754,2752
4105,5090
719,1725
6204,7195
7717,8727
2888,3869
2296,3309
635,1637
6115,7104
3169,4168
5030,6047
801,1793
5573,6564
7024,8007
9778,10768
4466,5477
6100,7109
6311,7294
1155,2142
7908,8888
6366,7349
765,1764
456,1455
7283,8277
9263,10271
9424,10430
5497,6508
9009,10005
7550,8568
8734,9735
9341,10358
5771,6776
1344,2346
3725,4739
1375,2383
1518,2522
5523,6533
4994,5990
4871,5873
6026,7017
3665,4677
8250,9241
245,1259
8129,9112
2161,3178
5515,6529
4431,5439
6508,7498
1429,2430
3204,4203
5911,6891
4268,5267
615,1624
6499,7481
5087,6081
2600,3615
861,1874
7700,8698
5900,6910
694,1696
9991,11008
1236,2238
3913,4904
8300,9291
4867,5883
3330,4326
8335,9345
4022,5023
9025,10039
2990,3981
3427,4422
3177,4190
2535,3548
1693,2707
5767,6764
716,1697
7035,8042
9729,10712
2450,3436
385,1396
7936,8916
9513,10525
7870,8888
5784,6792
4207,5213
6004,6984
1927,2928
4223,5213
3637,4652
4260,5248
7677,8672
3639,4648
6970,7970
7438,8425
5855,6855
9725,10713
5912,6899
4060,5071
9947,10938
1892,2893
6885,7870
5969,6974
3776,4769
5530,6515
1623,2628
8855,9873
3344,4344
6074,7066
9726,10709
5223,6240
884,1872
9175,10194
1831,2828
1456,2437
8756,9761
978,1962
7093,8093
8328,9344
6951,7957
1539,2547
4513,5518
8762,9767
5937,6938
3994,4987
4932,5937
8401,9419
4422,5421
7890,8870
571,1567
2677,3665
4377,5366
2722,3711
2914,3929
6666,7656
6672,7659
9290,10306
8113,9121
326,1325
3735,4750
5316,6314
8760,9779
2200,3206
4227,5219
5427,6420
8133,9141
5671,6657
6852,7845
4708,5700
7295,8291
9532,10529
5055,6054
7271,8288
7767,8780
3279,4281
3138,4118
6406,7396
4428,5431
6413,7428
9285,10276
1728,2722
8633,9626
1726,2733
3439,4432
7778,8774
757,1766
7552,8540
1137,2152
9224,10221
9938,10942
13,1032
2274,3271
4962,5945
749,1742
4759,5745
179,1189
6404,7396
5354,6350
372,1390
4420,5425
1888,2880
4411,5404
4669,5687
6958,7977
7490,8506
6108,7119
1595,2584
3964,4978
6850,7857
9250,10247
6986,7974
168,1173
3043,4031
4052,5054
8040,9033
318,1337
1938,2942
7285,8301
4746,5754
261,1262
9253,10254
6598,7590
1738,2749
9343,10349
1208,2225
2849,3835
2334,3323
3381,4379
6209,7201
4360,5347
2050,3036
2825,3844
7806,8813
4934,5953
7313,8309
7942,8936
899,1887
9890,10884
1310,2291
8578,9597
3332,4342
4730,5719
2251,3243
4687,5667
5898,6893
3561,4544
8208,9212
2099,3097
3492,4499
8907,9898
4239,5224
1602,2590
4210,5219
4191,5173
5047,6028
2095,3094
38,1055
3909,4922
7590,8574
8307,9288
3827,4820
2386,3390
835,1820
2273,3286
8261,9242
4085,5077
7766,8755
5499,6490
6160,7153
1946,2928
2492,3509
2594,3610
6563,7549
7967,8967
2685,3666
4987,5973
477,1478
4657,5656
8212,9210
8289,9304
9846,10834
3138,4134
6282,7280
9221,10223
2336,3327
9691,10686
6865,7884
8322,9312
7097,8115
8606,9615
5225,6238
8990,9970
3925,4927
3333,4328
3722,4702
5305,6307
2003,3005
1770,2778
93,1096
8874,9892
469,1453
8561,9543
6007,6988
4140,5151
767,1773
1974,2993
8716,9697
6385,7401
3825,4820
1604,2621
9862,10867
6107,7109
3231,4250
633,1643
2222,3223
8698,9692
3713,4703
9987,10997
6822,7831
2336,3337
4074,5065
5776,6792
7796,8801
8448,9450
8618,9606
2629,3643
5831,6814
7938,8946
5821,6831
6835,7851
6047,7033
5840,6832
7845,8854
4543,5556
3676,4656
4877,5877
7118,8118
7817,8823
8658,9643
4601,5596
3703,4711
9226,10216
5228,6236
5338,6348
1595,2590
3112,4106
8829,9810
6660,7641
1553,2550
1318,2324
241,1236
2045,3063
7368,8354
5376,6374
2818,3836
9507,10517
3887,4894
6957,7970
680,1683
5580,6572
4371,5353
8421,9402
2695,3710
912,1897
6830,7842
7717,8706
4812,5797
4041,5045
1196,2213
1945,2933
2787,3782
2757,3745
578,1596
5702,6694
5027,6018
9963,10948
2171,3168
5893,6901
1405,2401
5147,6165
8597,9615
2610,3609
5463,6470
1647,2651
7562,8576
3745,4746
1795,2806
7377,8370
9980,10995
3906,4925
4451,5444
2753,3760
3282,4283
7473,8463
206,1193
101,1116
8667,9648
5200,6209
8019,9031
984,1984
8308,9303
2789,3774
6968,7955
2128,3142
6115,7101
5214,6203
6435,7448
2429,3426
9538,10527
5673,6654
3974,4956
1855,2835
6218,7223
4938,5954
8708,9727
7835,8821
2337,3323
4149,5143
6945,7933
5991,6988
472,1459
8491,9501
2039,3021
6852,7845
6905,7906
7164,8157
4567,5547
1047,2058
7246,8245
1329,2327
7174,8179
5981,6978
4388,5375
8426,9429
7538,8533
7072,8052
6471,7461
6342,7338
3677,4691
5339,6355
6909,7900
2047,3040
3117,4123
7781,8795
3786,4774
7081,8097
4975,5993
6808,7799
7788,8802
6338,7351
6509,7523
9753,10760
8007,8990
1380,2383
2280,3298
5760,6748
1752,2750
7687,8699
5808,6807
2434,3422
7259,8240
7390,8403
9695,10712
8711,9704
2640,3639
7630,8644
3815,4828
6051,7049
8986,9975
979,1971
2081,3100
6134,7129
5305,6289
1510,2518
7996,8999
2186,3197
4813,5821
1863,2859
8354,9338
941,1935
9114,10116
319,1334
163,1168
7334,8340
2289,3286
3191,4205
2294,3313
5429,6423
2016,3000
3228,4214
2979,3992
7754,8736
5128,6132
2173,3154
706,1711
3874,4875
7216,8226
4208,5199
2608,3620
6827,7842
2579,3573
1401,2389
7529,8539
3863,4851
4398,5415
6452,7436
1639,2642
296,1313
8598,9583
4031,5026
695,1696
3406,4390
7034,8034
1315,2332
2037,3020
5443,6444
5008,6027
1053,2041
2266,3257
7179,8183
4130,5115
8623,9604
3651,4637
4725,5725
5108,6096
7601,8615
8663,9667
4160,5171
6418,7408
3540,4557
4532,5529
4667,5675
6880,7886
1521,2501
5037,6051
385,1385
4128,5108
8807,9800
4095,5103
6703,7708
1836,2852
5893,6907
5332,6316
4305,5316
4120,5127
4131,5113
2775,3775
7484,8496
297,1294
1189,2194
5581,6599
699,1716
2994,3976
3179,4178
9981,10978
5769,6749
8607,9600
8522,9519
992,1977
5143,6123
6492,7477
9567,10572
2859,3864
2314,3319
2718,3729
3084,4098
6705,7723
4971,5984
3971,4983
9692,10695
1273,2280
5899,6901
6935,7922
5493,6497
1286,2296
5831,6832
5196,6202
432,1415
3695,4689
3785,4781
4177,5159
29,1012
2975,3977
5434,6418
1300,2284
7811,8809
9484,10465
4097,5084
1031,2028
6971,7986
4776,5789
1482,2470
5487,6495
2489,3500
9986,10995
1620,2630
5392,6395
2817,3828
1715,2734
5861,6865
508,1488
8361,9343
1290,2278
5385,6403
223,1220
9093,10097
2527,3527
6824,7816
5835,6853
8244,9248
3782,4781
7101,8082
5159,6147
4298,5281
6635,7626
4507,5498
1494,2499
5133,6125
858,1857
832,1817
1990,3005
9848,10840
8264,9264
93,1087
5187,6197
6282,7285
1993,2990
3329,4311
8763,9771
4220,5203
6757,7740
4135,5128
9573,10563
1459,2453
2938,3957
3685,4696
6186,7198
3409,4417
9842,10858
4452,5444
9742,10728
6096,7096
7411,8430
3871,4888
187,1189
1809,2798
45,1056
7212,8224
6380,7377
7788,8783
320,1315
1725,2731
3199,4215
8826,9811
537,1538
7811,8817
9423,10427
7216,8227
5281,6290
4437,5420
9929,10933
9603,10622
1459,2441
7358,8339
9747,10756
3973,4986
9714,10729
5696,6683
2534,3550
1989,2980
2247,3256
4500,5499
1458,2461
42,1054
4550,5532
5710,6721
1704,2700
5450,6468
6447,7432
4210,5225
2410,3401
1848,2834
1612,2625
2300,3311
863,1868
7389,8371
3605,4612
6304,7295
7512,8501
7737,8721
2891,3899
7504,8511
5629,6633
4885,5876
3271,4267
9305,10301
2302,3285
6768,7751
8473,9484
7062,8054
3939,4947
6413,7415
1468,2487
5139,6156
5889,6908
4990,5981
9111,10122
7975,8960
6382,7382
2578,3597
1898,2911
1000,1988
9023,10030
1549,2566
8398,9399
16,997
5074,6087
3712,4699
3884,4872
1542,2523
2524,3511
1500,2507
7460,8474
7379,8359
6688,7669
7800,8789
7759,8765
7167,8164
9542,10524
1283,2278
8264,9268
2021,3018
4611,5622
5482,6484
4529,5515
2729,3748
5145,6130
4105,5094
5051,6032
3441,4435
5170,6154
3915,4895
4452,5448
7689,8680
7464,8476
3932,4944
5892,6873
8655,9673
7051,8069
9485,10496
3874,4855
7263,8257
8687,9689
5131,6144
1887,2869
1800,2818
1681,2661
1292,2311
7563,8557
2390,3373
9194,10199
2936,3924
8195,9193
1867,2874
2157,3169
7062,8068
3921,4928
8249,9234
626,1640
9437,10450
6880,7887
2419,3421
7001,8016
38,1026
8308,9295
1045,2053
8097,9087
5916,6906
1525,2532
4463,5446
1819,2799
3032,4045
3974,4970
4126,5143
3727,4717
2373,3374
961,1945
3435,4428
9884,10892
2071,3081
7677,8662
3189,4194
2671,3661
8783,9789
8098,9104
944,1960
5141,6141
1738,2745
3938,4922
4785,5778
6353,7366
721,1713
9107,10106
9111,10125
6383,7377
9038,10046
5563,6572
1358,2346
9889,10890
5389,6408
7689,8705
9801,10808
6670,7655
4832,5835
6261,7252
4810,5825
4249,5264
9242,10257
9811,10805
8815,9813
7783,8789
9907,10892
5134,6136
813,1817
5810,6795
7932,8931
9732,10719
6690,7681
5029,6037
860,1867
3117,4126
408,1390
7260,8241
121,1120
6062,7053
5620,6621
6711,7709
7870,8858
8297,9281
9180,10177
6519,7506
9566,10549
7921,8905
2778,3767
723,1736
1376,2376
9644,10658
2178,3196
5988,6992
5143,6157
9418,10431
9654,10665
6132,7133
8611,9594
2247,3241
4839,5826
5364,6357
187,1198
6006,7013
2027,3031
8286,9274
9411,10414
9495,10488
1220,2209
8255,9262
108,1101
2633,3629
4963,5952
4849,5835
7939,8937
8493,9492
4641,5640
1424,2439
7830,8819
1638,2647
4297,5292
6622,7615
8101,9120
5392,6373
2471,3455
4958,5945
5317,6314
2168,3184
6171,7174
2034,3044
234,1233
8887,9893
2798,3779
9572,10560
6802,7796
75,1070
9051,10053
6536,7519
4317,5323
5433,6448
9583,10599
8553,9567
8489,9470
9590,10584
3489,4478
7531,8516
7264,8251
1618,2611
2532,3540
3886,4891
7629,8615
4314,5317
1859,2871
2921,3905
6853,7836
1709,2700
1932,2951
3387,4379
7828,8816
4823,5827
8309,9309
1453,2469
6477,7482
7325,8337
7861,8852
2423,3422
8295,9297
9513,10525
1403,2398
6289,7272
2753,3739
8451,9432
8172,9166
3968,4971
27,1014
4325,5330
8462,9468
25,1036
6456,7450
5303,6306
1379,2387
4976,5967
4209,5199
7732,8735
7563,8550
1747,2749
5363,6373
4626,5611
9794,10785
3816,4820
5722,6732
4272,5291
1547,2554
2131,3148
7695,8703
8527,9530
7557,8558
4093,5108
2924,3937
5284,6279
6754,7746
2687,3674
2264,3246
6668,7663
1681,2688
6289,7286
278,1262
3602,4621
8931,9920
1028,2038
7861,8871
7791,8796
2312,3326
3265,4268
2076,3082
3095,4112
7339,8352
8539,9537
1790,2805
6879,7886
9785,10794
4394,5405
8993,10007
2287,3296
5797,6809
7347,8338
9545,10546
5907,6900
9031,10037
1483,2490
1392,2406
4949,5957
4665,5672
9570,10582
5616,6602
9224,10234
1899,2908
3978,4970
9731,10740
7893,8893
5328,6322
1202,2192
8181,9162
5240,6259
4031,5012
325,1319
5232,6224
9805,10799
7909,8909
5359,6360
1501,2519
2578,3581
2777,3758
9812,10805
7848,8847
1482,2473
9315,10332
5228,6238
5294,6312
5266,6276
2003,2995
3752,4750
5005,6011
5879,6874
6030,7014
4649,5645
8519,9536
9621,10629
9780,10760
362,1373
3957,4950
6442,7427
9608,10605
5056,6043
4013,5027
4046,5056
6485,7500
3231,4237
1442,2453
6658,7648
5032,6023
6682,7666
4020,5024
9175,10173
2733,3748
395,1397
1236,2254
5440,6454
4119,5118
1909,2923
1566,2569
3133,4150
5215,6221
1112,2121
405,1415
7611,8619
2216,3227
8211,9207
5389,6398
9460,10459
3480,4478
6155,7160
3205,4197
6545,7549
631,1614
1497,2488
4564,5579
7061,8080
5966,6951
3953,4955
3744,4745
7906,8917
2014,3011
5860,6878
5979,6967
3962,4972
7549,8564
615,1599
9437,10456
8999,10001
8166,9180
5164,6168
1631,2641
7558,8560
2475,3465
8702,9684
75,1060
5098,6083
6596,7580
4741,5754
4991,5991
8565,9549
8854,9836
6944,7949
2689,3673
9919,10929
1901,2918
4753,5761
4079,5070
2760,3756
9122,10124
9238,10241
5924,6918
8951,9956
6437,7448
5070,6055
1290,2307
355,1341
1400,2396
4108,5105
516,1509
2726,3743
6384,7396
8440,9427
4568,5571
2578,3586
4397,5409
1251,2252
4592,5605
1663,2650
7937,8942
9271,10261
8668,9684
4026,5042
1450,2460
1015,2031
4424,5437
162,1144
8079,9066
5135,6150
5878,6887
9350,10357
1687,2694
4836,5837
7193,8194
9749,10750
2472,3487
884,1884
3071,4060
6464,7483
874,1855
9363,10348
2674,3659
776,1772
3636,4635
711,1718
9063,10072
3963,4972
1953,2940
7930,8918
5497,6516
9105,10095
9422,10431
2952,3934
9812,10809
8906,9889
7862,8863
7350,8336
3534,4527
2300,3284
5199,6212
3858,4857
7741,8758
1404,2402
1316,2319
7375,8375
5255,6268
3841,4849
6143,7135
7298,8303
5831,6829
7681,8685
8961,9960
936,1934
3033,4047
3681,4672
9053,10065
4850,5842
7903,8915
7644,8639
3751,4767
8864,9859
2424,3428
9981,10976
4483,5474
394,1383
8387,9395
7938,8920
8634,9617
6346,7346
7648,8632
9747,10740
9012,10000
1494,2478
9749,10763
6009,7006
5854,6844
5748,6756
8521,9532
8868,9874
6847,7864
8087,9079
9999,11006
2063,3078
5068,6077
1752,2732
6176,7169
8036,9041
9801,10796
8295,9310
8567,9574
9214,10198
5012,6018
3694,4677
1491,2501
9704,10700
5495,6481
9712,10707
700,1691
5154,6135
8902,9894
583,1571
2132,3121
2223,3241
4707,5726
9481,10477
1180,2187
2854,3851
976,1983
6495,7512
6048,7029
2029,3041
6847,7847
9074,10071
7795,8776
414,1405
4584,5564
6006,7010
8551,9538
9801,10792
605,1598
9784,10801
1260,2271
2573,3557
5988,6974
9180,10188
348,1367
6678,7697
6557,7539
6216,7197
9159,10163
6422,7412
8392,9383
2010,3002
5285,6280
945,1933
8427,9426
7295,8280
9759,10765
8333,9326
8258,9259
1666,2664
2990,3997
5441,6455
2127,3111
5408,6417
6271,7268
6398,7407
2975,3970
7085,8089
7826,8839
6334,7353
7551,8550
1339,2342
7083,8075
4476,5462
2154,3151
5225,6234
2984,3964
9404,10418
6282,7267
9671,10663
9696,10688
5297,6296
5100,6106
8559,9572
6195,7190
5750,6743
7795,8814
2561,3548
777,1794
8791,9779
2030,3034
8530,9530
8354,9335
5195,6211
5104,6123
4738,5751
1827,2810
2020,3022
3161,4146
4597,5602
2682,3688
6174,7154
6123,7126
1063,2081
3499,4501
5011,6013
8787,9771
6114,7133
4623,5631
3769,4778
3225,4215
3846,4855
6731,7711
8848,9840
698,1711
6923,7925
7868,8872
8837,9823
6765,7774
2643,3629
6361,7352
9700,10691
3447,4444
9383,10392
9199,10217
3812,4800
1378,2378
2698,3690
8915,9896
1056,2064
3930,4924
4122,5117
9922,10935
3438,4444
4036,5029
558,1548
4240,5223
1651,2658
4824,5822
3409,4422
5545,6550
1296,2295
8549,9563
5260,6273
7620,8613
4646,5644
521,1506
2129,3118
923,1904
7857,8858
4236,5219
4273,5290
9672,10675
5441,6428
7940,8925
5883,6882
6599,7592
1079,2088
7822,8831
1688,2689
1567,2577
9607,10599
5676,6658
1534,2533
8123,9126
9866,10856
757,1759
8473,9481
525,1512
6074,7064
4650,5645
6344,7345
7486,8473
2791,3776
4381,5384
6252,7265
4606,5598
6495,7475
2793,3807
3491,4486
2109,3114
7454,8469
7555,8566
2619,3636
3825,4833
7568,8556
6613,7605
4294,5277
570,1572
302,1301
2926,3913
7933,8918
4986,6001
2551,3556
9217,10197
8359,9365
4175,5174
1130,2130
9905,10924
8226,9243
42,1051
8755,9773
1733,2725
5751,6731
9840,10828
1691,2681
9103,10095
6265,7272
6894,7902
2492,3498
6495,7488
828,1820
5324,6325
7030,8036
4539,5519
8806,9824
8909,9913
3233,4226
6125,7134
6129,7131
2659,3656
2575,3593
3720,4725
8002,9002
1005,2018
6434,7445
3919,4935
6421,7425
2647,3653
8596,9601
2116,3125
596,1583
6576,7563
9704,10709
7362,8370
9907,10907
2920,3929
4081,5098
5876,6862
5756,6741
9480,10493
9422,10406
5705,6705
6083,7082
166,1184
966,1981
2562,3556
3991,4990
2500,3485
4943,5923
8772,9770
5642,6640
5182,6165
868,1857
2036,3043
2665,3658
625,1631
1095,2108
634,1649
3985,4992
8476,9465
1763,2753
6994,8001
3273,4290
7130,8140
6532,7515
932,1928
9467,10463
2369,3382
9782,10781
2720,3713
2720,3727
8310,9329
5661,6643
9640,10659
7989,9001
7268,8272
7158,8165
2004,3014
159,1141
4827,5821
4261,5268
2456,3460
6333,7345
506,1508
3018,4016
914,1923
7414,8404
939,1928
5787,6801
6892,7876
5498,6487
2617,3613
6228,7218
1391,2406
4067,5083
1849,2843
9249,10248
9384,10386
9143,10128
5684,6686
7242,8245
8881,9896
507,1517
6337,7343
4204,5205
3600,4580
7329,8340
9436,10449
6906,7909
4061,5076
2291,3281
2413,3412
4418,5423
4260,5245
1198,2191
8718,9701
6555,7563
8634,9640
88,1106
242,1232
5262,6262
7462,8469
9973,10978
9686,10697
6493,7512
8292,9310
736,1740
953,1963
3805,4823
4814,5824
6791,7808
2909,3891
6933,7928
1882,2879
737,1737
4719,5713
6314,7303
4960,5950
7830,8823
9609,10628
541,1535
1936,2953
6851,7867
5572,6577
8225,9244
4953,5966
3634,4628
3044,4056
8702,9708
270,1275
8523,9506
6135,7125
996,1999
7906,8899
9675,10667
1070,2053
7419,8400
2810,3795
383,1394
7479,8476
9087,10069
2134,3130
9687,10669
5364,6350
8134,9115
6743,7725
340,1337
5865,6858
4910,5927
8033,9019
5814,6798
5286,6270
7462,8473
8497,9483
2102,3120
7699,8713
1441,2428
6375,7355
8643,9649
3613,4601
9865,10883
8634,9645
9140,10126
1552,2567
7145,8126
7148,8130
4604,5620
2907,3890
4578,5571
4081,5089
4916,5928
4523,5517
9555,10571
3258,4273
5889,6878
4101,5111
1166,2163
131,1113
1061,2059
3754,4763
9973,10957
369,1349
4762,5762
2524,3518
5635,6639
6923,7917
3164,4153
3811,4830
9983,11002
2600,3612
8280,9271
1982,2989
7166,8167
1111,2100
6101,7082
9996,11010
8388,9398
4662,5651
2447,3466
4810,5811
6550,7544
8401,9408
6669,7663
2663,3680
3901,4905
2812,3817
1987,2974
9760,10767
1178,2194
103,1091
5681,6673
3510,4513
3363,4360
8026,9030
3831,4834
7720,8700
8169,9186
1318,2335
3646,4643
8867,9865
1135,2142
5792,6772
9595,10599
8058,9041
7646,8632
8131,9143
4990,5999
5264,6262
2118,3108
3264,4271
7768,8748
4616,5610
1986,2996
6705,7703
4896,5915
3503,4517
5699,6679
5538,6541
888,1871
2519,3502
3582,4596
6982,7981
6332,7334
2456,3466
524,1543
3361,4368
1763,2775
9702,10687
1566,2547
2670,3684
8967,9967
7229,8240
3185,4167
8225,9219
193,1199
3461,4472
4158,5171
5111,6118
7351,8338
5450,6448
5939,6935
1434,2449
642,1635
521,1518
5901,6888
1659,2647
7656,8655
7384,8378
579,1559
5068,6078
6570,7553
8147,9129
7496,8491
521,1515
9652,10632
5139,6147
6524,7518
2596,3580
2643,3643
5023,6016
5428,6445
3953,4940
3361,4361
2248,3238
8493,9506
1243,2246
3808,4792
7214,8210
8376,9359
6957,7970
6194,7209
6627,7636
6182,7177
6894,7875
9374,10391
1128,2109
1708,2723
8320,9338
2822,3809
2312,3315
3842,4851
2744,3751
9538,10540
6046,7026
7322,8310
2079,3061
4881,5893
7298,8306
2359,3363
5225,6235
4820,5814
3556,4552
3296,4277
9808,10825
5050,6066
8978,9974
9207,10201
393,1400
6373,7385
931,1914
9892,10894
9263,10273
620,1603
8884,9888
5556,6574
1652,2634
7245,8229
4362,5360
1144,2130
669,1670
5109,6120
288,1285
4475,5493
6289,7291
8149,9149
7524,8532
304,1301
2203,3200
8713,9705
5393,6402
904,1898
6381,7388
1894,2896
8897,9879
5438,6420
5544,6538
4526,5507
6004,6985
1627,2613
835,1819
9234,10252
5530,6531
5052,6039
8963,9971
2178,3185
3018,4037
1302,2287
1139,2131
2505,3498
8450,9444
3784,4773
1557,2546
5188,6175
7877,8893
1807,2791
675,1690
7293,8306
9376,10380
5266,6257
1772,2781
8270,9283
3721,4701
6109,7110
7486,8493
3226,4229
1973,2970
854,1846
9983,10970
1416,2415
6229,7224
8722,9728
7255,8257
2754,3739
8256,9251
8542,9528
9237,10224
5178,6173
199,1202
8285,9281
3716,4721
6527,7526
9893,10911
7696,8685
301,1281
9358,10341
7979,8985
6277,7294
7503,8506
6130,7140
258,1272
3446,4439
6226,7223
2559,3556
4030,5014
2875,3886
7508,8520
1329,2323
3036,4047
9083,10089
5454,6450
2559,3574
5912,6915
9907,10896
6718,7724
7602,8604
6416,7423
4469,5470
3368,4348
989,1999
7188,8168
661,1644
7085,8096
4437,5424
7997,9002
5623,6625
1802,2820
4990,6007
4814,5805
5022,6007
9962,10980
8376,9365
5023,6023
4229,5217
7862,8876
1755,2771
3379,4377
2760,3758
7755,8752
7392,8378
866,1870
2835,3825
2015,3008
6195,7213
1610,2614
8351,9343
1762,2773
8146,9141
2974,3954
3419,4436
7156,8162
295,1301
610,1597
2487,3506
8134,9152
7065,8063
9638,10641
4588,5596
1429,2413
1869,2878
2951,3935
7512,8493
9320,10313
4101,5097
4366,5371
2897,3886
1959,2947
5140,6132
9100,10104
1332,2326
7194,8178
8492,9486
1264,2257
7043,8046
5887,6904
7210,8225
3060,4058
9587,10568
6402,7402
8190,9203
486,1488
4740,5759
2606,3590
4826,5836
4663,5658
6087,7094
8879,9886
2345,3353
7446,8461
9758,10744
7374,8392
2959,3967
7980,8991
1679,2679
2879,3877
9096,10081
602,1597
1949,2942
1851,2848
1532,2534
6194,7197
7187,8186
6654,7667
148,1141
3967,4983
119,1125
5511,6522
596,1588
2824,3824
1226,2238
1568,2580
8435,9440
6283,7284
9055,10071
9061,10063
381,1366
1083,2093
7586,8585
9764,10749
7918,8922
2918,3921
4573,5564
6237,7251
626,1642
5994,6979
6812,7820
2849,3850
7482,8477
9415,10413
8526,9531
243,1232
3663,4656
3175,4163
1158,2157
2938,3948
1104,2108
2286,3301
4217,5218
3792,4805
4209,5202
9932,10951
2198,3182
4088,5094
4317,5304
7018,8007
1659,2662
5766,6771
9911,10896
218,1232
8424,9423
4037,5056
652,1647
1029,2022
2349,3339
4016,5002
8654,9650
1575,2567
5875,6892
3811,4819
739,1728
8519,9532
5379,6364
4851,5855
7966,8984
6536,7547
2221,3207
2282,3296
8973,9960
9267,10249
5141,6159
7570,8587
8246,9236
9011,10019
3619,4626
6650,7633
2662,3660
8330,9342
160,1166
7225,8222
534,1527
2388,3373
7392,8398
7689,8673
5124,6143
3029,4010
6078,7061
1358,2373
6879,7872
8238,9231
6882,7870
1024,2016
915,1932
8635,9619
7660,8655
5855,6849
6712,7699
4860,5843
4612,5596
5484,6468
612,1612
1499,2511
4982,5970
3569,4569
7856,8846
4148,5148
7054,8069
7602,8592
4507,5504
2887,3883
3102,4115
2819,3805
9391,10398
544,1542
1124,2106
6545,7538
3508,4512
8691,9683
9696,10694
8998,9985
593,1576
4440,5449
9663,10674
1328,2318
2333,3339
1065,2061
5378,6378
7358,8371
7474,8487
1925,2920
1391,2381
8935,9949
4216,5212
137,1134
1695,2692
6347,7357
8961,9951
6472,7472
9775,10781
3123,4136
9806,10816
483,1492
7215,8195
1084,2087
2084,3092
7394,8381
8508,9525
4773,5766
6287,7278
860,1840
4025,5042
684,1682
4825,5829
1319,2320
6590,7581
6944,7952
3636,4654
679,1668
3664,4650
6600,7594
3895,4909
1277,2264
4811,5813
561,1574
2875,3857
2503,3520
3540,4522
4115,5124
7809,8808
3202,4194
3725,4728
5487,6496
9896,10907
1082,2092
4199,5198
6972,7973
9660,10648
8055,9066
5022,6036
2152,3157
8251,9231
5298,6301
4294,5275
3464,4456
9965,10964
5774,6773
2693,3710
2122,3123
2278,3284
6951,7941
4780,5777
3019,4024
6694,7685
2352,3351
9861,10870
7143,8131
5960,6963
969,1954
6724,7734
4486,5466
1621,2617
6658,7649
7302,8285
1790,2772
2666,3667
8675,9679
5457,6443
6689,7677
9767,10782
4488,5505
1053,2039
9220,10217
578,1566
2883,3867
500,1485
964,1958
4974,5990
277,1263
2175,3183
6685,7675
6308,7299
7828,8817
2063,3080
4765,5770
1299,2305
7455,8452
1610,2627
9153,10145
8060,9070
4736,5725
1028,2028
8054,9038
8444,9429
6052,7064
2970,3954
1284,2274
3814,4828
4114,5132
4402,5416
763,1778
90,1095
3461,4468
1039,2058
6494,7507
7337,8321
8002,8982
1420,2435
4287,5279
3126,4138
7244,8230
6263,7248
6074,7063
4110,5091
6137,7137
6523,7514
1045,2029
1275,2289
4043,5028
1110,2125
1742,2754
6910,7891
4370,5353
2078,3095
386,1384
9016,10020
4870,5885
1818,2819
9977,10984
7332,8332
4035,5039
4227,5219
8778,9764
6323,7322
1955,2970
4995,5982
7071,8064
8561,9570
6124,7140
5006,6006
5791,6783
7459,8453
7288,8279
4241,5250
2579,3560
5808,6799
3747,4758
3641,4642
7554,8562
922,1909
8713,9697
3762,4769
3072,4060
3457,4438
7315,8330
2649,3666
8365,9374
755,1768
9347,10361
7548,8528
3721,4716
6192,7207
7899,8889
8092,9101
7740,8757
6964,7946
4155,5163
4152,5142
4009,5023
5036,6037
9108,10088
1218,2226
7131,8118
9346,10360
1902,2913
4017,5018
5508,6506
6652,7636
8495,9506
1532,2538
3657,4641
4810,5829
2083,3101
2040,3027
6763,7774
6319,7326
1682,2696
2134,3129
7172,8155
5942,6928
6538,7552
6640,7649
9252,10247
7624,8618
4522,5515
8392,9377
7321,8321
7886,8900
8745,9731
8703,9722
1346,2331
5508,6510
529,1519
5567,6555
8840,9836
8894,9883
8356,9340
9355,10355
2225,3213
8177,9184
1370,2371
6181,7177
103,1109
3853,4856
9231,10222
8266,9249
2589,3584
8946,9934
2225,3213
7340,8350
836,1825
6914,7926
791,1771
4135,5126
298,1280
6062,7052
1065,2070
7695,8704
1318,2309
7636,8634
8629,9640
5392,6375
7879,8866
1811,2791
2909,3902
669,1659
1064,2052
7166,8157
4247,5258
1087,2106
5484,6490
6885,7883
6438,7451
5428,6443
9486,10486
347,1359
8190,9204
6193,7203
3642,4651
562,1560
1235,2221
8536,9516
7368,8351
4539,5551
3008,3991
7007,8000
2441,3436
9023,10019
9039,10047
9900,10892
7132,8121
426,1432
5908,6888
3841,4833
2107,3114
968,1969
1005,1992
6954,7960
8434,9439
5289,6299
7353,8333
8231,9247
50,1039
6152,7139
2358,3355
9351,10355
3867,4859
9153,10166
3265,4256
4495,5491
8836,9854
1058,2047
6905,7886
2851,3860
6990,7995
9312,10292
9710,10704
236,1217
7071,8054
5268,6281
8419,9402
9457,10442
5384,6402
4104,5122
1761,2749
2638,3652
516,1503
9465,10484
7925,8929
3421,4439
8701,9693
169,1184
7376,8357
6568,7581
7885,8878
9658,10675
4484,5466
9873,10865
284,1270
9909,10907
8914,9903
9590,10590
2755,3768
4271,5274
2606,3617
8949,9944
5997,7009
6581,7569
2814,3817
8130,9133
4157,5167
6191,7207
5869,6874
7761,8753
9430,10427
3639,4636
2686,3685
9817,10836
4415,5400
3259,4277
4925,5917
5928,6926
8748,9729
2392,3379
6127,7128
8703,9712
6822,7834
2429,3429
8854,9841
1582,2579
7662,8660
5178,6177
4794,5783
2720,3725
8807,9813
8882,9895
4523,5526
2535,3518
6150,7149
3366,4371
483,1498
730,1728
2057,3054
2594,3581
9611,10627
4466,5475
7976,8964
8621,9626
9084,10075
9271,10279
8460,9449
3226,4235
5497,6496
8497,9489
9143,10140
1021,2014
4143,5133
4348,5349
6366,7361
2190,3174
2145,3129
621,1637
8451,9453
7636,8628
3690,4689
910,1916
2018,3010
3908,4894
5783,6771
2831,3834
1131,2121
7617,8611
4159,5175
5096,6104
5594,6594
5442,6451
7340,8328
4365,5356
226,1223
1990,2994
8410,9399
7594,8613
3946,4946
1567,2576
2506,3503
7842,8846
8777,9771
4975,5984
6460,7469
6758,7773
216,1228
2574,3587
3612,4629
4563,5570
5822,6836
571,1580
3731,4733
6521,7536
3942,4948
9654,10658
3521,4518
7046,8062
3190,4202
5237,6244
9600,10619
7649,8629
8179,9183
8920,9934
5662,6669
294,1280
4634,5637
5701,6715
8639,9638
2523,3520
6186,7177
78,1087
2878,3873
2201,3214
5584,6602
6263,7255
2115,3113
502,1495
2222,3240
9220,10219
2065,3076
9598,10607
2277,3271
1113,2096
7592,8582
3601,4619
5240,6256
1236,2229
9395,10376
5775,6770
3298,4291
3413,4428
71,1085
1672,2691
4454,5467
4918,5914
2168,3185
1853,2847
7725,8742
673,1665
3534,4521
6843,7824
4624,5608
7832,8828
7433,8450
2736,3721
995,1991
9292,10288
6525,7538
1741,2730
3208,4193
1954,2962
7281,8269
9802,10808
857,1868
1836,2834
7829,8839
5552,6562
6176,7165
1455,2451
4141,5143
788,1792
6458,7444
3686,4705
8931,9912
9024,10022
8445,9434
7712,8707
4177,5171
5371,6381
9841,10852
171,1190
2985,3966
7084,8068
3131,4126
2765,3780
122,1126
4373,5382
6706,7723
216,1225
4781,5764
9714,10727
8605,9620
4337,5336
2876,3863
7458,8446
3033,4041
4084,5100
4812,5829
2522,3506
2779,3784
8198,9208
9727,10729
3965,4957
4606,5609
3232,4235
8338,9321
440,1433
6547,7552
2713,3730
660,1674
5906,6898
9970,10973
2354,3373
2027,3023
9280,10295
2917,3915
9990,10988
1270,2281
2080,3099
9421,10412
7891,8883
8026,9022
2741,3724
2402,3421
9783,10785
6576,7588
8648,9658
3029,4021
6906,7921
7454,8444
6833,7840
8084,9089
5353,6367
687,1699
80,1086
9428,10435
327,1316
2181,3177
8783,9798
2935,3940
5757,6748
1370,2369
8774,9764
4809,5804
8858,9864
3735,4738
9830,10820
4471,5471
6435,7448
5762,6770
1308,2300
8171,9154
7776,8775
631,1616
9305,10287
4633,5620
2228,3244
4371,5359
4781,5765
9644,10625
4625,5607
4806,5812
3583,4570
9554,10563
5732,6736
8868,9857
6299,7301
1535,2520
1846,2842
3836,4830
1319,2309
1568,2570
596,1608
7711,8715
3667,4648
3549,4530
8448,9465
1959,2944
6644,7650
959,1969
2115,3116
7811,8800
7940,8922
1000,2008
8631,9633
20,1000
4369,5382
2958,3940
4839,5829
8900,9889
8524,9542
8316,9313
9215,10207
2777,3758
3068,4063
4177,5180
3286,4296
3454,4447
159,1152
3071,4067
5500,6490
3180,4195
3905,4912
2877,3890
3727,4717
4211,5196
5075,6086
631,1616
98,1117
3842,4854
302,1299
2725,3731
2026,3042
6247,7232
4623,5641
1024,2017
3440,4444
6823,7829
7857,8868
596,1608
5373,6386
5973,6955
6829,7843
5408,6411
7487,8480
9210,10227
9275,10294
7000,8003
5267,6268
8512,9494
9098,10082
3650,4645
8116,9106
4938,5951
3388,4383
9637,10624
1166,2157
3798,4806
2953,3958
663,1658
644,1641
2073,3062
902,1919
9961,10968
6371,7386
7293,8307
4311,5297
9353,10340
962,1978
7827,8834
5516,6511
5253,6262
3139,4158
7376,8371
7741,8727
2729,3742
2758,3751
6136,7123
6526,7538
3206,4213
9741,10759
3123,4135
5085,6094
8448,9436
7058,8038
2238,3250
5384,6402
7884,8889
2510,3498
200,1199
4342,5332
9161,10164
992,1979
6469,7458
1476,2488
769,1750
6945,7936
5733,6745
8044,9040
7342,8339
6862,7849
143,1152
1373,2368
7592,8595
3482,4476
9803,10820
200,1185
9030,10042
3869,4866
2381,3376
1805,2794
1815,2826
5318,6303
5534,6525
3434,4450
7612,8601
1544,2560
3752,4767
3783,4800
4880,5899
4623,5626
1982,2983
9437,10449
9258,10255
2667,3654
5912,6927
3250,4250
1037,2030
4600,5607
3723,4730
8734,9729
2986,3990
1550,2536
2557,3544
1486,2479
3451,4460
9058,10046
5250,6245
1616,2600
3458,4449
6743,7752
1202,2203
8450,9463
4245,5252
2233,3240
3098,4090
9436,10435
8869,9867
423,1411
983,2000
1776,2765
6455,7471
8876,9877
8383,9373
5603,6618
6229,7223
5852,6834
7933,8933
4386,5382
2584,3587
4319,5332
8132,9136
2381,3364
5166,6149
9914,10902
2106,3118
9745,10760
3044,4026
3435,4447
9267,10266
2332,3330
4637,5633
8067,9051
5912,6909
5020,6032
1557,2564
5529,6514
3503,4511
4009,5012
6691,7681
6032,7023
5839,6841
839,1852
1086,2091
9373,10380
8630,9635
8821,9826
1917,2902
4675,5679
3194,4182
6225,7240
3905,4888
3097,4094
9826,10823
6374,7363
4985,5993
3216,4202
9539,10526
1989,2986
3760,4772
2804,3811
9643,10637
5738,6741
5718,6700
7839,8845
1710,2720
2952,3969
9712,10701
6137,7137
7696,8695
77,1063
6677,7672
5904,6893
2698,3686
8522,9504
6341,7342
9727,10723
5519,6518
7241,8250
4818,5809
165,1173
6598,7609
198,1212
1424,2405
5696,6704
7912,8895
3472,4478
2227,3238
9407,10396
9763,10762
2576,3577
50,1030
2119,3135
6206,7215
3485,4469
7592,8586
1977,2965
8145,9146
2866,3854
2666,3666
6635,7645
4806,5819
8030,9029
1378,2397
1997,2990
1435,2416
8820,9838
5962,6979
1535,2519
7638,8631
7722,8723
6322,7339
925,1941
9287,10290
8903,9901
5824,6828
314,1315
9976,10977
1760,2764
1460,2455
9628,10646
6745,7739
8712,9716
2438,3443
18,1007
5768,6763
7639,8641
6743,7757
8563,9579
6543,7541
898,1905
9914,10931
6384,7375
4677,5685
8468,9466
4449,5454
8112,9097
2916,3922
3856,4870
2114,3118
8504,9486
3196,4214
3137,4155
9174,10166
9453,10452
9988,10973
2238,3218
4831,5836
9973,10975
7071,8083
3786,4775
6353,7358
5352,6339
1617,2608
431,1436
3240,4238
4057,5058
4571,5580
5979,6959
3526,4518
721,1733
1086,2094
6020,7022
6619,7637
9465,10449
5562,6547
3294,4285
2087,3094
8431,9448
3446,4457
3931,4920
5076,6082
1030,2030
6047,7053
3179,4163
9273,10269
2104,3123
9526,10532
9558,10553
7858,8841
1536,2533
9601,10609
9520,10503
3683,4678
1049,2042
6692,7689
277,1269
8101,9104
9734,10732
2023,3014
2009,3025
2128,3110
6948,7937
7151,8131
9226,10230
4765,5769
4342,5323
25,1029
6734,7747
3277,4286
8859,9852
7765,8783
2502,3500
7023,8038
9355,10364
1144,2128
4606,5622
1142,2124
8549,9553
4840,5831
6329,7342
9698,10684
6804,7814
7771,8758
6785,7767
6246,7231
9095,10097
1735,2732
3159,4172
6074,7082
9485,10470
9897,10900
2142,3128
1435,2436
6770,7780
3091,4095
5210,6206
3450,4450
7069,8060
3504,4520
6396,7404
405,1418
8883,9898
7996,8987
7109,8119
6151,7135
3532,4521
6838,7836
4641,5658
4013,4999
246,1238
1894,2906
9026,10030
6187,7189
3228,4217
3317,4331
8324,9305
510,1500
8270,9252
7150,8152
135,1133
4844,5828
433,1445
9321,10329
6944,7924
2280,3271
6304,7291
640,1639
8199,9210
9378,10372
1037,2046
6522,7504
5104,6095
2320,3304
3915,4919
467,1482
514,1495
4923,5930
12,1010
7649,8664
794,1783
2651,3667
124,1108
8302,9313
109,1111
1987,2989
3911,4920
5166,6175
7788,8796
49,1065
930,1914
9495,10485
4716,5725
6161,7145
7882,8888
3877,4876
9505,10488
1947,2945
6354,7356
6396,7394
864,1863
9879,10889
9999,10989
9489,10492
1358,2373
7418,8424
8012,9021
7832,8814
9923,10925
6933,7948
5639,6644
5701,6698
6131,7134
6384,7385
537,1549
3332,4327
7185,8172
3717,4716
6815,7834
8234,9215
8838,9824
3255,4241
9938,10955
4790,5782
548,1531
4764,5757
8777,9786
2229,3243
7577,8576
8779,9765
6859,7860
987,2004
8947,9938
5917,6915
3457,4454
9996,11011
5976,6969
7400,8380
5251,6244
8922,9916
4596,5597
8707,9725
9978,10966
3502,4517
2963,3953
4810,5805
8834,9816
1032,2036
1104,2093
4679,5682
593,1590
7170,8173
2348,3336
2887,3871
4527,5533
5119,6136
806,1792
7179,8181
4154,5158
9256,10259
7274,8266
9081,10092
1582,2569
1944,2955
2253,3256
3630,4619
4247,5249
6783,7785
6626,7612
4835,5816
5148,6148
5279,6289
2714,3703
209,1193
6968,7978
8427,9407
1020,2025
5064,6079
8852,9856
1066,2065
1362,2354
8840,9827
9065,10072
8461,9475
3345,4361
6406,7413
4377,5379
334,1328
5795,6781
5919,6924
4671,5669
1590,2599
3545,4537
1406,2412
7952,8959
627,1625
1889,2906
9220,10211
3274,4270
1029,2032
5968,6958
9664,10681
8133,9139
2060,3055
2593,3612
5665,6661
9692,10674
3739,4756
880,1875
7378,8365
8845,9843
4478,5461
8556,9555
8774,9791
4498,5486
7124,8142
4496,5487
7122,8108
6562,7571
1967,2979
1631,2640
9972,10985
2027,3027
923,1942
9443,10443
1618,2603
6066,7053
141,1150
8341,9339
6407,7413
3819,4807
369,1377
8076,9091
8980,9965
6570,7559
2309,3315
3755,4756
966,1961
160,1145
2979,3998
3198,4189
9862,10862
3063,4076
8368,9349
1231,2239
2060,3067
3199,4214
3974,4993
3316,4306
690,1677
8907,9890
6491,7490
1331,2328
7352,8343
6614,7604
4710,5692
913,1895
1892,2891
7627,8612
4004,5011
5334,6324
902,1898
828,1814
3655,4649
5044,6032
6526,7507
5574,6580
8233,9221
3383,4380
8743,9727
800,1807
8720,9705
3037,4029
7139,8151
265,1252
4155,5147
7597,8582
132,1114
5796,6786
7166,8173
5688,6669
4638,5650
2134,3153
7754,8735
3466,4464
3157,4156
9684,10703
1236,2244
180,1171
9906,10907
8685,9676
9646,10654
7046,8049
842,1848
4600,5605
6926,7912
1188,2195
8821,9809
5125,6138
5738,6729
9765,10769
7399,8413
9181,10181
3266,4277
2331,3343
2209,3203
4411,5400
2501,3496
2496,3514
4754,5764
8007,9011
975,1955
2355,3343
3975,4957
5609,6605
2864,3882
3551,4554
4609,5614
4397,5384
2105,3111
8751,9768
1832,2837
4085,5072
1267,2260
2288,3272
6973,7986
6856,7836
6067,7052
4153,5154
5131,6122
2130,3115
7557,8561
3533,4515
499,1495
2737,3719
1912,2902
9630,10611
8392,9397
2221,3216
3083,4092
2104,3118
1021,2013
7261,8275
4111,5097
5547,6530
1249,2249
6804,7816
8423,9421
4154,5159
8984,9989
5567,6562
6419,7403
2788,3788
9010,9997
9131,10125
2223,3227
1850,2838
1772,2783
883,1886
3327,4344
44287
40562
51977
56383
40585
43101
53461
52402
44185
41360
49526
49309
46750
49788
56192
45056
50336
54335
53500
46674
42092
40846
57523
40856
43676
49974
45169
57085
41511
56354
59430
50245
40647
58021
43716
49175
51308
46251
48628
58075
53970
43213
58716
53943
57445
48408
44473
59311
51460
46186
41511
40564
42893
44252
58699
45641
46007
60386
48822
49101
51667
46092
49848
59837
57957
60508
52058
46100
52216
54264
45051
55698
58209
58131
46737
42842
42499
40556
59727
49957
60520
49307
60205
55388
58253
51173
44133
45530
59200
43572
56476
50366
55869
45451
52396
53950
52697
59645
43123
55058
42061
59947
56722
40557
57218
43902
54620
46211
41419
50307
42778
57716
58501
56586
42667
54458
53164
41948
57989
43986
46473
54759
44486
55668
51545
45718
46571
60454
54184
47987
60585
52489
41071
46833
57664
58688
55093
51110
52367
43125
51545
53911
55773
44568
48497
53134
51784
50622
40681
49277
60567
48177
48064
46399
46761
52989
60570
54590
60336
55266
49142
53198
47327
41714
45600
49469
42911
47679
45215
43312
53340
42067
58192
55811
58026
48971
43773
40451
57538
48884
52468
46423
54422
46753
58539
57666
41358
50414
41172
46013
49967
43538
57353
44508
60568
47078
57080
52792
47616
57654
47936
44865
52226
42032
55679
53421
59405
51406
52983
41554
59876
46690
48412
57466
45687
40700
57666
48113
47035
51919
55716
41403
50098
40939
50569
56575
48558
51269
42588
54288
53052
41465
58914
52411
47339
46517
53377
59558
56092
47789
48702
45942
42669
49469
53437
42808
58540
55812
59580
42868
49445
43285
42315
56655
46956
57843
46723
54597
56385
52556
59855
53984
53831
51207
44214
45038
51295
60142
44764
46525
51041
48437
45541
51817
42385
49966
47366
50484
58789
51405
54999
56367
43319
57921
45093
42200
53645
56650
55137
40968
45200
57578
50355
49236
46721
54207
59852
41453
57049
51672
42880
56812
52674
44503
48949
55947
45131
58778
48821
44234
49168
52181
56023
58684
52299
51617
42288
51960
54864
43516
60526
41464
54863
47483
53798
55140
47623
45733
50227
45634
46610
50013
60401
40843
54761
52724
51063
58511
46837
41320
56056
52949
48209
45375
47998
52415
60084
55431
57036
58557
58409
45825
44053
60079
52050
45613
56743
43451
54677
58003
50576
45139
54809
48820
57951
41485
49771
46294
42408
57552
52931
51546
56419
57038
45289
46265
58562
54791
46567
52269
53272
51544
60529
43731
48267
49971
41130
47757
45317
44105
52976
50997
45068
60110
58867
51106
52723
48468
47767
45225
