923,1701
4945,2943
1846,3402
3297,1962
2462,4536
1649,981
2769,5103
4121,2452
308,567
4121,2452
2462,4536
1649,981
1231,2268
7417,4414
923,1701
6593,3923
2154,3969
8241,4904
1231,2268
3297,1962
2769,5103
825,491
3077,5670
4945,2943
2154,3969
7417,4414
616,1134
5769,3433
308,567
8241,4904
2462,4536
4945,2943
1846,3402
2473,1472
923,1701
6593,3923
2154,3969
6593,3923
2769,5103
4945,2943
923,1701
5769,3433
2462,4536
825,491
616,1134
7417,4414
616,1134
6593,3923
2462,4536
6593,3923
1231,2268
4945,2943
308,567
825,491
2462,4536
825,491
1231,2268
825,491
923,1701
8241,4904
308,567
7417,4414
2154,3969
7417,4414
2154,3969
4121,2452
923,1701
4121,2452
308,567
4121,2452
923,1701
1649,981
1846,3402
7417,4414
1231,2268
4121,2452
1231,2268
7417,4414
2154,3969
825,491
1539,2835
4121,2452
308,567
4945,2943
1539,2835
4121,2452
616,1134
1649,981
1231,2268
8241,4904
2154,3969
3297,1962
2154,3969
1649,981
923,1701
6593,3923
923,1701
4945,2943
2769,5103
8241,4904
923,1701
825,491
3077,5670
3297,1962
308,567
6593,3923
3077,5670
7417,4414
1231,2268
2473,1472
2769,5103
5769,3433
3077,5670
825,491
2769,5103
3297,1962
1231,2268
2473,1472
2154,3969
4121,2452
923,1701
1649,981
308,567
7417,4414
1539,2835
7417,4414
1231,2268
4945,2943
616,1134
6593,3923
2462,4536
7417,4414
3077,5670
3297,1962
3077,5670
2473,1472
923,1701
5769,3433
616,1134
6593,3923
308,567
6593,3923
616,1134
4121,2452
923,1701
6593,3923
3077,5670
2473,1472
308,567
825,491
1231,2268
7417,4414
2462,4536
6593,3923
1846,3402
7417,4414
308,567
8241,4904
2462,4536
6593,3923
3077,5670
7417,4414
616,1134
4121,2452
2462,4536
7417,4414
1231,2268
1649,981
308,567
2473,1472
2154,3969
4121,2452
308,567
2473,1472
1539,2835
4121,2452
616,1134
4121,2452
2154,3969
2473,1472
2769,5103
5769,3433
923,1701
7417,4414
1231,2268
1649,981
2769,5103
4121,2452
1846,3402
825,491
1539,2835
2473,1472
1846,3402
825,491
616,1134
3297,1962
616,1134
3297,1962
923,1701
825,491
1846,3402
7417,4414
923,1701
7417,4414
1539,2835
3297,1962
2154,3969
2473,1472
1231,2268
7417,4414
1846,3402
4121,2452
1539,2835
1649,981
923,1701
3297,1962
2769,5103
4121,2452
923,1701
8241,4904
308,567
8241,4904
308,567
8241,4904
3077,5670
8241,4904
2462,4536
3297,1962
616,1134
2473,1472
1846,3402
7417,4414
1231,2268
8241,4904
308,567
5769,3433
1539,2835
4121,2452
1539,2835
825,491
1846,3402
6593,3923
308,567
825,491
308,567
7417,4414
1231,2268
2473,1472
1539,2835
2473,1472
923,1701
6593,3923
1846,3402
6593,3923
2462,4536
6593,3923
923,1701
6593,3923
308,567
4945,2943
2769,5103
4121,2452
2462,4536
7417,4414
3077,5670
3297,1962
3077,5670
2473,1472
308,567
825,491
2154,3969
4945,2943
616,1134
8241,4904
616,1134
3297,1962
1846,3402
4945,2943
308,567
4945,2943
308,567
5769,3433
616,1134
5769,3433
923,1701
8241,4904
923,1701
7417,4414
2462,4536
4945,2943
3077,5670
1649,981
923,1701
2473,1472
3077,5670
8241,4904
3077,5670
825,491
2769,5103
4945,2943
2769,5103
6593,3923
1539,2835
1649,981
308,567
7417,4414
2462,4536
825,491
1539,2835
3297,1962
1231,2268
2473,1472
2462,4536
4945,2943
2462,4536
1649,981
2462,4536
4945,2943
2769,5103
1649,981
1846,3402
825,491
2154,3969
7417,4414
923,1701
4945,2943
1846,3402
4945,2943
2769,5103
1649,981
308,567
4121,2452
2462,4536
7417,4414
308,567
2473,1472
1231,2268
4121,2452
1846,3402
3297,1962
308,567
6593,3923
1539,2835
6593,3923
2462,4536
5769,3433
1539,2835
6593,3923
923,1701
6593,3923
616,1134
3297,1962
3077,5670
4121,2452
1539,2835
6593,3923
1231,2268
3297,1962
923,1701
2473,1472
2769,5103
6593,3923
2154,3969
6593,3923
923,1701
6593,3923
2769,5103
825,491
1846,3402
825,491
308,567
1649,981
2462,4536
6593,3923
2769,5103
6593,3923
2154,3969
3297,1962
3077,5670
2473,1472
1846,3402
1649,981
2154,3969
8241,4904
3077,5670
5769,3433
2769,5103
825,491
2154,3969
5769,3433
616,1134
1649,981
308,567
4121,2452
3077,5670
6593,3923
1231,2268
4121,2452
3077,5670
2473,1472
1846,3402
4121,2452
1539,2835
5769,3433
2769,5103
8241,4904
616,1134
3297,1962
2462,4536
6593,3923
2769,5103
6593,3923
2462,4536
825,491
616,1134
4121,2452
2769,5103
3297,1962
2154,3969
825,491
923,1701
8241,4904
1846,3402
6593,3923
1231,2268
6593,3923
1231,2268
4945,2943
1846,3402
2473,1472
923,1701
6593,3923
1539,2835
3297,1962
3077,5670
7417,4414
2462,4536
6593,3923
3077,5670
7417,4414
3077,5670
8241,4904
3077,5670
4121,2452
3077,5670
4945,2943
616,1134
2473,1472
1846,3402
7417,4414
1539,2835
825,491
2769,5103
1649,981
2462,4536
1649,981
2769,5103
825,491
923,1701
3297,1962
2769,5103
2473,1472
308,567
7417,4414
1231,2268
5769,3433
2769,5103
4121,2452
308,567
4945,2943
1846,3402
825,491
308,567
4945,2943
2462,4536
4121,2452
1846,3402
6593,3923
3077,5670
4121,2452
308,567
3297,1962
923,1701
2473,1472
3077,5670
3297,1962
616,1134
6593,3923
1539,2835
3297,1962
3077,5670
7417,4414
2462,4536
6593,3923
2154,3969
7417,4414
1231,2268
4945,2943
923,1701
3297,1962
2769,5103
3297,1962
1539,2835
4945,2943
308,567
825,491
1846,3402
825,491
2462,4536
8241,4904
1539,2835
4121,2452
2154,3969
1649,981
2154,3969
1649,981
616,1134
3297,1962
2154,3969
825,491
1231,2268
4121,2452
1846,3402
3297,1962
2769,5103
8241,4904
1539,2835
4945,2943
616,1134
6593,3923
308,567
8241,4904
2769,5103
4121,2452
2462,4536
2473,1472
3077,5670
1649,981
3077,5670
7417,4414
2462,4536
1649,981
1231,2268
4945,2943
923,1701
4121,2452
3077,5670
2473,1472
2769,5103
8241,4904
2769,5103
4945,2943
308,567
8241,4904
3077,5670
5769,3433
3077,5670
6593,3923
923,1701
8241,4904
2769,5103
8241,4904
1231,2268
3297,1962
616,1134
4121,2452
3077,5670
2473,1472
2154,3969
825,491
923,1701
5769,3433
308,567
8241,4904
308,567
825,491
1231,2268
2473,1472
308,567
4945,2943
2154,3969
5769,3433
2769,5103
2473,1472
923,1701
1649,981
2769,5103
2473,1472
2769,5103
4121,2452
308,567
7417,4414
308,567
8241,4904
2154,3969
4121,2452
2154,3969
8241,4904
1539,2835
825,491
3077,5670
6593,3923
3077,5670
5769,3433
616,1134
2473,1472
923,1701
3297,1962
3077,5670
1649,981
2769,5103
2473,1472
1539,2835
8241,4904
616,1134
5769,3433
1539,2835
6593,3923
3077,5670
825,491
2462,4536
4945,2943
1539,2835
7417,4414
1539,2835
3297,1962
2462,4536
2473,1472
308,567
4121,2452
308,567
825,491
308,567
8241,4904
1231,2268
5769,3433
2462,4536
8241,4904
1231,2268
4121,2452
1539,2835
7417,4414
2462,4536
7417,4414
3077,5670
4945,2943
1846,3402
1649,981
1231,2268
4121,2452
1846,3402
1649,981
616,1134
5769,3433
3077,5670
4121,2452
2769,5103
4121,2452
1539,2835
1649,981
616,1134
4121,2452
2154,3969
5769,3433
1231,2268
4121,2452
1231,2268
2473,1472
2462,4536
8241,4904
1846,3402
6593,3923
3077,5670
7417,4414
2769,5103
6593,3923
923,1701
825,491
923,1701
5769,3433
923,1701
825,491
616,1134
4121,2452
2462,4536
3297,1962
308,567
4945,2943
616,1134
7417,4414
2769,5103
2473,1472
1539,2835
5769,3433
923,1701
825,491
2769,5103
1649,981
616,1134
825,491
2154,3969
825,491
923,1701
4945,2943
1231,2268
2473,1472
1539,2835
4121,2452
308,567
8241,4904
616,1134
825,491
2154,3969
7417,4414
2462,4536
4945,2943
3077,5670
6593,3923
1539,2835
2473,1472
1231,2268
4945,2943
1231,2268
6593,3923
1539,2835
6593,3923
2769,5103
1649,981
923,1701
8241,4904
308,567
5769,3433
923,1701
2473,1472
3077,5670
2473,1472
2769,5103
1649,981
2462,4536
7417,4414
3077,5670
2473,1472
3077,5670
6593,3923
2154,3969
1649,981
923,1701
7417,4414
616,1134
6593,3923
923,1701
1649,981
1539,2835
2473,1472
2154,3969
3297,1962
923,1701
4945,2943
616,1134
8241,4904
2154,3969
8241,4904
923,1701
8241,4904
2462,4536
6593,3923
1846,3402
7417,4414
2769,5103
5769,3433
616,1134
2473,1472
923,1701
3297,1962
1846,3402
4945,2943
2769,5103
5769,3433
2154,3969
4945,2943
923,1701
4121,2452
2154,3969
5769,3433
308,567
2473,1472
2154,3969
6593,3923
2769,5103
3297,1962
923,1701
1649,981
616,1134
2473,1472
308,567
2473,1472
1846,3402
2473,1472
1539,2835
8241,4904
2154,3969
4945,2943
923,1701
1649,981
1846,3402
3297,1962
1539,2835
3297,1962
923,1701
2473,1472
923,1701
4945,2943
923,1701
4945,2943
2154,3969
6593,3923
1846,3402
7417,4414
3077,5670
3297,1962
1539,2835
2473,1472
1846,3402
8241,4904
616,1134
4945,2943
308,567
8241,4904
2769,5103
1649,981
2462,4536
1649,981
3077,5670
7417,4414
1231,2268
4945,2943
1846,3402
5769,3433
923,1701
3297,1962
1539,2835
8241,4904
2769,5103
7417,4414
923,1701
4121,2452
923,1701
5769,3433
308,567
4945,2943
923,1701
2473,1472
2154,3969
825,491
3077,5670
3297,1962
1846,3402
4945,2943
2769,5103
3297,1962
3077,5670
5769,3433
1539,2835
2473,1472
2462,4536
825,491
1846,3402
4945,2943
3077,5670
4121,2452
3077,5670
5769,3433
1539,2835
8241,4904
3077,5670
1649,981
2462,4536
7417,4414
308,567
3297,1962
1846,3402
1649,981
1846,3402
4121,2452
3077,5670
6593,3923
2154,3969
4121,2452
1539,2835
5769,3433
1846,3402
2473,1472
616,1134
825,491
1846,3402
1649,981
1231,2268
4121,2452
1846,3402
1649,981
2154,3969
8241,4904
1231,2268
825,491
616,1134
1649,981
1846,3402
4121,2452
1846,3402
4121,2452
923,1701
4121,2452
1539,2835
3297,1962
2769,5103
3297,1962
923,1701
2473,1472
308,567
3297,1962
2769,5103
2473,1472
2462,4536
4945,2943
2154,3969
1649,981
308,567
4121,2452
1846,3402
4945,2943
1231,2268
5769,3433
3077,5670
5769,3433
616,1134
4121,2452
2769,5103
4121,2452
3077,5670
3297,1962
616,1134
825,491
1231,2268
7417,4414
1231,2268
4121,2452
1231,2268
8241,4904
2154,3969
8241,4904
308,567
2473,1472
1539,2835
8241,4904
3077,5670
4945,2943
616,1134
8241,4904
2769,5103
825,491
923,1701
7417,4414
2769,5103
4121,2452
2769,5103
6593,3923
2769,5103
1649,981
2462,4536
4121,2452
616,1134
3297,1962
308,567
4945,2943
308,567
7417,4414
2462,4536
5769,3433
1539,2835
1649,981
923,1701
8241,4904
2154,3969
7417,4414
1846,3402
4945,2943
616,1134
4121,2452
2154,3969
5769,3433
3077,5670
3297,1962
616,1134
3297,1962
2154,3969
1649,981
1846,3402
7417,4414
308,567
7417,4414
2154,3969
4121,2452
2154,3969
3297,1962
616,1134
3297,1962
2154,3969
4945,2943
2154,3969
4121,2452
308,567
4945,2943
308,567
1649,981
1846,3402
5769,3433
2154,3969
6593,3923
308,567
2473,1472
308,567
3297,1962
1539,2835
2473,1472
2462,4536
825,491
1231,2268
1649,981
1539,2835
825,491
923,1701
6593,3923
2154,3969
825,491
2462,4536
8241,4904
923,1701
2473,1472
1846,3402
825,491
1231,2268
825,491
2462,4536
8241,4904
3077,5670
3297,1962
923,1701
6593,3923
2154,3969
825,491
1231,2268
5769,3433
1231,2268
4945,2943
2462,4536
4121,2452
2462,4536
4945,2943
1539,2835
6593,3923
3077,5670
6593,3923
2462,4536
825,491
616,1134
5769,3433
2769,5103
7417,4414
2462,4536
5769,3433
616,1134
6593,3923
2769,5103
6593,3923
3077,5670
2473,1472
2769,5103
1649,981
1231,2268
5769,3433
308,567
8241,4904
2769,5103
7417,4414
1231,2268
1649,981
308,567
7417,4414
308,567
7417,4414
308,567
7417,4414
2154,3969
5769,3433
923,1701
8241,4904
1231,2268
825,491
1231,2268
7417,4414
2462,4536
6593,3923
308,567
3297,1962
3077,5670
3297,1962
616,1134
3297,1962
2769,5103
1649,981
1539,2835
3297,1962
1846,3402
825,491
3077,5670
7417,4414
308,567
6593,3923
308,567
7417,4414
308,567
6593,3923
2769,5103
4121,2452
2462,4536
4121,2452
308,567
3297,1962
3077,5670
2473,1472
616,1134
7417,4414
1539,2835
4945,2943
616,1134
5769,3433
616,1134
825,491
923,1701
5769,3433
616,1134
8241,4904
3077,5670
7417,4414
2462,4536
4945,2943
308,567
7417,4414
1539,2835
825,491
1846,3402
2473,1472
2769,5103
4121,2452
1539,2835
4945,2943
1846,3402
7417,4414
923,1701
6593,3923
2154,3969
4121,2452
1846,3402
5769,3433
308,567
3297,1962
923,1701
5769,3433
1231,2268
6593,3923
2462,4536
7417,4414
2769,5103
7417,4414
1539,2835
2473,1472
923,1701
4121,2452
308,567
4945,2943
1846,3402
7417,4414
2154,3969
7417,4414
2769,5103
4121,2452
616,1134
6593,3923
308,567
3297,1962
2154,3969
2473,1472
1539,2835
5769,3433
2462,4536
7417,4414
308,567
5769,3433
616,1134
825,491
2154,3969
1649,981
308,567
1649,981
2462,4536
4121,2452
2462,4536
1649,981
1539,2835
6593,3923
923,1701
1649,981
2154,3969
3297,1962
1539,2835
4945,2943
308,567
2473,1472
2769,5103
7417,4414
616,1134
7417,4414
1846,3402
6593,3923
3077,5670
4121,2452
3077,5670
8241,4904
923,1701
6593,3923
3077,5670
4945,2943
1846,3402
1649,981
923,1701
7417,4414
3077,5670
8241,4904
3077,5670
7417,4414
1231,2268
1649,981
923,1701
1649,981
1846,3402
4121,2452
616,1134
6593,3923
2769,5103
4945,2943
1846,3402
5769,3433
3077,5670
6593,3923
923,1701
1649,981
1539,2835
825,491
2769,5103
4945,2943
1231,2268
6593,3923
308,567
7417,4414
308,567
4945,2943
1846,3402
7417,4414
2462,4536
1649,981
1539,2835
5769,3433
1846,3402
1649,981
2769,5103
5769,3433
1846,3402
7417,4414
1231,2268
6593,3923
1846,3402
4945,2943
923,1701
3297,1962
2769,5103
3297,1962
3077,5670
7417,4414
3077,5670
7417,4414
616,1134
825,491
1846,3402
1649,981
616,1134
6593,3923
616,1134
6593,3923
1231,2268
8241,4904
2462,4536
6593,3923
308,567
2473,1472
616,1134
825,491
923,1701
4121,2452
308,567
4121,2452
2462,4536
8241,4904
1846,3402
7417,4414
1539,2835
6593,3923
2769,5103
1649,981
1231,2268
825,491
2769,5103
5769,3433
1846,3402
2473,1472
2154,3969
7417,4414
2769,5103
2473,1472
308,567
825,491
1539,2835
1649,981
2154,3969
6593,3923
616,1134
1649,981
3077,5670
2473,1472
1539,2835
2473,1472
1231,2268
6593,3923
2769,5103
1649,981
616,1134
4945,2943
1846,3402
8241,4904
1846,3402
7417,4414
308,567
2473,1472
308,567
4945,2943
3077,5670
825,491
2462,4536
6593,3923
1846,3402
4121,2452
923,1701
8241,4904
1539,2835
4121,2452
1231,2268
825,491
2462,4536
8241,4904
308,567
6593,3923
308,567
3297,1962
2154,3969
4121,2452
2462,4536
8241,4904
3077,5670
825,491
2769,5103
4945,2943
2462,4536
5769,3433
2154,3969
4121,2452
616,1134
2473,1472
2462,4536
2473,1472
923,1701
7417,4414
1539,2835
1649,981
923,1701
7417,4414
2154,3969
7417,4414
2462,4536
825,491
1846,3402
4121,2452
2462,4536
825,491
1846,3402
6593,3923
616,1134
7417,4414
1846,3402
825,491
616,1134
4121,2452
923,1701
7417,4414
308,567
7417,4414
1539,2835
1649,981
308,567
2473,1472
308,567
2473,1472
1539,2835
825,491
2769,5103
3297,1962
923,1701
8241,4904
2462,4536
825,491
308,567
825,491
2462,4536
4121,2452
1539,2835
6593,3923
1846,3402
3297,1962
2769,5103
8241,4904
2462,4536
3297,1962
1539,2835
7417,4414
1539,2835
4121,2452
2462,4536
1649,981
616,1134
7417,4414
616,1134
3297,1962
1539,2835
2473,1472
616,1134
6593,3923
2154,3969
8241,4904
1231,2268
1649,981
2769,5103
6593,3923
308,567
825,491
2154,3969
3297,1962
308,567
4945,2943
923,1701
5769,3433
2154,3969
4121,2452
308,567
8241,4904
1231,2268
2473,1472
2769,5103
1649,981
2154,3969
6593,3923
923,1701
3297,1962
1231,2268
4121,2452
3077,5670
825,491
616,1134
5769,3433
3077,5670
8241,4904
2154,3969
6593,3923
2769,5103
825,491
2462,4536
7417,4414
1539,2835
825,491
1231,2268
6593,3923
3077,5670
825,491
3077,5670
825,491
3077,5670
3297,1962
3077,5670
3297,1962
1231,2268
1649,981
3077,5670
4121,2452
616,1134
1649,981
308,567
825,491
1846,3402
7417,4414
2462,4536
6593,3923
308,567
6593,3923
616,1134
8241,4904
308,567
825,491
308,567
8241,4904
1231,2268
1649,981
2154,3969
2473,1472
2769,5103
4945,2943
2154,3969
4121,2452
1539,2835
4945,2943
1231,2268
3297,1962
616,1134
4945,2943
2154,3969
8241,4904
2769,5103
3297,1962
616,1134
4945,2943
1846,3402
825,491
2154,3969
1649,981
2462,4536
6593,3923
1539,2835
7417,4414
2462,4536
7417,4414
923,1701
1649,981
1846,3402
4121,2452
2462,4536
1649,981
1846,3402
4945,2943
616,1134
5769,3433
1231,2268
4945,2943
2769,5103
1649,981
923,1701
3297,1962
3077,5670
6593,3923
308,567
825,491
2154,3969
4121,2452
1539,2835
2473,1472
616,1134
2473,1472
1846,3402
4121,2452
1846,3402
2473,1472
923,1701
5769,3433
2462,4536
6593,3923
616,1134
1649,981
2769,5103
2473,1472
616,1134
3297,1962
308,567
5769,3433
1231,2268
1649,981
2769,5103
5769,3433
1539,2835
8241,4904
3077,5670
7417,4414
2769,5103
6593,3923
2154,3969
7417,4414
2769,5103
7417,4414
2462,4536
2473,1472
1539,2835
4945,2943
2154,3969
1649,981
616,1134
7417,4414
1231,2268
3297,1962
1846,3402
5769,3433
308,567
3297,1962
2462,4536
825,491
1846,3402
3297,1962
308,567
4121,2452
2462,4536
6593,3923
923,1701
8241,4904
2462,4536
6593,3923
3077,5670
5769,3433
3077,5670
825,491
2462,4536
4121,2452
2462,4536
1649,981
2462,4536
825,491
616,1134
8241,4904
308,567
6593,3923
3077,5670
1649,981
1846,3402
4945,2943
2154,3969
4121,2452
616,1134
3297,1962
308,567
8241,4904
923,1701
3297,1962
2154,3969
8241,4904
1846,3402
4945,2943
2154,3969
6593,3923
308,567
8241,4904
308,567
4945,2943
2769,5103
2473,1472
1231,2268
4945,2943
2154,3969
3297,1962
2462,4536
3297,1962
3077,5670
2473,1472
616,1134
5769,3433
1539,2835
4945,2943
1231,2268
825,491
308,567
4945,2943
2154,3969
5769,3433
616,1134
1649,981
616,1134
3297,1962
2769,5103
5769,3433
2769,5103
2473,1472
923,1701
2473,1472
2154,3969
7417,4414
1846,3402
4945,2943
923,1701
825,491
1539,2835
5769,3433
3077,5670
5769,3433
923,1701
4945,2943
2154,3969
1649,981
1539,2835
6593,3923
308,567
3297,1962
616,1134
4945,2943
308,567
2473,1472
2769,5103
7417,4414
2154,3969
4121,2452
2462,4536
5769,3433
616,1134
1649,981
1846,3402
5769,3433
1846,3402
1649,981
2154,3969
6593,3923
1231,2268
825,491
923,1701
4121,2452
308,567
5769,3433
3077,5670
825,491
1231,2268
6593,3923
2154,3969
2473,1472
2769,5103
5769,3433
1846,3402
4121,2452
616,1134
7417,4414
308,567
6593,3923
1846,3402
2473,1472
1846,3402
4945,2943
2769,5103
2473,1472
2462,4536
1649,981
2154,3969
1649,981
2154,3969
1649,981
2154,3969
4121,2452
2462,4536
4945,2943
923,1701
8241,4904
1231,2268
2473,1472
3077,5670
3297,1962
2462,4536
4945,2943
2462,4536
825,491
2769,5103
1649,981
2769,5103
4121,2452
2462,4536
825,491
1539,2835
2473,1472
2462,4536
1649,981
1231,2268
6593,3923
1539,2835
8241,4904
308,567
3297,1962
923,1701
7417,4414
1231,2268
7417,4414
1846,3402
825,491
3077,5670
4945,2943
1846,3402
8241,4904
616,1134
4945,2943
1231,2268
2473,1472
1231,2268
5769,3433
2769,5103
3297,1962
1846,3402
2473,1472
2154,3969
8241,4904
616,1134
2473,1472
2769,5103
7417,4414
3077,5670
825,491
2769,5103
6593,3923
616,1134
7417,4414
308,567
825,491
923,1701
825,491
923,1701
1649,981
2462,4536
2473,1472
308,567
3297,1962
1231,2268
8241,4904
2154,3969
5769,3433
616,1134
8241,4904
1846,3402
1649,981
2769,5103
4945,2943
3077,5670
4121,2452
923,1701
3297,1962
308,567
1649,981
2154,3969
2473,1472
3077,5670
7417,4414
923,1701
6593,3923
2462,4536
4945,2943
616,1134
1649,981
1539,2835
4121,2452
2154,3969
4945,2943
2462,4536
2473,1472
616,1134
5769,3433
1846,3402
4121,2452
616,1134
4121,2452
2154,3969
4121,2452
2154,3969
1649,981
3077,5670
1649,981
308,567
825,491
2462,4536
825,491
616,1134
3297,1962
1231,2268
6593,3923
2154,3969
3297,1962
1539,2835
4945,2943
1231,2268
8241,4904
616,1134
4121,2452
923,1701
3297,1962
2462,4536
2473,1472
2769,5103
8241,4904
308,567
825,491
2154,3969
2473,1472
1539,2835
8241,4904
616,1134
4121,2452
1231,2268
4121,2452
308,567
5769,3433
2462,4536
8241,4904
616,1134
4945,2943
1539,2835
4121,2452
923,1701
3297,1962
3077,5670
825,491
616,1134
825,491
1231,2268
4121,2452
2154,3969
1649,981
923,1701
3297,1962
1846,3402
6593,3923
3077,5670
2473,1472
616,1134
4945,2943
308,567
4121,2452
616,1134
1649,981
2154,3969
7417,4414
616,1134
4121,2452
1231,2268
4121,2452
1231,2268
3297,1962
2769,5103
4945,2943
308,567
4945,2943
616,1134
8241,4904
1231,2268
3297,1962
923,1701
4121,2452
923,1701
7417,4414
308,567
3297,1962
2769,5103
7417,4414
616,1134
4945,2943
308,567
6593,3923
1231,2268
4121,2452
308,567
8241,4904
616,1134
5769,3433
2462,4536
6593,3923
1539,2835
2473,1472
1539,2835
4945,2943
2769,5103
7417,4414
616,1134
7417,4414
2462,4536
4121,2452
1539,2835
6593,3923
1539,2835
2473,1472
2462,4536
4121,2452
1231,2268
4945,2943
2769,5103
7417,4414
2462,4536
3297,1962
2154,3969
2473,1472
2769,5103
8241,4904
2154,3969
8241,4904
923,1701
4121,2452
616,1134
4121,2452
2154,3969
1649,981
2769,5103
6593,3923
3077,5670
8241,4904
1846,3402
7417,4414
3077,5670
1649,981
2154,3969
1649,981
616,1134
3297,1962
2462,4536
4945,2943
1846,3402
4945,2943
2154,3969
7417,4414
2154,3969
2473,1472
2769,5103
2473,1472
1539,2835
4121,2452
923,1701
4121,2452
2462,4536
3297,1962
1539,2835
6593,3923
1846,3402
1649,981
2154,3969
3297,1962
1539,2835
825,491
2769,5103
2473,1472
1846,3402
825,491
616,1134
4945,2943
1231,2268
1649,981
616,1134
3297,1962
616,1134
7417,4414
1231,2268
2473,1472
1231,2268
4945,2943
2154,3969
2473,1472
923,1701
8241,4904
1539,2835
5769,3433
308,567
7417,4414
1231,2268
7417,4414
3077,5670
3297,1962
2462,4536
3297,1962
3077,5670
5769,3433
3077,5670
2473,1472
2154,3969
8241,4904
923,1701
4945,2943
1539,2835
4945,2943
2462,4536
1649,981
1539,2835
5769,3433
3077,5670
5769,3433
923,1701
2473,1472
2462,4536
3297,1962
3077,5670
2473,1472
616,1134
4121,2452
1846,3402
3297,1962
1539,2835
3297,1962
1846,3402
1649,981
2462,4536
4121,2452
923,1701
8241,4904
2154,3969
8241,4904
3077,5670
3297,1962
616,1134
1649,981
1231,2268
2473,1472
1539,2835
3297,1962
1846,3402
1649,981
616,1134
1649,981
1231,2268
4945,2943
1231,2268
825,491
1539,2835
5769,3433
308,567
5769,3433
3077,5670
8241,4904
3077,5670
7417,4414
923,1701
3297,1962
923,1701
1649,981
308,567
7417,4414
308,567
7417,4414
2462,4536
3297,1962
2462,4536
4121,2452
308,567
3297,1962
923,1701
8241,4904
616,1134
1649,981
616,1134
7417,4414
308,567
2473,1472
2769,5103
4121,2452
308,567
4945,2943
616,1134
8241,4904
1846,3402
1649,981
2154,3969
4121,2452
2462,4536
5769,3433
308,567
1649,981
308,567
5769,3433
1846,3402
2473,1472
2462,4536
7417,4414
923,1701
5769,3433
616,1134
1649,981
2154,3969
3297,1962
1846,3402
5769,3433
2154,3969
4945,2943
2154,3969
2473,1472
2154,3969
4121,2452
2462,4536
825,491
2769,5103
6593,3923
923,1701
1649,981
1231,2268
1649,981
923,1701
4121,2452
923,1701
4121,2452
2154,3969
6593,3923
923,1701
825,491
1231,2268
6593,3923
2154,3969
7417,4414
2769,5103
4945,2943
923,1701
3297,1962
1231,2268
5769,3433
3077,5670
825,491
923,1701
1649,981
3077,5670
825,491
2769,5103
7417,4414
923,1701
4121,2452
2462,4536
2473,1472
923,1701
4945,2943
3077,5670
8241,4904
616,1134
825,491
1539,2835
1649,981
1846,3402
6593,3923
1231,2268
825,491
2769,5103
8241,4904
923,1701
3297,1962
1846,3402
8241,4904
1846,3402
3297,1962
1846,3402
825,491
308,567
4945,2943
1539,2835
4945,2943
923,1701
7417,4414
2154,3969
6593,3923
308,567
3297,1962
616,1134
4945,2943
308,567
8241,4904
1539,2835
8241,4904
2769,5103
7417,4414
616,1134
6593,3923
1846,3402
3297,1962
2462,4536
4945,2943
1539,2835
8241,4904
2769,5103
825,491
3077,5670
7417,4414
3077,5670
3297,1962
1231,2268
4945,2943
3077,5670
4945,2943
1539,2835
6593,3923
3077,5670
7417,4414
1539,2835
4945,2943
2769,5103
6593,3923
1231,2268
4121,2452
2769,5103
825,491
616,1134
4945,2943
923,1701
5769,3433
2462,4536
7417,4414
2462,4536
6593,3923
923,1701
6593,3923
923,1701
7417,4414
1846,3402
2473,1472
1846,3402
2473,1472
923,1701
4945,2943
2154,3969
825,491
2462,4536
5769,3433
923,1701
8241,4904
2154,3969
1649,981
1846,3402
8241,4904
616,1134
4945,2943
616,1134
7417,4414
2769,5103
8241,4904
2769,5103
2473,1472
616,1134
5769,3433
308,567
6593,3923
616,1134
2473,1472
2462,4536
4121,2452
308,567
2473,1472
1231,2268
4945,2943
2769,5103
8241,4904
923,1701
5769,3433
2769,5103
8241,4904
2462,4536
3297,1962
1539,2835
825,491
308,567
2473,1472
2462,4536
3297,1962
2769,5103
7417,4414
2462,4536
8241,4904
1846,3402
3297,1962
1846,3402
7417,4414
2154,3969
825,491
3077,5670
7417,4414
1231,2268
7417,4414
2769,5103
4945,2943
2462,4536
6593,3923
616,1134
8241,4904
616,1134
4121,2452
1231,2268
6593,3923
3077,5670
8241,4904
616,1134
6593,3923
2462,4536
2473,1472
2154,3969
1649,981
308,567
7417,4414
616,1134
3297,1962
616,1134
4945,2943
308,567
825,491
2462,4536
6593,3923
2154,3969
825,491
2462,4536
5769,3433
308,567
5769,3433
3077,5670
6593,3923
1539,2835
4945,2943
1539,2835
7417,4414
1539,2835
2473,1472
2154,3969
5769,3433
2154,3969
1649,981
2769,5103
1649,981
2769,5103
825,491
616,1134
825,491
2769,5103
3297,1962
616,1134
7417,4414
1846,3402
3297,1962
2769,5103
4945,2943
308,567
4121,2452
1231,2268
7417,4414
3077,5670
2473,1472
1846,3402
7417,4414
2462,4536
3297,1962
2462,4536
3297,1962
1539,2835
5769,3433
1231,2268
3297,1962
923,1701
3297,1962
2154,3969
5769,3433
1539,2835
1649,981
2769,5103
6593,3923
1539,2835
1649,981
3077,5670
5769,3433
923,1701
8241,4904
1231,2268
4945,2943
1231,2268
7417,4414
3077,5670
825,491
1539,2835
4121,2452
616,1134
6593,3923
616,1134
825,491
1539,2835
8241,4904
2154,3969
825,491
308,567
7417,4414
616,1134
1649,981
1846,3402
8241,4904
1846,3402
5769,3433
616,1134
2473,1472
2462,4536
8241,4904
1539,2835
4945,2943
1846,3402
4121,2452
2462,4536
5769,3433
308,567
825,491
2462,4536
825,491
2462,4536
6593,3923
2769,5103
4121,2452
616,1134
3297,1962
2154,3969
1649,981
3077,5670
4121,2452
2154,3969
1649,981
1231,2268
3297,1962
616,1134
2473,1472
616,1134
7417,4414
616,1134
825,491
2154,3969
3297,1962
3077,5670
4121,2452
1846,3402
4945,2943
2769,5103
2473,1472
1231,2268
6593,3923
2154,3969
5769,3433
3077,5670
7417,4414
3077,5670
3297,1962
1231,2268
8241,4904
2154,3969
3297,1962
1231,2268
7417,4414
1846,3402
4121,2452
1846,3402
7417,4414
2154,3969
3297,1962
2154,3969
2473,1472
1539,2835
7417,4414
308,567
5769,3433
308,567
3297,1962
1846,3402
825,491
1231,2268
2473,1472
1539,2835
5769,3433
1231,2268
825,491
616,1134
2473,1472
1539,2835
1649,981
1846,3402
1649,981
923,1701
6593,3923
923,1701
8241,4904
2769,5103
8241,4904
1231,2268
1649,981
1539,2835
5769,3433
1231,2268
8241,4904
3077,5670
4121,2452
308,567
5769,3433
2154,3969
3297,1962
2154,3969
2473,1472
1846,3402
6593,3923
923,1701
3297,1962
2154,3969
7417,4414
2154,3969
825,491
1539,2835
8241,4904
1539,2835
6593,3923
923,1701
5769,3433
923,1701
825,491
2462,4536
3297,1962
923,1701
2473,1472
2154,3969
4121,2452
2769,5103
7417,4414
923,1701
3297,1962
1539,2835
3297,1962
308,567
3297,1962
2769,5103
4945,2943
923,1701
1649,981
2154,3969
4121,2452
2462,4536
5769,3433
308,567
4121,2452
616,1134
6593,3923
616,1134
6593,3923
1231,2268
825,491
308,567
7417,4414
1539,2835
4121,2452
1539,2835
5769,3433
2769,5103
825,491
616,1134
4121,2452
308,567
1649,981
308,567
825,491
1539,2835
8241,4904
1539,2835
4121,2452
1539,2835
4945,2943
923,1701
3297,1962
1231,2268
8241,4904
923,1701
2473,1472
1231,2268
3297,1962
1846,3402
7417,4414
2769,5103
4121,2452
1846,3402
4945,2943
2154,3969
6593,3923
2769,5103
2473,1472
616,1134
5769,3433
923,1701
6593,3923
923,1701
825,491
1539,2835
5769,3433
308,567
825,491
3077,5670
6593,3923
3077,5670
2473,1472
1539,2835
3297,1962
1231,2268
2473,1472
308,567
8241,4904
2769,5103
4121,2452
1846,3402
4945,2943
2462,4536
3297,1962
616,1134
7417,4414
308,567
4121,2452
3077,5670
6593,3923
308,567
8241,4904
923,1701
8241,4904
2769,5103
7417,4414
2769,5103
5769,3433
1846,3402
6593,3923
2769,5103
4945,2943
2462,4536
6593,3923
2154,3969
6593,3923
3077,5670
2473,1472
308,567
7417,4414
1846,3402
4121,2452
1846,3402
6593,3923
1231,2268
4945,2943
923,1701
4121,2452
1846,3402
3297,1962
1846,3402
2473,1472
2462,4536
2473,1472
2154,3969
7417,4414
2154,3969
3297,1962
2154,3969
1649,981
616,1134
1649,981
923,1701
5769,3433
2154,3969
1649,981
616,1134
4121,2452
308,567
5769,3433
308,567
8241,4904
2462,4536
3297,1962
1846,3402
5769,3433
1846,3402
4945,2943
1231,2268
7417,4414
1231,2268
4121,2452
2462,4536
6593,3923
2154,3969
5769,3433
3077,5670
6593,3923
616,1134
825,491
923,1701
7417,4414
2154,3969
3297,1962
308,567
1649,981
1231,2268
7417,4414
1539,2835
825,491
2769,5103
5769,3433
308,567
8241,4904
1539,2835
7417,4414
1539,2835
3297,1962
308,567
6593,3923
2154,3969
5769,3433
923,1701
3297,1962
1539,2835
6593,3923
308,567
8241,4904
616,1134
4121,2452
1846,3402
6593,3923
308,567
7417,4414
616,1134
1649,981
616,1134
8241,4904
2769,5103
4945,2943
616,1134
8241,4904
1231,2268
1649,981
616,1134
4945,2943
1231,2268
5769,3433
616,1134
2473,1472
2154,3969
825,491
616,1134
7417,4414
2154,3969
1649,981
2462,4536
6593,3923
616,1134
2473,1472
3077,5670
4945,2943
923,1701
7417,4414
1231,2268
3297,1962
616,1134
6593,3923
2462,4536
825,491
3077,5670
1649,981
1846,3402
7417,4414
616,1134
2473,1472
923,1701
8241,4904
3077,5670
2473,1472
616,1134
4945,2943
616,1134
825,491
616,1134
3297,1962
616,1134
4945,2943
616,1134
4945,2943
616,1134
8241,4904
308,567
825,491
923,1701
2473,1472
3077,5670
6593,3923
2154,3969
8241,4904
308,567
8241,4904
2462,4536
4121,2452
1846,3402
2473,1472
1539,2835
6593,3923
1539,2835
7417,4414
1539,2835
4945,2943
308,567
5769,3433
2769,5103
4945,2943
1231,2268
825,491
2154,3969
5769,3433
2154,3969
4121,2452
616,1134
1649,981
923,1701
7417,4414
2462,4536
4945,2943
923,1701
4945,2943
1846,3402
3297,1962
616,1134
7417,4414
2462,4536
6593,3923
1539,2835
8241,4904
1846,3402
3297,1962
1846,3402
7417,4414
2769,5103
2473,1472
2769,5103
5769,3433
923,1701
2473,1472
1846,3402
8241,4904
2154,3969
1649,981
2462,4536
7417,4414
1539,2835
4945,2943
1539,2835
3297,1962
1231,2268
4121,2452
1539,2835
3297,1962
1231,2268
1649,981
308,567
5769,3433
1846,3402
825,491
3077,5670
4945,2943
2769,5103
1649,981
308,567
5769,3433
1539,2835
825,491
308,567
8241,4904
1231,2268
8241,4904
923,1701
8241,4904
308,567
4121,2452
1539,2835
4945,2943
2769,5103
825,491
2462,4536
825,491
2769,5103
4945,2943
1846,3402
1649,981
3077,5670
2473,1472
616,1134
7417,4414
3077,5670
825,491
1846,3402
4121,2452
2462,4536
7417,4414
2154,3969
8241,4904
2769,5103
825,491
308,567
1649,981
616,1134
7417,4414
1846,3402
825,491
2154,3969
8241,4904
2154,3969
4945,2943
616,1134
6593,3923
1231,2268
825,491
2462,4536
6593,3923
3077,5670
6593,3923
1231,2268
5769,3433
1846,3402
8241,4904
616,1134
4121,2452
1539,2835
4121,2452
3077,5670
6593,3923
2769,5103
7417,4414
2154,3969
2473,1472
3077,5670
825,491
616,1134
5769,3433
1846,3402
825,491
923,1701
2473,1472
1539,2835
2473,1472
2769,5103
1649,981
2769,5103
4121,2452
616,1134
4945,2943
2462,4536
6593,3923
1846,3402
1649,981
616,1134
2473,1472
1539,2835
5769,3433
616,1134
1649,981
2462,4536
4945,2943
2769,5103
4945,2943
2769,5103
8241,4904
1539,2835
825,491
1539,2835
2473,1472
616,1134
3297,1962
2462,4536
5769,3433
1231,2268
1649,981
2769,5103
4945,2943
308,567
8241,4904
2462,4536
7417,4414
616,1134
4121,2452
3077,5670
2473,1472
2769,5103
825,491
923,1701
5769,3433
923,1701
4945,2943
308,567
5769,3433
1231,2268
4121,2452
923,1701
6593,3923
308,567
4121,2452
2462,4536
825,491
923,1701
3297,1962
3077,5670
825,491
2154,3969
6593,3923
2769,5103
7417,4414
308,567
3297,1962
2769,5103
1649,981
2462,4536
7417,4414
3077,5670
3297,1962
1539,2835
1649,981
1539,2835
6593,3923
1231,2268
4121,2452
3077,5670
1649,981
923,1701
825,491
3077,5670
5769,3433
616,1134
1649,981
1846,3402
825,491
923,1701
5769,3433
1539,2835
2473,1472
2462,4536
5769,3433
923,1701
4121,2452
616,1134
3297,1962
616,1134
4945,2943
2462,4536
1649,981
616,1134
8241,4904
2154,3969
2473,1472
1846,3402
6593,3923
1539,2835
6593,3923
923,1701
2473,1472
308,567
1649,981
1846,3402
4945,2943
1539,2835
6593,3923
308,567
825,491
308,567
6593,3923
2154,3969
2473,1472
923,1701
2473,1472
1846,3402
1649,981
308,567
7417,4414
2769,5103
6593,3923
1231,2268
2473,1472
3077,5670
5769,3433
2462,4536
5769,3433
1231,2268
1649,981
1231,2268
825,491
1846,3402
4945,2943
2154,3969
5769,3433
308,567
2473,1472
2769,5103
5769,3433
1231,2268
7417,4414
1231,2268
825,491
308,567
825,491
308,567
825,491
1846,3402
7417,4414
1539,2835
4121,2452
923,1701
8241,4904
2769,5103
6593,3923
3077,5670
8241,4904
2154,3969
825,491
2462,4536
7417,4414
1539,2835
4945,2943
3077,5670
2473,1472
1846,3402
1649,981
1846,3402
6593,3923
616,1134
8241,4904
308,567
5769,3433
923,1701
825,491
308,567
6593,3923
1846,3402
7417,4414
616,1134
6593,3923
923,1701
2473,1472
616,1134
1649,981
1231,2268
825,491
1846,3402
3297,1962
2462,4536
4121,2452
616,1134
7417,4414
2769,5103
2473,1472
1231,2268
825,491
2462,4536
1649,981
308,567
1649,981
1539,2835
825,491
1231,2268
825,491
923,1701
5769,3433
1539,2835
5769,3433
2154,3969
4945,2943
1846,3402
1649,981
1539,2835
5769,3433
1231,2268
7417,4414
308,567
4121,2452
308,567
6593,3923
1846,3402
2473,1472
1846,3402
7417,4414
1539,2835
825,491
1846,3402
4121,2452
3077,5670
7417,4414
2154,3969
2473,1472
2462,4536
6593,3923
616,1134
1649,981
616,1134
4121,2452
2462,4536
1649,981
2154,3969
6593,3923
616,1134
1649,981
2154,3969
825,491
616,1134
3297,1962
616,1134
8241,4904
1231,2268
3297,1962
1231,2268
4945,2943
923,1701
8241,4904
2769,5103
7417,4414
2462,4536
825,491
308,567
6593,3923
308,567
7417,4414
616,1134
4121,2452
308,567
7417,4414
308,567
2473,1472
3077,5670
4945,2943
1846,3402
1649,981
923,1701
8241,4904
2154,3969
6593,3923
1846,3402
7417,4414
1846,3402
825,491
308,567
3297,1962
3077,5670
825,491
923,1701
5769,3433
1846,3402
4121,2452
1231,2268
8241,4904
1539,2835
4945,2943
1231,2268
2473,1472
2462,4536
4121,2452
616,1134
2473,1472
2769,5103
5769,3433
1846,3402
6593,3923
308,567
1649,981
2769,5103
7417,4414
1846,3402
1649,981
2769,5103
825,491
308,567
1649,981
2769,5103
1649,981
2154,3969
1649,981
1846,3402
1649,981
1846,3402
6593,3923
1231,2268
1649,981
3077,5670
6593,3923
2154,3969
3297,1962
3077,5670
3297,1962
2154,3969
3297,1962
923,1701
7417,4414
2769,5103
3297,1962
2154,3969
8241,4904
616,1134
8241,4904
308,567
3297,1962
616,1134
4121,2452
2462,4536
825,491
2462,4536
4945,2943
1539,2835
6593,3923
2462,4536
7417,4414
1539,2835
6593,3923
923,1701
3297,1962
1539,2835
6593,3923
1539,2835
4945,2943
616,1134
6593,3923
308,567
825,491
2154,3969
825,491
2154,3969
1649,981
1539,2835
4945,2943
3077,5670
3297,1962
2154,3969
5769,3433
616,1134
5769,3433
1539,2835
5769,3433
3077,5670
3297,1962
616,1134
8241,4904
1231,2268
6593,3923
923,1701
4945,2943
2154,3969
6593,3923
2154,3969
3297,1962
2154,3969
825,491
3077,5670
825,491
1231,2268
3297,1962
2462,4536
4121,2452
3077,5670
2473,1472
308,567
6593,3923
923,1701
6593,3923
308,567
7417,4414
2154,3969
4945,2943
2154,3969
825,491
1539,2835
3297,1962
3077,5670
2473,1472
1231,2268
6593,3923
616,1134
4121,2452
923,1701
7417,4414
3077,5670
3297,1962
2154,3969
5769,3433
2462,4536
2473,1472
2462,4536
3297,1962
1539,2835
8241,4904
2769,5103
825,491
1539,2835
6593,3923
2462,4536
1649,981
1846,3402
6593,3923
1231,2268
5769,3433
2154,3969
8241,4904
308,567
2473,1472
2769,5103
1649,981
1539,2835
4945,2943
923,1701
8241,4904
1846,3402
4945,2943
1846,3402
5769,3433
308,567
1649,981
2462,4536
2473,1472
2462,4536
825,491
1231,2268
4945,2943
1231,2268
6593,3923
1846,3402
825,491
1231,2268
6593,3923
2769,5103
4121,2452
2154,3969
4121,2452
3077,5670
825,491
1231,2268
4121,2452
308,567
825,491
1231,2268
7417,4414
1846,3402
3297,1962
308,567
825,491
3077,5670
4945,2943
616,1134
2473,1472
1539,2835
3297,1962
2769,5103
7417,4414
2462,4536
1649,981
1231,2268
4945,2943
3077,5670
1649,981
1846,3402
1649,981
308,567
2473,1472
923,1701
3297,1962
2154,3969
1649,981
3077,5670
4121,2452
2462,4536
6593,3923
1846,3402
8241,4904
3077,5670
4945,2943
3077,5670
3297,1962
308,567
3297,1962
616,1134
3297,1962
1539,2835
4121,2452
308,567
6593,3923
1846,3402
4945,2943
308,567
6593,3923
1539,2835
7417,4414
616,1134
5769,3433
616,1134
1649,981
1539,2835
6593,3923
616,1134
3297,1962
2462,4536
4121,2452
2769,5103
1649,981
1539,2835
4121,2452
923,1701
3297,1962
923,1701
825,491
3077,5670
4945,2943
3077,5670
5769,3433
308,567
7417,4414
616,1134
6593,3923
1539,2835
5769,3433
616,1134
8241,4904
923,1701
6593,3923
923,1701
7417,4414
3077,5670
3297,1962
1231,2268
3297,1962
923,1701
1649,981
616,1134
8241,4904
1539,2835
825,491
308,567
1649,981
923,1701
2473,1472
616,1134
6593,3923
3077,5670
3297,1962
2154,3969
8241,4904
616,1134
4121,2452
2462,4536
3297,1962
923,1701
1649,981
1231,2268
825,491
2154,3969
4945,2943
3077,5670
2473,1472
2462,4536
1649,981
1231,2268
5769,3433
923,1701
5769,3433
2154,3969
7417,4414
2462,4536
7417,4414
2154,3969
8241,4904
2154,3969
5769,3433
2462,4536
2473,1472
2154,3969
7417,4414
923,1701
7417,4414
1846,3402
3297,1962
923,1701
7417,4414
616,1134
2473,1472
2154,3969
2473,1472
3077,5670
3297,1962
1231,2268
4121,2452
1846,3402
3297,1962
2154,3969
4945,2943
616,1134
825,491
923,1701
8241,4904
308,567
7417,4414
3077,5670
825,491
2462,4536
5769,3433
1231,2268
2473,1472
308,567
825,491
1231,2268
1649,981
923,1701
4121,2452
2154,3969
3297,1962
2462,4536
1649,981
923,1701
825,491
1539,2835
3297,1962
1846,3402
5769,3433
923,1701
4945,2943
2154,3969
4121,2452
3077,5670
8241,4904
1846,3402
7417,4414
2154,3969
3297,1962
1231,2268
2473,1472
2462,4536
2473,1472
308,567
4121,2452
2769,5103
1649,981
2462,4536
7417,4414
3077,5670
3297,1962
1231,2268
7417,4414
3077,5670
3297,1962
2154,3969
2473,1472
1231,2268
4945,2943
3077,5670
5769,3433
1539,2835
2473,1472
616,1134
4121,2452
2769,5103
1649,981
616,1134
4945,2943
2769,5103
8241,4904
2154,3969
4945,2943
308,567
5769,3433
308,567
7417,4414
1539,2835
825,491
1846,3402
825,491
1231,2268
6593,3923
3077,5670
2473,1472
616,1134
4121,2452
1231,2268
5769,3433
308,567
6593,3923
616,1134
7417,4414
2154,3969
3297,1962
1846,3402
4121,2452
1539,2835
7417,4414
308,567
6593,3923
2462,4536
7417,4414
2769,5103
5769,3433
308,567
3297,1962
2462,4536
8241,4904
1231,2268
1649,981
3077,5670
6593,3923
923,1701
2473,1472
308,567
6593,3923
2154,3969
825,491
308,567
5769,3433
3077,5670
3297,1962
1231,2268
4945,2943
2154,3969
4121,2452
1846,3402
1649,981
3077,5670
5769,3433
1539,2835
4121,2452
308,567
5769,3433
308,567
6593,3923
308,567
825,491
1231,2268
1649,981
1231,2268
6593,3923
923,1701
4945,2943
923,1701
8241,4904
2462,4536
3297,1962
1846,3402
825,491
2154,3969
2473,1472
3077,5670
1649,981
1539,2835
1649,981
2769,5103
1649,981
1539,2835
4121,2452
1539,2835
2473,1472
3077,5670
825,491
1539,2835
5769,3433
2154,3969
825,491
616,1134
8241,4904
3077,5670
825,491
2769,5103
3297,1962
1846,3402
8241,4904
2769,5103
6593,3923
1846,3402
2473,1472
308,567
3297,1962
308,567
2473,1472
923,1701
825,491
2154,3969
7417,4414
3077,5670
4121,2452
1539,2835
825,491
308,567
3297,1962
2154,3969
6593,3923
3077,5670
2473,1472
1539,2835
7417,4414
3077,5670
8241,4904
1231,2268
2473,1472
2154,3969
7417,4414
2769,5103
3297,1962
1231,2268
4121,2452
923,1701
4121,2452
1539,2835
3297,1962
1539,2835
8241,4904
3077,5670
4945,2943
1539,2835
6593,3923
308,567
825,491
2769,5103
6593,3923
616,1134
5769,3433
2769,5103
2473,1472
3077,5670
5769,3433
308,567
4121,2452
308,567
4945,2943
1846,3402
2473,1472
3077,5670
7417,4414
3077,5670
6593,3923
616,1134
3297,1962
1846,3402
6593,3923
923,1701
5769,3433
2154,3969
2473,1472
1231,2268
8241,4904
2154,3969
3297,1962
3077,5670
2473,1472
2154,3969
825,491
3077,5670
6593,3923
3077,5670
2473,1472
3077,5670
5769,3433
2769,5103
1649,981
2462,4536
4945,2943
923,1701
6593,3923
308,567
1649,981
2769,5103
4121,2452
923,1701
3297,1962
1539,2835
825,491
2154,3969
4945,2943
2462,4536
2473,1472
923,1701
6593,3923
1846,3402
7417,4414
2154,3969
7417,4414
308,567
3297,1962
923,1701
825,491
1846,3402
4945,2943
1539,2835
2473,1472
1846,3402
8241,4904
3077,5670
825,491
2154,3969
4945,2943
1846,3402
1649,981
308,567
5769,3433
308,567
4945,2943
1539,2835
6593,3923
2769,5103
4121,2452
2462,4536
825,491
1231,2268
1649,981
420089
2066086
1784131
1502716
391580
824448
1268729
679011
663809
485978
135348
53491
439362
9079
199100
4684
202572
217982
75796
74199
77286
28307
154961
35740
91924
91366
26113
56835
18080
6767
3692
39821
24118
4544
17580
9877
7363
1198
9949
1199
6865
8746
3972
6930
4161
2295
2624
1225
1740
1618
1080
1467
456
658
271
199
573
220
337
265
348
93
26
81
208
60
7
95
124
126
106
55
47
11
13
17
48
20
29
28
6
19
10
0
2
8
1
9
11
4
5
2
1
5
2
2
1
0
1
0
1
1
0
0
2
0
1
0
0
1
1
0
0
0
0
0
0
0
0
0
0
0
0
0
0
0
0
0
0
0
0
0
0
0
0
0
0
0
0
0
0
0
0
0
0
0
0
0
0
0
0
0
0
0
0
0
0
0
0
0
0
0
0
0
0
0
0
0
0
0
0
0
0
0
0
0
0
0
0
0
0
0
0
0
0
0
0
0
0
0
0
0
0
0
0
0
0
0
0
0
0
0
0
0
0
0
0
0
0
0
0
0
0
0
0
0
0
0
0
0
0
0
0
0
0
0
0
0
0
0
0
0
0
0
0
0
0
0
0
0
0
0
0
0
0
0
0
0
0
0
0
0
0
0
0
0
0
0
0
0
0
0
0
0
0
0
0
0
0
0
0
0
0
0
0
0
0
0
0
0
0
0
0
0
0
0
0
0
0
0
0
0
0
0
0
0
0
0
0
0
0
0
0
0
0
0
0
0
0
0
0
0
0
0
0
0
0
0
0
0
0
0
0
0
0
0
0
0
0
0
0
0
0
0
0
0
0
0
0
0
0
0
0
0
0
0
0
0
0
0
0
0
0
0
0
0
0
0
0
0
0
0
0
0
0
0
0
0
0
0
0
0
0
0
0
0
0
0
0
0
0
0
0
0
0
0
0
0
0
0
0
0
0
0
0
0
0
0
0
0
