81,174
227,228
41,87
454,455
402,870
363,364
201,435
182,182
41,87
363,364
242,522
182,182
402,870
46,46
322,696
363,364
201,435
318,319
81,174
46,46
161,348
409,410
81,174
137,137
242,522
409,410
362,783
91,91
41,87
454,455
402,870
137,137
41,87
182,182
81,174
273,273
402,870
409,410
81,174
454,455
362,783
227,228
81,174
409,410
201,435
227,228
161,348
227,228
161,348
46,46
41,87
363,364
242,522
91,91
201,435
91,91
161,348
363,364
322,696
91,91
322,696
318,319
282,609
454,455
161,348
182,182
201,435
91,91
201,435
363,364
402,870
454,455
121,261
182,182
41,87
182,182
41,87
137,137
242,522
363,364
402,870
137,137
121,261
137,137
242,522
46,46
362,783
409,410
121,261
273,273
402,870
273,273
41,87
137,137
402,870
273,273
161,348
227,228
201,435
182,182
121,261
318,319
242,522
363,364
322,696
46,46
242,522
137,137
81,174
46,46
41,87
409,410
41,87
91,91
362,783
363,364
201,435
409,410
322,696
46,46
402,870
363,364
161,348
46,46
362,783
46,46
121,261
273,273
41,87
137,137
201,435
318,319
121,261
91,91
201,435
454,455
402,870
46,46
282,609
454,455
121,261
137,137
161,348
91,91
242,522
409,410
81,174
91,91
41,87
46,46
121,261
91,91
121,261
363,364
161,348
273,273
322,696
91,91
121,261
273,273
362,783
454,455
201,435
182,182
362,783
46,46
41,87
182,182
242,522
363,364
161,348
409,410
161,348
273,273
81,174
363,364
402,870
363,364
362,783
409,410
121,261
273,273
362,783
227,228
201,435
454,455
362,783
363,364
362,783
454,455
161,348
409,410
322,696
91,91
402,870
273,273
282,609
409,410
282,609
137,137
322,696
137,137
242,522
137,137
242,522
182,182
322,696
227,228
201,435
318,319
362,783
91,91
322,696
227,228
322,696
137,137
121,261
46,46
121,261
182,182
322,696
227,228
322,696
454,455
81,174
318,319
201,435
227,228
161,348
137,137
362,783
227,228
201,435
363,364
121,261
318,319
41,87
137,137
282,609
409,410
402,870
182,182
242,522
454,455
81,174
409,410
282,609
46,46
242,522
91,91
161,348
454,455
282,609
318,319
81,174
273,273
402,870
91,91
81,174
454,455
41,87
409,410
201,435
409,410
402,870
273,273
402,870
91,91
81,174
182,182
121,261
409,410
121,261
182,182
161,348
182,182
242,522
363,364
161,348
454,455
282,609
454,455
242,522
137,137
161,348
454,455
161,348
137,137
41,87
273,273
282,609
363,364
282,609
137,137
242,522
182,182
41,87
137,137
322,696
91,91
402,870
273,273
362,783
318,319
201,435
182,182
322,696
182,182
362,783
227,228
121,261
454,455
322,696
227,228
161,348
182,182
81,174
182,182
322,696
409,410
81,174
91,91
161,348
137,137
81,174
273,273
81,174
46,46
282,609
182,182
201,435
182,182
81,174
273,273
81,174
91,91
201,435
318,319
161,348
273,273
242,522
91,91
121,261
46,46
322,696
137,137
282,609
182,182
41,87
409,410
402,870
227,228
402,870
227,228
322,696
137,137
362,783
46,46
161,348
137,137
242,522
318,319
242,522
46,46
402,870
409,410
282,609
46,46
201,435
318,319
242,522
182,182
41,87
46,46
41,87
227,228
81,174
227,228
322,696
227,228
242,522
318,319
201,435
318,319
282,609
363,364
282,609
91,91
121,261
363,364
362,783
227,228
242,522
318,319
282,609
182,182
242,522
409,410
201,435
182,182
81,174
409,410
282,609
137,137
41,87
363,364
242,522
46,46
41,87
227,228
282,609
137,137
402,870
182,182
402,870
137,137
362,783
91,91
161,348
182,182
282,609
227,228
242,522
363,364
121,261
227,228
362,783
273,273
282,609
363,364
201,435
273,273
121,261
46,46
81,174
46,46
201,435
409,410
201,435
409,410
322,696
182,182
402,870
91,91
201,435
137,137
322,696
318,319
362,783
273,273
161,348
227,228
81,174
227,228
81,174
409,410
282,609
363,364
242,522
454,455
121,261
273,273
121,261
227,228
81,174
91,91
402,870
454,455
81,174
91,91
282,609
46,46
41,87
137,137
201,435
46,46
242,522
182,182
81,174
137,137
242,522
318,319
282,609
227,228
402,870
409,410
282,609
454,455
362,783
273,273
242,522
137,137
41,87
409,410
161,348
182,182
322,696
137,137
201,435
46,46
41,87
91,91
201,435
454,455
81,174
227,228
41,87
137,137
402,870
273,273
242,522
137,137
282,609
227,228
322,696
273,273
402,870
318,319
242,522
46,46
161,348
273,273
282,609
91,91
402,870
46,46
322,696
46,46
41,87
46,46
41,87
137,137
362,783
137,137
121,261
91,91
161,348
318,319
402,870
227,228
322,696
91,91
322,696
137,137
282,609
227,228
161,348
137,137
121,261
273,273
81,174
91,91
282,609
454,455
362,783
363,364
242,522
182,182
402,870
227,228
121,261
363,364
242,522
182,182
161,348
227,228
41,87
273,273
201,435
318,319
402,870
91,91
161,348
46,46
161,348
273,273
41,87
273,273
282,609
182,182
41,87
91,91
402,870
363,364
41,87
273,273
81,174
46,46
242,522
409,410
282,609
182,182
242,522
454,455
242,522
182,182
41,87
91,91
161,348
182,182
242,522
454,455
322,696
409,410
81,174
454,455
201,435
273,273
282,609
227,228
282,609
227,228
201,435
46,46
322,696
182,182
41,87
227,228
242,522
273,273
201,435
46,46
322,696
227,228
81,174
137,137
242,522
182,182
41,87
137,137
161,348
46,46
81,174
182,182
322,696
409,410
81,174
91,91
161,348
318,319
242,522
318,319
201,435
273,273
121,261
91,91
41,87
409,410
362,783
182,182
242,522
137,137
81,174
46,46
81,174
409,410
282,609
409,410
282,609
137,137
121,261
409,410
41,87
137,137
81,174
182,182
362,783
227,228
81,174
182,182
402,870
46,46
402,870
318,319
121,261
91,91
121,261
137,137
402,870
363,364
161,348
46,46
402,870
409,410
322,696
273,273
41,87
46,46
201,435
91,91
282,609
91,91
242,522
363,364
201,435
46,46
121,261
91,91
81,174
409,410
322,696
318,319
201,435
46,46
81,174
363,364
242,522
318,319
362,783
46,46
322,696
227,228
41,87
137,137
282,609
137,137
201,435
273,273
81,174
363,364
41,87
363,364
201,435
454,455
242,522
454,455
282,609
91,91
362,783
137,137
322,696
227,228
121,261
227,228
161,348
227,228
282,609
363,364
362,783
137,137
41,87
409,410
41,87
363,364
121,261
363,364
121,261
318,319
121,261
46,46
322,696
454,455
161,348
318,319
362,783
454,455
282,609
182,182
41,87
46,46
402,870
91,91
41,87
182,182
242,522
137,137
242,522
182,182
121,261
91,91
362,783
137,137
161,348
46,46
282,609
91,91
282,609
227,228
121,261
273,273
322,696
91,91
242,522
363,364
402,870
273,273
201,435
454,455
161,348
46,46
81,174
454,455
81,174
91,91
121,261
273,273
161,348
273,273
402,870
273,273
161,348
91,91
242,522
363,364
81,174
227,228
322,696
91,91
242,522
454,455
41,87
318,319
362,783
363,364
362,783
182,182
402,870
318,319
242,522
137,137
322,696
137,137
402,870
273,273
81,174
454,455
161,348
318,319
201,435
227,228
161,348
182,182
81,174
454,455
161,348
454,455
242,522
227,228
41,87
363,364
242,522
363,364
121,261
454,455
282,609
91,91
41,87
182,182
362,783
409,410
242,522
363,364
121,261
454,455
201,435
363,364
81,174
227,228
201,435
454,455
282,609
363,364
201,435
318,319
322,696
454,455
362,783
363,364
81,174
363,364
402,870
227,228
362,783
363,364
41,87
91,91
201,435
227,228
362,783
363,364
362,783
46,46
402,870
137,137
201,435
46,46
121,261
182,182
201,435
363,364
402,870
91,91
322,696
409,410
121,261
409,410
81,174
454,455
402,870
182,182
282,609
318,319
242,522
182,182
242,522
91,91
201,435
409,410
242,522
46,46
322,696
454,455
41,87
273,273
81,174
273,273
81,174
318,319
81,174
454,455
242,522
227,228
402,870
363,364
322,696
454,455
81,174
273,273
81,174
46,46
41,87
409,410
402,870
273,273
41,87
454,455
362,783
318,319
402,870
91,91
81,174
182,182
242,522
182,182
282,609
227,228
161,348
409,410
121,261
227,228
161,348
318,319
81,174
91,91
282,609
46,46
362,783
363,364
402,870
137,137
322,696
227,228
161,348
273,273
81,174
409,410
41,87
454,455
282,609
46,46
161,348
137,137
402,870
273,273
362,783
454,455
282,609
363,364
121,261
318,319
282,609
409,410
282,609
454,455
402,870
409,410
402,870
182,182
402,870
454,455
81,174
454,455
322,696
363,364
362,783
318,319
282,609
227,228
161,348
137,137
362,783
227,228
242,522
227,228
201,435
409,410
362,783
227,228
201,435
273,273
41,87
46,46
121,261
363,364
402,870
137,137
121,261
46,46
402,870
137,137
41,87
227,228
242,522
273,273
81,174
318,319
81,174
363,364
242,522
227,228
81,174
227,228
201,435
409,410
282,609
363,364
121,261
137,137
41,87
409,410
282,609
318,319
161,348
137,137
121,261
409,410
362,783
227,228
242,522
409,410
362,783
409,410
322,696
363,364
41,87
182,182
201,435
227,228
81,174
363,364
282,609
273,273
402,870
454,455
402,870
363,364
121,261
318,319
41,87
273,273
402,870
137,137
362,783
182,182
41,87
454,455
41,87
454,455
322,696
363,364
201,435
454,455
81,174
363,364
121,261
46,46
41,87
182,182
402,870
409,410
41,87
363,364
121,261
273,273
121,261
363,364
81,174
409,410
161,348
227,228
322,696
454,455
362,783
182,182
322,696
273,273
121,261
227,228
121,261
137,137
161,348
137,137
81,174
273,273
121,261
137,137
322,696
227,228
242,522
363,364
41,87
409,410
242,522
318,319
201,435
454,455
81,174
363,364
121,261
409,410
322,696
318,319
402,870
227,228
402,870
318,319
282,609
363,364
81,174
363,364
121,261
182,182
362,783
182,182
41,87
46,46
121,261
46,46
201,435
91,91
362,783
318,319
161,348
182,182
201,435
91,91
402,870
273,273
81,174
46,46
242,522
182,182
322,696
363,364
282,609
363,364
201,435
363,364
242,522
363,364
161,348
273,273
402,870
409,410
161,348
137,137
41,87
273,273
161,348
454,455
41,87
91,91
362,783
454,455
242,522
409,410
362,783
137,137
322,696
91,91
282,609
227,228
242,522
409,410
201,435
227,228
242,522
227,228
201,435
409,410
201,435
318,319
161,348
182,182
121,261
227,228
402,870
409,410
362,783
363,364
242,522
91,91
161,348
363,364
362,783
137,137
322,696
182,182
362,783
46,46
41,87
91,91
41,87
273,273
161,348
454,455
402,870
137,137
121,261
318,319
161,348
91,91
242,522
137,137
402,870
318,319
362,783
227,228
362,783
137,137
161,348
227,228
41,87
273,273
161,348
273,273
121,261
318,319
322,696
91,91
201,435
363,364
402,870
454,455
402,870
318,319
121,261
227,228
161,348
91,91
282,609
91,91
402,870
454,455
362,783
318,319
81,174
46,46
322,696
454,455
402,870
363,364
362,783
409,410
41,87
318,319
41,87
273,273
81,174
363,364
161,348
409,410
282,609
137,137
161,348
137,137
201,435
227,228
121,261
137,137
81,174
409,410
322,696
182,182
242,522
91,91
402,870
363,364
41,87
454,455
201,435
454,455
201,435
318,319
322,696
363,364
362,783
273,273
242,522
363,364
121,261
137,137
242,522
137,137
121,261
137,137
201,435
46,46
201,435
454,455
402,870
91,91
81,174
182,182
161,348
91,91
242,522
46,46
81,174
454,455
282,609
363,364
402,870
227,228
362,783
454,455
121,261
409,410
161,348
227,228
81,174
227,228
121,261
409,410
81,174
363,364
362,783
182,182
362,783
46,46
322,696
91,91
282,609
318,319
282,609
227,228
41,87
46,46
121,261
273,273
81,174
46,46
322,696
363,364
81,174
182,182
322,696
91,91
81,174
182,182
121,261
46,46
362,783
137,137
161,348
182,182
242,522
318,319
362,783
273,273
282,609
454,455
282,609
454,455
402,870
273,273
41,87
91,91
282,609
137,137
121,261
318,319
201,435
318,319
402,870
409,410
322,696
363,364
81,174
137,137
81,174
363,364
201,435
91,91
81,174
46,46
121,261
137,137
322,696
137,137
282,609
227,228
121,261
454,455
322,696
182,182
242,522
182,182
322,696
46,46
322,696
227,228
242,522
409,410
121,261
91,91
322,696
227,228
201,435
454,455
81,174
227,228
41,87
454,455
121,261
91,91
81,174
137,137
121,261
273,273
282,609
91,91
362,783
91,91
402,870
46,46
242,522
454,455
81,174
273,273
282,609
137,137
161,348
91,91
242,522
454,455
322,696
137,137
362,783
137,137
161,348
182,182
41,87
46,46
41,87
91,91
322,696
46,46
81,174
91,91
81,174
91,91
322,696
273,273
282,609
363,364
81,174
137,137
402,870
454,455
242,522
91,91
362,783
454,455
322,696
227,228
282,609
409,410
201,435
454,455
322,696
137,137
81,174
273,273
242,522
273,273
161,348
273,273
121,261
318,319
161,348
273,273
322,696
227,228
81,174
363,364
322,696
273,273
201,435
273,273
41,87
273,273
201,435
454,455
201,435
318,319
362,783
91,91
201,435
227,228
201,435
454,455
282,609
318,319
161,348
182,182
81,174
318,319
81,174
137,137
81,174
46,46
41,87
363,364
362,783
91,91
402,870
91,91
322,696
137,137
282,609
363,364
362,783
363,364
242,522
363,364
41,87
227,228
121,261
318,319
402,870
409,410
161,348
318,319
282,609
91,91
362,783
409,410
41,87
409,410
282,609
91,91
201,435
454,455
242,522
363,364
322,696
137,137
322,696
137,137
242,522
91,91
322,696
363,364
402,870
91,91
282,609
91,91
41,87
409,410
81,174
318,319
402,870
46,46
41,87
46,46
41,87
91,91
161,348
46,46
81,174
273,273
41,87
409,410
322,696
46,46
201,435
363,364
41,87
273,273
402,870
91,91
362,783
273,273
161,348
227,228
322,696
363,364
161,348
454,455
242,522
454,455
161,348
137,137
362,783
318,319
161,348
91,91
41,87
46,46
41,87
363,364
161,348
137,137
161,348
409,410
41,87
409,410
41,87
273,273
322,696
273,273
121,261
273,273
322,696
137,137
161,348
182,182
402,870
227,228
81,174
409,410
161,348
363,364
121,261
454,455
161,348
91,91
402,870
46,46
41,87
91,91
242,522
363,364
242,522
91,91
322,696
454,455
201,435
46,46
402,870
318,319
362,783
318,319
81,174
409,410
282,609
273,273
282,609
409,410
322,696
46,46
121,261
182,182
201,435
363,364
402,870
91,91
201,435
91,91
362,783
46,46
81,174
363,364
201,435
91,91
362,783
91,91
242,522
318,319
161,348
454,455
161,348
454,455
322,696
363,364
282,609
182,182
402,870
46,46
81,174
409,410
402,870
227,228
161,348
182,182
242,522
454,455
161,348
46,46
242,522
46,46
161,348
409,410
242,522
182,182
242,522
137,137
201,435
363,364
322,696
273,273
402,870
227,228
322,696
409,410
41,87
363,364
322,696
182,182
41,87
227,228
201,435
227,228
121,261
182,182
402,870
409,410
362,783
409,410
322,696
137,137
362,783
409,410
402,870
91,91
121,261
409,410
81,174
91,91
362,783
91,91
402,870
363,364
81,174
273,273
161,348
318,319
81,174
46,46
201,435
91,91
41,87
363,364
322,696
227,228
282,609
137,137
41,87
46,46
121,261
454,455
242,522
363,364
201,435
227,228
201,435
318,319
121,261
363,364
201,435
409,410
41,87
137,137
41,87
46,46
402,870
318,319
322,696
318,319
81,174
91,91
201,435
137,137
161,348
273,273
402,870
137,137
322,696
409,410
201,435
273,273
362,783
409,410
322,696
273,273
282,609
273,273
322,696
273,273
242,522
46,46
322,696
363,364
282,609
363,364
242,522
182,182
81,174
227,228
81,174
46,46
41,87
409,410
161,348
91,91
402,870
454,455
121,261
454,455
242,522
227,228
322,696
363,364
201,435
318,319
362,783
91,91
41,87
227,228
282,609
318,319
81,174
182,182
362,783
409,410
81,174
137,137
322,696
363,364
322,696
227,228
242,522
273,273
121,261
318,319
201,435
318,319
362,783
454,455
41,87
182,182
322,696
227,228
121,261
273,273
41,87
227,228
201,435
182,182
282,609
454,455
81,174
182,182
201,435
273,273
201,435
137,137
121,261
409,410
362,783
318,319
322,696
273,273
242,522
273,273
81,174
137,137
322,696
137,137
242,522
273,273
121,261
363,364
161,348
409,410
282,609
227,228
322,696
363,364
161,348
273,273
322,696
363,364
161,348
137,137
201,435
227,228
121,261
409,410
81,174
363,364
81,174
46,46
282,609
454,455
201,435
318,319
81,174
454,455
161,348
91,91
161,348
273,273
161,348
46,46
322,696
318,319
242,522
409,410
242,522
46,46
161,348
227,228
402,870
137,137
282,609
46,46
242,522
273,273
41,87
273,273
322,696
91,91
41,87
273,273
41,87
409,410
81,174
91,91
81,174
273,273
41,87
409,410
161,348
91,91
41,87
227,228
161,348
273,273
402,870
137,137
161,348
227,228
402,870
363,364
242,522
91,91
322,696
318,319
121,261
91,91
242,522
91,91
81,174
91,91
362,783
409,410
282,609
318,319
121,261
318,319
242,522
137,137
362,783
91,91
201,435
137,137
201,435
91,91
121,261
182,182
242,522
46,46
322,696
318,319
322,696
454,455
242,522
227,228
242,522
318,319
201,435
409,410
121,261
273,273
402,870
182,182
121,261
273,273
81,174
454,455
81,174
454,455
322,696
363,364
121,261
409,410
242,522
318,319
402,870
409,410
322,696
273,273
322,696
318,319
41,87
91,91
41,87
46,46
282,609
227,228
121,261
137,137
322,696
363,364
402,870
46,46
81,174
318,319
161,348
137,137
161,348
227,228
81,174
363,364
161,348
182,182
282,609
273,273
402,870
91,91
322,696
137,137
41,87
91,91
322,696
363,364
121,261
227,228
322,696
227,228
362,783
91,91
282,609
182,182
322,696
363,364
81,174
46,46
121,261
454,455
41,87
182,182
362,783
454,455
41,87
409,410
362,783
318,319
41,87
273,273
161,348
409,410
201,435
409,410
322,696
227,228
81,174
318,319
201,435
409,410
402,870
409,410
81,174
318,319
322,696
182,182
201,435
46,46
201,435
46,46
282,609
46,46
402,870
46,46
201,435
363,364
161,348
363,364
362,783
182,182
81,174
227,228
121,261
318,319
402,870
409,410
201,435
273,273
81,174
137,137
242,522
273,273
362,783
137,137
41,87
318,319
242,522
137,137
161,348
137,137
242,522
91,91
402,870
46,46
362,783
273,273
282,609
182,182
121,261
182,182
201,435
409,410
121,261
454,455
242,522
91,91
161,348
273,273
121,261
454,455
282,609
454,455
41,87
46,46
201,435
318,319
242,522
273,273
81,174
227,228
242,522
227,228
242,522
182,182
282,609
91,91
81,174
46,46
282,609
273,273
322,696
91,91
41,87
227,228
121,261
454,455
242,522
227,228
161,348
182,182
41,87
409,410
402,870
137,137
41,87
454,455
322,696
273,273
322,696
182,182
121,261
273,273
161,348
363,364
362,783
273,273
362,783
454,455
242,522
182,182
81,174
454,455
402,870
227,228
121,261
454,455
161,348
318,319
242,522
91,91
41,87
46,46
201,435
182,182
81,174
318,319
322,696
318,319
121,261
137,137
41,87
318,319
402,870
137,137
81,174
227,228
81,174
182,182
282,609
363,364
161,348
46,46
161,348
227,228
41,87
454,455
161,348
454,455
402,870
318,319
81,174
318,319
282,609
273,273
242,522
137,137
81,174
91,91
242,522
409,410
242,522
273,273
402,870
273,273
161,348
409,410
201,435
91,91
402,870
46,46
201,435
137,137
242,522
454,455
81,174
363,364
242,522
363,364
362,783
409,410
121,261
137,137
201,435
46,46
362,783
137,137
362,783
91,91
402,870
454,455
201,435
46,46
121,261
363,364
121,261
318,319
362,783
318,319
242,522
137,137
41,87
363,364
121,261
182,182
121,261
91,91
282,609
318,319
161,348
46,46
322,696
273,273
402,870
227,228
161,348
409,410
242,522
409,410
322,696
273,273
81,174
454,455
121,261
363,364
282,609
363,364
402,870
318,319
121,261
182,182
362,783
318,319
201,435
182,182
402,870
363,364
322,696
363,364
121,261
46,46
201,435
46,46
201,435
273,273
282,609
363,364
362,783
227,228
201,435
227,228
242,522
227,228
402,870
46,46
201,435
273,273
201,435
46,46
362,783
46,46
322,696
227,228
282,609
318,319
121,261
137,137
41,87
363,364
121,261
182,182
81,174
409,410
282,609
137,137
81,174
273,273
362,783
46,46
41,87
227,228
322,696
91,91
201,435
318,319
161,348
227,228
402,870
454,455
322,696
46,46
121,261
137,137
81,174
318,319
161,348
409,410
282,609
454,455
161,348
363,364
322,696
182,182
402,870
273,273
201,435
91,91
201,435
227,228
81,174
91,91
41,87
227,228
282,609
137,137
41,87
273,273
282,609
363,364
201,435
182,182
41,87
46,46
362,783
227,228
282,609
363,364
81,174
182,182
41,87
137,137
201,435
363,364
121,261
454,455
282,609
137,137
121,261
318,319
322,696
46,46
322,696
46,46
201,435
46,46
161,348
91,91
402,870
227,228
402,870
273,273
402,870
318,319
282,609
363,364
282,609
318,319
81,174
182,182
201,435
318,319
201,435
273,273
242,522
409,410
322,696
409,410
402,870
409,410
242,522
137,137
201,435
182,182
121,261
46,46
322,696
273,273
121,261
363,364
121,261
46,46
201,435
409,410
322,696
318,319
242,522
318,319
282,609
318,319
201,435
409,410
121,261
454,455
282,609
227,228
362,783
182,182
41,87
409,410
121,261
273,273
81,174
227,228
282,609
363,364
41,87
273,273
322,696
182,182
121,261
227,228
161,348
182,182
161,348
182,182
41,87
363,364
81,174
454,455
282,609
454,455
161,348
182,182
81,174
273,273
282,609
363,364
201,435
363,364
201,435
454,455
161,348
91,91
242,522
454,455
282,609
273,273
362,783
454,455
242,522
46,46
121,261
409,410
282,609
46,46
121,261
46,46
41,87
273,273
201,435
227,228
41,87
318,319
402,870
46,46
41,87
318,319
242,522
318,319
282,609
454,455
402,870
46,46
322,696
409,410
161,348
318,319
242,522
273,273
282,609
137,137
362,783
273,273
362,783
182,182
161,348
91,91
322,696
363,364
242,522
409,410
201,435
46,46
81,174
363,364
81,174
227,228
242,522
46,46
402,870
454,455
121,261
273,273
242,522
454,455
242,522
318,319
242,522
227,228
121,261
46,46
41,87
409,410
322,696
182,182
41,87
409,410
322,696
318,319
402,870
273,273
242,522
91,91
81,174
454,455
322,696
46,46
201,435
46,46
322,696
137,137
402,870
182,182
362,783
46,46
81,174
46,46
121,261
363,364
322,696
137,137
362,783
182,182
362,783
273,273
81,174
273,273
282,609
454,455
362,783
363,364
282,609
227,228
282,609
137,137
362,783
137,137
282,609
273,273
362,783
273,273
402,870
91,91
242,522
454,455
402,870
409,410
81,174
363,364
41,87
182,182
402,870
137,137
161,348
409,410
402,870
182,182
41,87
91,91
41,87
363,364
161,348
46,46
322,696
46,46
402,870
454,455
41,87
137,137
121,261
137,137
41,87
91,91
362,783
91,91
282,609
454,455
161,348
137,137
402,870
227,228
402,870
363,364
201,435
454,455
402,870
46,46
41,87
454,455
362,783
318,319
81,174
409,410
282,609
273,273
201,435
363,364
322,696
363,364
121,261
227,228
161,348
363,364
161,348
182,182
161,348
91,91
121,261
137,137
121,261
91,91
201,435
182,182
242,522
273,273
201,435
227,228
161,348
46,46
161,348
318,319
402,870
273,273
282,609
46,46
121,261
454,455
121,261
273,273
201,435
363,364
81,174
273,273
41,87
137,137
282,609
318,319
201,435
137,137
402,870
227,228
362,783
137,137
362,783
137,137
81,174
91,91
81,174
46,46
282,609
409,410
322,696
46,46
81,174
273,273
201,435
409,410
201,435
318,319
201,435
46,46
81,174
409,410
161,348
409,410
81,174
46,46
201,435
273,273
402,870
182,182
402,870
46,46
362,783
273,273
282,609
46,46
362,783
363,364
362,783
91,91
201,435
409,410
362,783
91,91
41,87
318,319
362,783
318,319
362,783
182,182
81,174
363,364
402,870
46,46
402,870
182,182
242,522
409,410
41,87
227,228
322,696
273,273
322,696
137,137
402,870
227,228
242,522
227,228
41,87
454,455
81,174
318,319
242,522
182,182
161,348
227,228
161,348
182,182
362,783
46,46
402,870
363,364
242,522
409,410
322,696
454,455
161,348
318,319
201,435
273,273
322,696
363,364
362,783
91,91
81,174
273,273
121,261
454,455
201,435
91,91
81,174
318,319
322,696
363,364
402,870
91,91
201,435
137,137
121,261
182,182
242,522
227,228
81,174
182,182
402,870
137,137
362,783
137,137
161,348
227,228
81,174
273,273
362,783
363,364
402,870
454,455
242,522
318,319
121,261
182,182
282,609
46,46
201,435
91,91
402,870
137,137
41,87
46,46
201,435
46,46
81,174
273,273
322,696
46,46
322,696
363,364
402,870
318,319
161,348
363,364
242,522
46,46
41,87
363,364
402,870
318,319
41,87
91,91
161,348
409,410
242,522
137,137
81,174
227,228
41,87
454,455
201,435
409,410
41,87
363,364
402,870
182,182
282,609
363,364
41,87
227,228
282,609
137,137
322,696
273,273
282,609
318,319
121,261
454,455
402,870
363,364
161,348
409,410
41,87
227,228
242,522
137,137
282,609
137,137
41,87
454,455
121,261
227,228
81,174
318,319
41,87
409,410
41,87
409,410
242,522
137,137
242,522
227,228
242,522
182,182
121,261
273,273
81,174
182,182
362,783
182,182
402,870
363,364
242,522
318,319
322,696
137,137
41,87
227,228
322,696
46,46
41,87
409,410
362,783
227,228
402,870
318,319
41,87
182,182
402,870
318,319
322,696
46,46
121,261
318,319
402,870
273,273
242,522
273,273
242,522
227,228
242,522
318,319
402,870
273,273
282,609
318,319
282,609
318,319
282,609
46,46
362,783
46,46
201,435
91,91
81,174
91,91
402,870
409,410
121,261
227,228
161,348
363,364
121,261
91,91
282,609
137,137
402,870
227,228
121,261
227,228
362,783
91,91
201,435
46,46
322,696
182,182
362,783
454,455
161,348
137,137
402,870
454,455
282,609
454,455
282,609
137,137
201,435
227,228
201,435
91,91
81,174
46,46
121,261
46,46
282,609
273,273
282,609
46,46
322,696
363,364
161,348
363,364
402,870
273,273
282,609
318,319
41,87
409,410
201,435
227,228
322,696
227,228
81,174
318,319
201,435
409,410
161,348
91,91
282,609
227,228
201,435
227,228
402,870
409,410
81,174
409,410
121,261
91,91
161,348
46,46
201,435
318,319
121,261
227,228
81,174
363,364
322,696
46,46
201,435
46,46
201,435
273,273
282,609
46,46
322,696
409,410
161,348
91,91
362,783
454,455
161,348
46,46
282,609
91,91
242,522
273,273
41,87
363,364
161,348
182,182
242,522
363,364
41,87
409,410
121,261
227,228
362,783
273,273
362,783
318,319
282,609
273,273
282,609
363,364
362,783
409,410
161,348
46,46
201,435
409,410
161,348
227,228
201,435
227,228
201,435
137,137
41,87
46,46
201,435
318,319
402,870
182,182
402,870
182,182
402,870
273,273
242,522
409,410
322,696
409,410
322,696
454,455
362,783
454,455
121,261
273,273
282,609
318,319
161,348
182,182
402,870
409,410
41,87
409,410
322,696
363,364
161,348
46,46
242,522
363,364
402,870
454,455
81,174
454,455
282,609
318,319
121,261
182,182
81,174
363,364
121,261
273,273
41,87
318,319
282,609
137,137
81,174
363,364
201,435
409,410
282,609
137,137
81,174
137,137
121,261
227,228
121,261
182,182
161,348
227,228
402,870
137,137
322,696
91,91
161,348
137,137
242,522
227,228
362,783
318,319
41,87
318,319
121,261
318,319
282,609
409,410
402,870
227,228
402,870
454,455
161,348
363,364
362,783
182,182
201,435
454,455
242,522
273,273
121,261
454,455
282,609
318,319
362,783
409,410
201,435
409,410
201,435
227,228
201,435
91,91
161,348
273,273
242,522
363,364
121,261
454,455
362,783
363,364
81,174
46,46
41,87
454,455
322,696
273,273
402,870
182,182
242,522
137,137
201,435
273,273
402,870
273,273
322,696
91,91
282,609
454,455
362,783
318,319
41,87
363,364
242,522
46,46
81,174
273,273
161,348
227,228
121,261
182,182
201,435
91,91
81,174
137,137
282,609
91,91
402,870
454,455
121,261
46,46
201,435
46,46
41,87
182,182
81,174
137,137
41,87
182,182
161,348
46,46
201,435
454,455
322,696
363,364
121,261
318,319
282,609
137,137
402,870
273,273
402,870
454,455
41,87
363,364
41,87
273,273
201,435
409,410
121,261
46,46
362,783
409,410
121,261
182,182
161,348
46,46
121,261
182,182
121,261
46,46
282,609
182,182
282,609
273,273
41,87
227,228
242,522
227,228
362,783
363,364
161,348
46,46
402,870
454,455
81,174
273,273
282,609
318,319
282,609
273,273
81,174
91,91
322,696
137,137
201,435
182,182
362,783
273,273
282,609
137,137
362,783
318,319
41,87
91,91
161,348
318,319
161,348
182,182
362,783
227,228
242,522
46,46
121,261
454,455
322,696
363,364
81,174
363,364
121,261
46,46
81,174
137,137
41,87
182,182
201,435
318,319
121,261
318,319
41,87
91,91
81,174
409,410
322,696
273,273
322,696
363,364
282,609
363,364
161,348
454,455
242,522
91,91
242,522
273,273
322,696
137,137
201,435
227,228
402,870
454,455
161,348
182,182
282,609
227,228
201,435
363,364
362,783
454,455
362,783
227,228
41,87
363,364
41,87
91,91
242,522
273,273
242,522
137,137
282,609
409,410
362,783
318,319
402,870
182,182
161,348
318,319
282,609
363,364
41,87
46,46
161,348
409,410
322,696
273,273
242,522
46,46
41,87
273,273
282,609
46,46
242,522
454,455
282,609
273,273
242,522
137,137
201,435
91,91
402,870
46,46
322,696
273,273
41,87
137,137
242,522
46,46
362,783
46,46
201,435
91,91
402,870
409,410
41,87
227,228
121,261
46,46
81,174
454,455
41,87
409,410
402,870
363,364
402,870
363,364
362,783
273,273
402,870
227,228
362,783
363,364
41,87
227,228
282,609
91,91
242,522
137,137
402,870
273,273
161,348
273,273
362,783
454,455
121,261
454,455
81,174
409,410
282,609
409,410
201,435
363,364
41,87
363,364
242,522
46,46
161,348
273,273
402,870
318,319
402,870
318,319
322,696
454,455
322,696
91,91
282,609
363,364
322,696
46,46
402,870
318,319
362,783
227,228
362,783
91,91
201,435
91,91
322,696
363,364
362,783
46,46
402,870
46,46
161,348
363,364
81,174
182,182
121,261
182,182
282,609
409,410
41,87
182,182
41,87
227,228
121,261
182,182
121,261
227,228
282,609
318,319
242,522
409,410
242,522
454,455
322,696
137,137
282,609
91,91
362,783
137,137
121,261
409,410
402,870
91,91
81,174
363,364
161,348
91,91
282,609
363,364
161,348
363,364
81,174
91,91
242,522
91,91
121,261
46,46
201,435
137,137
362,783
318,319
322,696
454,455
282,609
454,455
402,870
454,455
242,522
46,46
121,261
137,137
242,522
182,182
121,261
182,182
121,261
363,364
201,435
182,182
322,696
137,137
41,87
273,273
81,174
46,46
402,870
182,182
41,87
91,91
242,522
454,455
282,609
409,410
161,348
363,364
362,783
363,364
322,696
318,319
402,870
91,91
242,522
363,364
402,870
454,455
121,261
318,319
41,87
182,182
121,261
363,364
242,522
182,182
121,261
409,410
161,348
137,137
41,87
182,182
362,783
363,364
161,348
454,455
322,696
454,455
242,522
91,91
201,435
409,410
282,609
46,46
402,870
46,46
242,522
454,455
201,435
91,91
81,174
318,319
161,348
273,273
242,522
137,137
402,870
454,455
402,870
273,273
362,783
454,455
41,87
454,455
402,870
273,273
81,174
46,46
322,696
363,364
402,870
182,182
242,522
137,137
402,870
182,182
242,522
454,455
81,174
454,455
322,696
454,455
402,870
137,137
362,783
409,410
242,522
227,228
201,435
91,91
242,522
137,137
41,87
318,319
121,261
91,91
242,522
46,46
161,348
409,410
161,348
409,410
121,261
363,364
402,870
46,46
161,348
318,319
41,87
182,182
81,174
91,91
282,609
409,410
402,870
363,364
201,435
227,228
201,435
454,455
41,87
91,91
201,435
91,91
322,696
182,182
81,174
137,137
201,435
363,364
362,783
91,91
161,348
46,46
121,261
46,46
242,522
273,273
242,522
409,410
201,435
409,410
242,522
454,455
402,870
182,182
81,174
137,137
41,87
409,410
362,783
454,455
161,348
227,228
201,435
273,273
362,783
409,410
121,261
454,455
242,522
363,364
41,87
409,410
282,609
409,410
161,348
46,46
242,522
363,364
121,261
227,228
161,348
454,455
201,435
318,319
161,348
91,91
41,87
137,137
362,783
182,182
161,348
91,91
41,87
91,91
81,174
182,182
322,696
363,364
362,783
318,319
81,174
318,319
121,261
182,182
242,522
46,46
81,174
46,46
81,174
273,273
81,174
454,455
201,435
318,319
201,435
91,91
41,87
227,228
121,261
318,319
201,435
227,228
121,261
137,137
362,783
91,91
201,435
46,46
201,435
227,228
41,87
363,364
121,261
363,364
322,696
182,182
282,609
318,319
362,783
363,364
402,870
91,91
282,609
273,273
282,609
137,137
41,87
363,364
201,435
182,182
41,87
137,137
402,870
46,46
121,261
227,228
121,261
91,91
322,696
46,46
282,609
137,137
81,174
454,455
161,348
318,319
121,261
182,182
161,348
454,455
402,870
363,364
41,87
91,91
402,870
227,228
41,87
363,364
121,261
137,137
322,696
454,455
161,348
318,319
41,87
454,455
81,174
46,46
41,87
91,91
41,87
91,91
402,870
91,91
282,609
409,410
322,696
227,228
41,87
454,455
282,609
273,273
81,174
91,91
121,261
273,273
81,174
227,228
362,783
227,228
81,174
91,91
402,870
227,228
242,522
273,273
81,174
273,273
362,783
363,364
201,435
46,46
362,783
409,410
201,435
182,182
81,174
182,182
242,522
182,182
322,696
227,228
41,87
454,455
121,261
227,228
81,174
182,182
402,870
409,410
242,522
46,46
322,696
409,410
322,696
318,319
41,87
273,273
121,261
273,273
81,174
227,228
282,609
227,228
362,783
409,410
362,783
273,273
282,609
137,137
161,348
46,46
362,783
273,273
242,522
363,364
201,435
182,182
201,435
409,410
41,87
273,273
402,870
137,137
282,609
318,319
81,174
363,364
121,261
318,319
161,348
409,410
242,522
273,273
242,522
454,455
161,348
363,364
242,522
46,46
402,870
409,410
41,87
273,273
322,696
182,182
282,609
137,137
362,783
91,91
322,696
409,410
282,609
91,91
322,696
409,410
242,522
227,228
282,609
137,137
161,348
182,182
362,783
137,137
81,174
137,137
242,522
363,364
242,522
363,364
41,87
91,91
201,435
91,91
81,174
363,364
81,174
91,91
81,174
454,455
161,348
91,91
322,696
137,137
201,435
227,228
242,522
182,182
362,783
46,46
242,522
137,137
362,783
137,137
161,348
227,228
81,174
91,91
402,870
91,91
161,348
363,364
402,870
363,364
161,348
227,228
362,783
137,137
322,696
182,182
282,609
182,182
282,609
182,182
201,435
318,319
201,435
46,46
81,174
363,364
121,261
91,91
402,870
182,182
282,609
227,228
161,348
227,228
362,783
182,182
322,696
46,46
41,87
46,46
242,522
227,228
282,609
227,228
322,696
318,319
242,522
454,455
81,174
227,228
402,870
318,319
322,696
318,319
121,261
454,455
41,87
318,319
161,348
363,364
322,696
409,410
322,696
454,455
41,87
182,182
362,783
227,228
201,435
454,455
402,870
273,273
121,261
318,319
201,435
409,410
81,174
137,137
161,348
454,455
121,261
454,455
362,783
91,91
81,174
91,91
201,435
182,182
121,261
182,182
81,174
137,137
81,174
182,182
322,696
273,273
41,87
227,228
161,348
227,228
81,174
363,364
402,870
91,91
402,870
91,91
121,261
363,364
242,522
46,46
161,348
454,455
161,348
409,410
41,87
318,319
402,870
409,410
282,609
454,455
201,435
46,46
161,348
454,455
362,783
318,319
282,609
137,137
402,870
46,46
402,870
454,455
362,783
273,273
121,261
182,182
242,522
227,228
322,696
227,228
121,261
182,182
322,696
273,273
201,435
454,455
242,522
318,319
402,870
273,273
81,174
182,182
41,87
318,319
282,609
318,319
402,870
409,410
362,783
137,137
161,348
363,364
201,435
454,455
362,783
91,91
41,87
91,91
402,870
227,228
242,522
409,410
41,87
182,182
322,696
454,455
242,522
409,410
242,522
137,137
161,348
273,273
161,348
363,364
402,870
273,273
161,348
318,319
201,435
273,273
402,870
46,46
362,783
454,455
282,609
46,46
362,783
363,364
402,870
318,319
402,870
137,137
282,609
227,228
161,348
318,319
362,783
46,46
242,522
454,455
81,174
91,91
242,522
91,91
41,87
137,137
362,783
137,137
402,870
273,273
121,261
227,228
81,174
46,46
81,174
227,228
201,435
363,364
81,174
318,319
201,435
363,364
161,348
46,46
322,696
273,273
402,870
46,46
161,348
91,91
121,261
46,46
322,696
363,364
242,522
318,319
81,174
46,46
322,696
91,91
121,261
91,91
161,348
182,182
81,174
137,137
41,87
363,364
161,348
46,46
201,435
182,182
242,522
273,273
161,348
454,455
201,435
182,182
41,87
409,410
161,348
137,137
161,348
273,273
121,261
46,46
81,174
182,182
322,696
182,182
161,348
46,46
81,174
46,46
201,435
409,410
41,87
182,182
322,696
46,46
242,522
318,319
322,696
409,410
41,87
182,182
282,609
227,228
41,87
409,410
41,87
454,455
282,609
137,137
201,435
318,319
242,522
182,182
41,87
273,273
402,870
227,228
402,870
91,91
201,435
363,364
41,87
454,455
81,174
363,364
41,87
454,455
161,348
273,273
121,261
182,182
161,348
46,46
402,870
182,182
322,696
91,91
322,696
363,364
362,783
182,182
41,87
318,319
161,348
182,182
81,174
363,364
282,609
137,137
282,609
363,364
121,261
363,364
402,870
137,137
282,609
91,91
242,522
363,364
121,261
46,46
201,435
137,137
282,609
91,91
161,348
137,137
121,261
182,182
41,87
182,182
362,783
137,137
242,522
227,228
322,696
273,273
402,870
137,137
402,870
273,273
41,87
227,228
242,522
227,228
81,174
46,46
402,870
363,364
161,348
318,319
81,174
46,46
41,87
318,319
41,87
46,46
282,609
273,273
322,696
409,410
402,870
409,410
41,87
227,228
81,174
409,410
41,87
409,410
161,348
227,228
81,174
46,46
242,522
409,410
201,435
182,182
362,783
227,228
322,696
318,319
322,696
318,319
242,522
363,364
322,696
318,319
242,522
363,364
362,783
137,137
362,783
91,91
201,435
91,91
161,348
91,91
121,261
137,137
322,696
363,364
41,87
46,46
322,696
91,91
81,174
227,228
322,696
182,182
322,696
182,182
41,87
46,46
402,870
318,319
41,87
273,273
201,435
273,273
282,609
227,228
362,783
409,410
242,522
91,91
121,261
273,273
322,696
318,319
362,783
91,91
81,174
409,410
242,522
46,46
81,174
409,410
121,261
91,91
282,609
363,364
402,870
46,46
121,261
46,46
362,783
273,273
402,870
409,410
161,348
182,182
121,261
318,319
362,783
454,455
282,609
363,364
362,783
137,137
362,783
227,228
121,261
182,182
41,87
318,319
161,348
182,182
322,696
454,455
322,696
46,46
362,783
273,273
81,174
137,137
322,696
363,364
282,609
227,228
242,522
182,182
201,435
273,273
201,435
137,137
282,609
227,228
282,609
273,273
121,261
91,91
362,783
454,455
81,174
227,228
41,87
409,410
81,174
273,273
41,87
318,319
362,783
454,455
242,522
363,364
121,261
182,182
322,696
454,455
121,261
46,46
161,348
454,455
121,261
363,364
161,348
273,273
201,435
182,182
81,174
91,91
322,696
91,91
121,261
409,410
282,609
363,364
121,261
137,137
242,522
182,182
121,261
454,455
121,261
137,137
402,870
409,410
161,348
227,228
161,348
273,273
282,609
409,410
362,783
137,137
81,174
273,273
242,522
454,455
322,696
273,273
161,348
363,364
201,435
91,91
161,348
182,182
362,783
318,319
81,174
46,46
322,696
454,455
41,87
46,46
242,522
363,364
242,522
182,182
161,348
273,273
121,261
91,91
41,87
137,137
362,783
182,182
322,696
318,319
282,609
273,273
121,261
46,46
161,348
46,46
41,87
409,410
242,522
137,137
201,435
91,91
81,174
318,319
322,696
46,46
242,522
363,364
81,174
363,364
201,435
91,91
362,783
454,455
41,87
137,137
402,870
318,319
402,870
318,319
362,783
454,455
201,435
273,273
121,261
318,319
362,783
182,182
161,348
454,455
121,261
46,46
161,348
227,228
242,522
409,410
362,783
137,137
322,696
182,182
362,783
454,455
201,435
273,273
282,609
318,319
362,783
182,182
41,87
46,46
242,522
227,228
41,87
137,137
121,261
227,228
362,783
454,455
282,609
318,319
322,696
182,182
161,348
91,91
322,696
318,319
322,696
318,319
41,87
182,182
402,870
46,46
81,174
91,91
282,609
454,455
322,696
137,137
362,783
273,273
282,609
409,410
402,870
409,410
242,522
91,91
201,435
363,364
201,435
182,182
161,348
273,273
282,609
46,46
201,435
318,319
402,870
91,91
242,522
46,46
242,522
137,137
322,696
91,91
201,435
227,228
362,783
227,228
41,87
91,91
322,696
363,364
362,783
363,364
41,87
91,91
201,435
454,455
161,348
454,455
161,348
137,137
362,783
46,46
121,261
409,410
282,609
409,410
81,174
182,182
121,261
454,455
242,522
273,273
402,870
182,182
161,348
318,319
362,783
363,364
362,783
363,364
201,435
227,228
81,174
454,455
242,522
91,91
402,870
227,228
282,609
454,455
282,609
273,273
362,783
409,410
41,87
409,410
121,261
182,182
242,522
227,228
402,870
46,46
402,870
454,455
121,261
273,273
322,696
91,91
161,348
46,46
161,348
137,137
201,435
454,455
81,174
363,364
322,696
454,455
322,696
46,46
201,435
46,46
402,870
318,319
282,609
91,91
201,435
91,91
242,522
137,137
402,870
273,273
201,435
409,410
161,348
182,182
41,87
91,91
322,696
273,273
41,87
227,228
282,609
454,455
201,435
273,273
242,522
137,137
242,522
273,273
81,174
454,455
161,348
273,273
402,870
137,137
322,696
91,91
402,870
318,319
322,696
363,364
282,609
182,182
282,609
182,182
402,870
273,273
362,783
182,182
161,348
454,455
322,696
318,319
161,348
409,410
282,609
182,182
121,261
137,137
362,783
273,273
282,609
137,137
201,435
227,228
41,87
454,455
81,174
409,410
201,435
363,364
402,870
409,410
402,870
227,228
121,261
137,137
362,783
363,364
41,87
137,137
362,783
182,182
121,261
363,364
81,174
137,137
121,261
273,273
121,261
91,91
362,783
46,46
322,696
454,455
201,435
91,91
201,435
137,137
322,696
227,228
161,348
273,273
81,174
363,364
41,87
318,319
121,261
137,137
121,261
363,364
282,609
318,319
402,870
409,410
282,609
454,455
201,435
363,364
322,696
137,137
402,870
454,455
402,870
363,364
121,261
91,91
242,522
363,364
362,783
409,410
41,87
91,91
242,522
273,273
121,261
409,410
402,870
182,182
282,609
454,455
161,348
318,319
322,696
409,410
201,435
182,182
402,870
363,364
41,87
182,182
201,435
454,455
402,870
454,455
362,783
227,228
402,870
318,319
242,522
273,273
161,348
273,273
242,522
363,364
161,348
273,273
282,609
318,319
121,261
182,182
282,609
409,410
121,261
318,319
402,870
227,228
81,174
454,455
41,87
227,228
322,696
273,273
41,87
454,455
121,261
46,46
121,261
273,273
402,870
363,364
242,522
182,182
402,870
227,228
161,348
363,364
161,348
137,137
322,696
454,455
362,783
46,46
362,783
227,228
282,609
273,273
121,261
91,91
362,783
363,364
322,696
409,410
201,435
46,46
282,609
227,228
242,522
363,364
121,261
91,91
242,522
91,91
201,435
454,455
322,696
91,91
362,783
182,182
362,783
137,137
41,87
409,410
402,870
409,410
282,609
363,364
201,435
363,364
322,696
409,410
242,522
318,319
81,174
363,364
201,435
137,137
362,783
182,182
121,261
363,364
81,174
182,182
362,783
409,410
201,435
182,182
161,348
182,182
242,522
318,319
242,522
91,91
41,87
137,137
41,87
137,137
362,783
137,137
81,174
91,91
402,870
409,410
201,435
363,364
161,348
363,364
121,261
454,455
161,348
182,182
362,783
91,91
282,609
409,410
201,435
318,319
121,261
91,91
161,348
318,319
161,348
46,46
362,783
318,319
161,348
409,410
402,870
318,319
41,87
91,91
362,783
454,455
81,174
46,46
282,609
409,410
402,870
91,91
242,522
318,319
242,522
318,319
121,261
182,182
402,870
137,137
81,174
273,273
402,870
227,228
402,870
454,455
322,696
46,46
402,870
137,137
322,696
363,364
41,87
227,228
121,261
454,455
161,348
454,455
402,870
227,228
242,522
409,410
402,870
227,228
161,348
91,91
322,696
227,228
402,870
227,228
201,435
273,273
402,870
91,91
121,261
318,319
242,522
454,455
242,522
46,46
41,87
182,182
41,87
46,46
161,348
318,319
201,435
273,273
242,522
454,455
402,870
409,410
282,609
273,273
161,348
91,91
81,174
409,410
121,261
454,455
242,522
454,455
362,783
273,273
41,87
363,364
402,870
182,182
81,174
137,137
362,783
137,137
121,261
409,410
121,261
409,410
41,87
46,46
41,87
454,455
322,696
227,228
121,261
182,182
242,522
227,228
81,174
318,319
322,696
454,455
402,870
137,137
121,261
46,46
402,870
182,182
282,609
137,137
161,348
454,455
402,870
363,364
282,609
91,91
362,783
409,410
282,609
91,91
121,261
137,137
362,783
363,364
242,522
318,319
282,609
318,319
121,261
454,455
402,870
318,319
282,609
273,273
41,87
273,273
242,522
91,91
41,87
227,228
41,87
454,455
161,348
227,228
161,348
137,137
201,435
318,319
282,609
454,455
242,522
227,228
282,609
454,455
362,783
137,137
41,87
363,364
81,174
318,319
121,261
227,228
402,870
91,91
282,609
182,182
242,522
363,364
81,174
227,228
242,522
46,46
362,783
409,410
81,174
91,91
81,174
318,319
282,609
273,273
81,174
46,46
121,261
318,319
121,261
273,273
242,522
137,137
242,522
363,364
161,348
409,410
81,174
227,228
81,174
273,273
322,696
454,455
362,783
363,364
282,609
409,410
402,870
227,228
402,870
409,410
322,696
137,137
201,435
409,410
81,174
363,364
362,783
46,46
362,783
454,455
322,696
409,410
362,783
318,319
282,609
273,273
121,261
46,46
41,87
182,182
41,87
273,273
402,870
273,273
81,174
91,91
121,261
91,91
282,609
137,137
201,435
273,273
161,348
227,228
41,87
137,137
362,783
318,319
322,696
46,46
362,783
363,364
362,783
182,182
41,87
91,91
161,348
182,182
81,174
318,319
362,783
182,182
161,348
91,91
362,783
182,182
41,87
318,319
402,870
227,228
362,783
46,46
242,522
273,273
362,783
46,46
362,783
363,364
402,870
137,137
81,174
409,410
121,261
137,137
41,87
137,137
242,522
46,46
81,174
273,273
81,174
363,364
362,783
182,182
121,261
46,46
201,435
227,228
81,174
454,455
322,696
363,364
282,609
91,91
121,261
454,455
402,870
91,91
41,87
91,91
402,870
227,228
322,696
409,410
282,609
409,410
41,87
227,228
161,348
409,410
81,174
91,91
242,522
137,137
121,261
409,410
242,522
227,228
81,174
318,319
402,870
409,410
161,348
46,46
121,261
318,319
322,696
409,410
322,696
454,455
121,261
273,273
322,696
137,137
402,870
409,410
282,609
91,91
242,522
137,137
242,522
46,46
121,261
409,410
161,348
227,228
242,522
409,410
41,87
137,137
41,87
454,455
161,348
227,228
41,87
454,455
362,783
409,410
201,435
182,182
362,783
137,137
201,435
318,319
121,261
409,410
201,435
363,364
362,783
409,410
322,696
273,273
201,435
46,46
41,87
318,319
242,522
182,182
242,522
182,182
242,522
363,364
161,348
46,46
282,609
91,91
161,348
91,91
161,348
273,273
322,696
91,91
402,870
46,46
41,87
46,46
201,435
182,182
161,348
46,46
161,348
91,91
201,435
454,455
201,435
273,273
201,435
409,410
242,522
137,137
161,348
454,455
161,348
454,455
161,348
273,273
81,174
273,273
161,348
409,410
322,696
182,182
201,435
363,364
282,609
454,455
201,435
273,273
282,609
318,319
282,609
409,410
201,435
363,364
161,348
363,364
242,522
454,455
362,783
273,273
402,870
273,273
282,609
137,137
282,609
409,410
81,174
318,319
121,261
227,228
282,609
182,182
402,870
273,273
41,87
137,137
121,261
454,455
201,435
409,410
81,174
363,364
161,348
182,182
362,783
137,137
161,348
137,137
282,609
227,228
161,348
91,91
161,348
91,91
201,435
273,273
242,522
409,410
161,348
46,46
41,87
91,91
402,870
137,137
282,609
454,455
282,609
227,228
362,783
91,91
242,522
273,273
81,174
318,319
322,696
318,319
322,696
454,455
121,261
46,46
322,696
137,137
41,87
318,319
362,783
182,182
201,435
46,46
81,174
273,273
322,696
227,228
282,609
273,273
282,609
46,46
201,435
409,410
242,522
409,410
242,522
454,455
402,870
318,319
362,783
227,228
282,609
91,91
201,435
454,455
322,696
318,319
161,348
137,137
41,87
273,273
161,348
318,319
282,609
454,455
201,435
182,182
242,522
137,137
201,435
227,228
41,87
91,91
362,783
227,228
81,174
363,364
402,870
363,364
161,348
182,182
81,174
46,46
161,348
273,273
282,609
182,182
161,348
273,273
81,174
409,410
161,348
182,182
362,783
318,319
402,870
227,228
81,174
182,182
242,522
182,182
201,435
273,273
402,870
318,319
201,435
454,455
282,609
182,182
161,348
46,46
41,87
409,410
402,870
227,228
81,174
227,228
242,522
46,46
242,522
318,319
81,174
137,137
322,696
454,455
81,174
318,319
41,87
137,137
322,696
273,273
41,87
273,273
322,696
91,91
282,609
318,319
282,609
318,319
322,696
137,137
242,522
182,182
242,522
137,137
41,87
137,137
282,609
409,410
362,783
227,228
402,870
227,228
41,87
137,137
322,696
227,228
362,783
318,319
121,261
227,228
161,348
273,273
402,870
182,182
161,348
46,46
161,348
182,182
161,348
273,273
121,261
273,273
242,522
137,137
161,348
182,182
161,348
409,410
161,348
318,319
41,87
91,91
402,870
454,455
362,783
454,455
322,696
409,410
41,87
273,273
282,609
182,182
81,174
273,273
81,174
318,319
41,87
454,455
161,348
273,273
201,435
318,319
242,522
182,182
201,435
363,364
322,696
137,137
121,261
318,319
402,870
273,273
161,348
137,137
362,783
273,273
362,783
318,319
362,783
454,455
121,261
91,91
161,348
409,410
121,261
182,182
282,609
318,319
161,348
363,364
402,870
137,137
81,174
91,91
201,435
137,137
322,696
46,46
161,348
227,228
201,435
227,228
402,870
363,364
402,870
273,273
362,783
318,319
41,87
318,319
161,348
363,364
362,783
318,319
362,783
182,182
242,522
46,46
242,522
227,228
81,174
182,182
201,435
273,273
402,870
454,455
161,348
409,410
242,522
318,319
201,435
454,455
81,174
91,91
41,87
454,455
282,609
454,455
81,174
46,46
201,435
409,410
362,783
363,364
41,87
182,182
282,609
318,319
322,696
46,46
402,870
227,228
201,435
409,410
282,609
409,410
161,348
318,319
121,261
182,182
402,870
91,91
41,87
137,137
282,609
137,137
242,522
91,91
41,87
91,91
121,261
137,137
242,522
137,137
322,696
91,91
282,609
318,319
242,522
182,182
201,435
273,273
282,609
227,228
362,783
182,182
362,783
318,319
121,261
182,182
161,348
46,46
362,783
409,410
201,435
454,455
322,696
273,273
201,435
227,228
121,261
91,91
121,261
91,91
402,870
318,319
81,174
182,182
362,783
91,91
81,174
318,319
362,783
91,91
282,609
318,319
402,870
91,91
322,696
454,455
402,870
409,410
242,522
318,319
41,87
91,91
402,870
454,455
81,174
409,410
282,609
182,182
81,174
137,137
41,87
137,137
41,87
363,364
242,522
409,410
81,174
182,182
161,348
318,319
41,87
363,364
402,870
182,182
121,261
227,228
282,609
273,273
362,783
454,455
322,696
318,319
402,870
46,46
161,348
454,455
322,696
91,91
242,522
137,137
362,783
363,364
242,522
91,91
322,696
46,46
121,261
454,455
81,174
227,228
362,783
409,410
121,261
363,364
282,609
454,455
402,870
318,319
161,348
363,364
282,609
182,182
201,435
454,455
322,696
454,455
41,87
227,228
81,174
91,91
282,609
273,273
81,174
182,182
282,609
454,455
81,174
318,319
322,696
454,455
402,870
409,410
81,174
91,91
322,696
227,228
242,522
227,228
242,522
273,273
81,174
91,91
322,696
318,319
362,783
227,228
322,696
227,228
161,348
318,319
322,696
182,182
242,522
409,410
402,870
409,410
161,348
46,46
242,522
454,455
242,522
409,410
322,696
454,455
322,696
454,455
282,609
182,182
322,696
182,182
41,87
273,273
161,348
318,319
242,522
137,137
121,261
454,455
161,348
363,364
41,87
409,410
282,609
409,410
121,261
318,319
322,696
46,46
242,522
182,182
161,348
227,228
41,87
454,455
242,522
273,273
161,348
91,91
81,174
46,46
322,696
273,273
41,87
227,228
362,783
137,137
81,174
409,410
362,783
137,137
402,870
91,91
322,696
227,228
402,870
409,410
41,87
409,410
322,696
273,273
201,435
46,46
121,261
182,182
362,783
454,455
81,174
46,46
362,783
409,410
41,87
363,364
362,783
137,137
201,435
91,91
362,783
46,46
161,348
454,455
282,609
273,273
282,609
273,273
402,870
137,137
121,261
227,228
402,870
227,228
161,348
454,455
282,609
91,91
402,870
91,91
121,261
227,228
402,870
409,410
201,435
409,410
121,261
363,364
41,87
363,364
242,522
454,455
201,435
227,228
402,870
409,410
201,435
137,137
41,87
182,182
242,522
454,455
121,261
409,410
41,87
273,273
362,783
182,182
362,783
363,364
81,174
363,364
322,696
318,319
81,174
227,228
242,522
137,137
41,87
91,91
322,696
363,364
322,696
137,137
161,348
46,46
41,87
318,319
81,174
46,46
242,522
182,182
282,609
273,273
121,261
409,410
322,696
273,273
282,609
91,91
161,348
227,228
161,348
137,137
201,435
227,228
402,870
227,228
121,261
137,137
201,435
91,91
201,435
273,273
81,174
454,455
242,522
363,364
41,87
273,273
362,783
46,46
402,870
182,182
402,870
182,182
161,348
318,319
41,87
273,273
161,348
46,46
121,261
46,46
41,87
454,455
242,522
182,182
201,435
363,364
41,87
46,46
242,522
137,137
161,348
454,455
322,696
454,455
81,174
182,182
362,783
454,455
322,696
182,182
362,783
273,273
322,696
46,46
362,783
409,410
201,435
273,273
161,348
182,182
161,348
363,364
282,609
91,91
402,870
182,182
282,609
409,410
282,609
91,91
41,87
318,319
242,522
46,46
121,261
182,182
81,174
46,46
81,174
46,46
402,870
137,137
81,174
46,46
282,609
46,46
322,696
46,46
41,87
46,46
201,435
137,137
81,174
273,273
282,609
273,273
322,696
454,455
81,174
46,46
322,696
137,137
81,174
409,410
362,783
137,137
402,870
273,273
242,522
454,455
402,870
137,137
121,261
91,91
161,348
273,273
121,261
409,410
121,261
137,137
161,348
409,410
402,870
91,91
41,87
227,228
81,174
273,273
402,870
46,46
362,783
318,319
201,435
273,273
282,609
409,410
81,174
318,319
362,783
182,182
161,348
46,46
362,783
363,364
402,870
318,319
121,261
46,46
402,870
454,455
402,870
318,319
282,609
454,455
282,609
46,46
161,348
363,364
161,348
454,455
282,609
46,46
362,783
318,319
282,609
46,46
402,870
46,46
322,696
91,91
322,696
46,46
41,87
91,91
322,696
363,364
322,696
137,137
362,783
46,46
121,261
91,91
322,696
454,455
121,261
91,91
282,609
227,228
322,696
409,410
402,870
227,228
41,87
454,455
362,783
137,137
161,348
182,182
362,783
46,46
121,261
137,137
161,348
137,137
201,435
46,46
242,522
227,228
242,522
91,91
201,435
273,273
121,261
409,410
242,522
137,137
322,696
91,91
201,435
227,228
242,522
273,273
41,87
137,137
242,522
273,273
402,870
91,91
322,696
137,137
402,870
409,410
201,435
227,228
41,87
137,137
402,870
363,364
282,609
363,364
282,609
227,228
242,522
409,410
161,348
454,455
242,522
46,46
121,261
182,182
402,870
409,410
121,261
409,410
402,870
454,455
242,522
91,91
201,435
182,182
81,174
182,182
242,522
182,182
201,435
227,228
201,435
227,228
81,174
363,364
41,87
409,410
282,609
318,319
282,609
91,91
362,783
46,46
282,609
46,46
201,435
363,364
362,783
273,273
201,435
46,46
402,870
46,46
322,696
318,319
322,696
363,364
282,609
227,228
81,174
46,46
121,261
409,410
362,783
227,228
322,696
363,364
242,522
182,182
402,870
273,273
161,348
454,455
322,696
454,455
242,522
137,137
282,609
273,273
161,348
91,91
41,87
182,182
121,261
46,46
201,435
363,364
282,609
454,455
161,348
318,319
81,174
318,319
201,435
182,182
322,696
46,46
121,261
273,273
282,609
182,182
402,870
454,455
282,609
363,364
362,783
363,364
41,87
318,319
121,261
409,410
161,348
227,228
282,609
91,91
41,87
318,319
41,87
182,182
242,522
363,364
402,870
454,455
402,870
454,455
201,435
182,182
282,609
137,137
362,783
137,137
242,522
318,319
161,348
318,319
121,261
318,319
402,870
318,319
201,435
409,410
121,261
454,455
41,87
273,273
402,870
137,137
402,870
227,228
201,435
318,319
322,696
91,91
161,348
318,319
322,696
91,91
81,174
182,182
282,609
273,273
81,174
454,455
322,696
273,273
242,522
409,410
121,261
409,410
81,174
273,273
322,696
137,137
242,522
273,273
81,174
227,228
201,435
363,364
322,696
409,410
362,783
91,91
282,609
182,182
161,348
454,455
282,609
227,228
81,174
182,182
242,522
46,46
201,435
91,91
242,522
182,182
282,609
318,319
242,522
137,137
201,435
227,228
161,348
273,273
81,174
318,319
402,870
91,91
161,348
363,364
41,87
227,228
362,783
318,319
121,261
318,319
121,261
91,91
282,609
363,364
201,435
227,228
322,696
46,46
81,174
273,273
161,348
182,182
242,522
227,228
402,870
91,91
121,261
46,46
161,348
137,137
322,696
91,91
242,522
409,410
282,609
363,364
282,609
273,273
242,522
182,182
322,696
46,46
362,783
318,319
362,783
137,137
322,696
409,410
282,609
182,182
362,783
454,455
242,522
46,46
242,522
363,364
282,609
318,319
242,522
318,319
81,174
454,455
282,609
137,137
402,870
273,273
201,435
137,137
81,174
227,228
282,609
46,46
242,522
182,182
282,609
273,273
282,609
227,228
242,522
318,319
242,522
454,455
81,174
409,410
41,87
363,364
282,609
137,137
362,783
273,273
362,783
227,228
402,870
318,319
402,870
409,410
201,435
137,137
322,696
91,91
362,783
227,228
121,261
363,364
201,435
46,46
121,261
46,46
402,870
363,364
41,87
137,137
282,609
182,182
41,87
182,182
362,783
273,273
121,261
409,410
41,87
182,182
282,609
91,91
201,435
137,137
322,696
46,46
201,435
318,319
81,174
46,46
242,522
137,137
121,261
182,182
402,870
91,91
161,348
454,455
81,174
182,182
81,174
227,228
402,870
363,364
121,261
182,182
81,174
273,273
121,261
46,46
161,348
182,182
201,435
273,273
282,609
46,46
81,174
137,137
242,522
46,46
282,609
318,319
322,696
137,137
322,696
91,91
242,522
409,410
402,870
182,182
41,87
227,228
161,348
273,273
402,870
46,46
81,174
409,410
402,870
46,46
282,609
46,46
282,609
363,364
81,174
137,137
322,696
454,455
242,522
46,46
282,609
91,91
242,522
91,91
161,348
137,137
402,870
409,410
282,609
227,228
322,696
363,364
402,870
363,364
362,783
137,137
41,87
182,182
41,87
363,364
201,435
454,455
322,696
137,137
81,174
273,273
121,261
182,182
282,609
137,137
402,870
227,228
362,783
46,46
161,348
363,364
41,87
318,319
362,783
182,182
322,696
409,410
41,87
91,91
121,261
227,228
242,522
409,410
81,174
227,228
322,696
273,273
402,870
454,455
121,261
46,46
121,261
273,273
161,348
182,182
81,174
454,455
282,609
363,364
282,609
454,455
242,522
91,91
322,696
182,182
242,522
363,364
282,609
227,228
242,522
363,364
201,435
227,228
322,696
137,137
201,435
318,319
161,348
182,182
121,261
273,273
362,783
91,91
121,261
318,319
282,609
363,364
161,348
137,137
242,522
227,228
282,609
409,410
201,435
137,137
41,87
227,228
282,609
182,182
81,174
182,182
322,696
409,410
81,174
363,364
41,87
409,410
282,609
91,91
402,870
363,364
282,609
409,410
161,348
409,410
282,609
409,410
41,87
46,46
161,348
363,364
121,261
318,319
81,174
46,46
121,261
182,182
41,87
227,228
41,87
318,319
282,609
182,182
402,870
273,273
402,870
46,46
161,348
318,319
201,435
137,137
282,609
227,228
121,261
46,46
362,783
363,364
81,174
46,46
242,522
273,273
322,696
454,455
282,609
91,91
161,348
227,228
322,696
137,137
201,435
46,46
402,870
227,228
282,609
137,137
41,87
318,319
282,609
182,182
81,174
182,182
41,87
409,410
201,435
137,137
322,696
318,319
282,609
409,410
242,522
409,410
81,174
363,364
161,348
318,319
402,870
363,364
322,696
182,182
81,174
182,182
362,783
318,319
81,174
137,137
81,174
454,455
282,609
363,364
402,870
454,455
282,609
363,364
242,522
273,273
282,609
454,455
322,696
91,91
402,870
363,364
81,174
273,273
41,87
409,410
41,87
182,182
362,783
46,46
201,435
227,228
322,696
182,182
201,435
318,319
282,609
454,455
282,609
273,273
402,870
137,137
81,174
91,91
322,696
363,364
362,783
363,364
41,87
363,364
282,609
273,273
41,87
318,319
121,261
182,182
362,783
318,319
242,522
273,273
121,261
137,137
81,174
227,228
81,174
182,182
41,87
318,319
402,870
318,319
322,696
182,182
161,348
137,137
161,348
46,46
41,87
227,228
242,522
182,182
362,783
91,91
242,522
182,182
322,696
273,273
402,870
318,319
161,348
227,228
402,870
318,319
242,522
182,182
161,348
182,182
282,609
273,273
41,87
454,455
322,696
227,228
201,435
318,319
201,435
273,273
41,87
182,182
242,522
409,410
322,696
91,91
242,522
91,91
121,261
46,46
282,609
273,273
41,87
318,319
362,783
137,137
41,87
363,364
201,435
91,91
242,522
454,455
362,783
46,46
161,348
46,46
121,261
46,46
322,696
91,91
242,522
273,273
161,348
318,319
242,522
273,273
121,261
363,364
121,261
182,182
322,696
182,182
121,261
363,364
242,522
409,410
81,174
91,91
282,609
363,364
282,609
46,46
402,870
227,228
81,174
227,228
322,696
318,319
81,174
273,273
242,522
363,364
161,348
227,228
362,783
273,273
362,783
137,137
402,870
454,455
402,870
227,228
41,87
363,364
161,348
409,410
201,435
137,137
402,870
318,319
161,348
318,319
121,261
227,228
121,261
46,46
41,87
318,319
242,522
363,364
41,87
46,46
201,435
46,46
322,696
409,410
282,609
318,319
81,174
46,46
282,609
363,364
161,348
409,410
322,696
318,319
161,348
273,273
81,174
46,46
41,87
137,137
121,261
46,46
402,870
227,228
322,696
46,46
81,174
454,455
402,870
46,46
402,870
46,46
282,609
227,228
81,174
182,182
121,261
137,137
242,522
273,273
201,435
227,228
81,174
137,137
282,609
46,46
242,522
409,410
362,783
454,455
201,435
227,228
81,174
318,319
242,522
318,319
81,174
409,410
362,783
91,91
362,783
182,182
402,870
273,273
402,870
318,319
242,522
137,137
121,261
137,137
322,696
363,364
41,87
363,364
242,522
454,455
201,435
227,228
161,348
409,410
41,87
318,319
322,696
46,46
322,696
409,410
161,348
409,410
242,522
137,137
362,783
409,410
282,609
318,319
121,261
273,273
81,174
46,46
41,87
409,410
121,261
363,364
121,261
227,228
41,87
409,410
161,348
454,455
81,174
46,46
41,87
363,364
201,435
227,228
402,870
454,455
402,870
91,91
81,174
91,91
41,87
318,319
41,87
46,46
161,348
454,455
242,522
318,319
362,783
318,319
201,435
409,410
242,522
409,410
362,783
46,46
362,783
137,137
41,87
137,137
362,783
182,182
322,696
91,91
81,174
318,319
322,696
409,410
322,696
137,137
161,348
227,228
161,348
409,410
242,522
273,273
282,609
363,364
362,783
363,364
282,609
182,182
242,522
318,319
322,696
182,182
121,261
363,364
121,261
409,410
282,609
454,455
81,174
182,182
81,174
46,46
41,87
91,91
201,435
137,137
362,783
182,182
242,522
91,91
81,174
273,273
402,870
273,273
242,522
46,46
81,174
91,91
242,522
91,91
402,870
409,410
402,870
227,228
161,348
227,228
81,174
454,455
402,870
363,364
41,87
137,137
41,87
454,455
322,696
454,455
201,435
227,228
201,435
409,410
402,870
91,91
282,609
363,364
362,783
318,319
242,522
409,410
81,174
409,410
81,174
182,182
322,696
91,91
81,174
318,319
81,174
318,319
242,522
46,46
201,435
273,273
201,435
363,364
81,174
227,228
161,348
363,364
81,174
454,455
362,783
454,455
121,261
318,319
121,261
273,273
362,783
454,455
161,348
91,91
161,348
182,182
362,783
318,319
282,609
227,228
41,87
454,455
322,696
273,273
402,870
137,137
362,783
46,46
282,609
46,46
322,696
137,137
282,609
46,46
161,348
91,91
322,696
182,182
201,435
46,46
41,87
227,228
402,870
182,182
81,174
137,137
282,609
46,46
41,87
409,410
362,783
318,319
402,870
137,137
242,522
182,182
41,87
137,137
161,348
227,228
201,435
454,455
201,435
227,228
402,870
137,137
81,174
273,273
282,609
409,410
362,783
227,228
242,522
454,455
402,870
227,228
322,696
182,182
242,522
409,410
121,261
273,273
322,696
363,364
81,174
137,137
201,435
182,182
41,87
182,182
242,522
363,364
402,870
137,137
161,348
273,273
201,435
91,91
282,609
454,455
41,87
363,364
362,783
409,410
402,870
273,273
81,174
318,319
201,435
227,228
121,261
454,455
161,348
454,455
161,348
318,319
121,261
182,182
201,435
46,46
121,261
182,182
282,609
137,137
81,174
227,228
201,435
318,319
322,696
318,319
282,609
46,46
322,696
46,46
402,870
273,273
41,87
454,455
81,174
409,410
121,261
46,46
322,696
363,364
81,174
363,364
41,87
318,319
161,348
91,91
201,435
91,91
121,261
363,364
402,870
409,410
322,696
137,137
362,783
91,91
242,522
46,46
282,609
454,455
322,696
363,364
242,522
363,364
282,609
454,455
322,696
409,410
41,87
137,137
242,522
409,410
41,87
409,410
201,435
363,364
402,870
273,273
121,261
46,46
41,87
454,455
322,696
182,182
322,696
273,273
282,609
46,46
121,261
454,455
81,174
409,410
121,261
318,319
201,435
363,364
121,261
454,455
161,348
46,46
282,609
46,46
121,261
363,364
242,522
454,455
161,348
318,319
282,609
273,273
81,174
227,228
41,87
91,91
121,261
318,319
81,174
409,410
282,609
318,319
282,609
318,319
402,870
363,364
201,435
182,182
362,783
363,364
41,87
273,273
121,261
46,46
201,435
46,46
402,870
46,46
242,522
182,182
161,348
454,455
322,696
273,273
201,435
227,228
282,609
363,364
41,87
318,319
81,174
137,137
201,435
91,91
242,522
273,273
322,696
363,364
402,870
318,319
402,870
363,364
41,87
182,182
362,783
227,228
282,609
91,91
201,435
409,410
81,174
454,455
201,435
182,182
242,522
227,228
362,783
91,91
402,870
46,46
282,609
91,91
121,261
91,91
362,783
273,273
402,870
318,319
362,783
409,410
161,348
318,319
121,261
137,137
242,522
363,364
121,261
91,91
41,87
91,91
81,174
363,364
282,609
182,182
242,522
409,410
362,783
137,137
402,870
318,319
322,696
227,228
322,696
409,410
282,609
182,182
402,870
91,91
41,87
227,228
41,87
363,364
282,609
273,273
121,261
273,273
322,696
91,91
322,696
46,46
161,348
273,273
242,522
46,46
81,174
137,137
362,783
137,137
121,261
227,228
41,87
409,410
161,348
273,273
242,522
46,46
121,261
137,137
201,435
46,46
121,261
182,182
81,174
182,182
201,435
273,273
282,609
454,455
282,609
46,46
41,87
182,182
201,435
454,455
201,435
46,46
362,783
227,228
402,870
182,182
242,522
182,182
362,783
363,364
362,783
182,182
161,348
91,91
242,522
363,364
121,261
227,228
121,261
273,273
201,435
409,410
402,870
91,91
402,870
227,228
41,87
227,228
121,261
363,364
242,522
46,46
322,696
46,46
121,261
409,410
121,261
91,91
201,435
182,182
282,609
273,273
121,261
137,137
121,261
363,364
41,87
454,455
41,87
273,273
362,783
318,319
121,261
182,182
121,261
46,46
402,870
409,410
41,87
137,137
362,783
363,364
161,348
318,319
362,783
363,364
322,696
91,91
201,435
454,455
161,348
227,228
242,522
409,410
242,522
91,91
362,783
91,91
242,522
273,273
41,87
409,410
322,696
46,46
41,87
227,228
322,696
273,273
161,348
363,364
2071
2541
2204
2197
2175
2085
2399
1913
2711
2533
1900
2812
2190
2720
2071
1996
2412
2226
2131
2337
2545
2660
2104
2175
2209
2565
2265
2078
2788
1957
2340
2665
2364
2148
2787
2279
2730
2786
2525
1906
2783
2160
2668
2001
2298
2051
2588
2239
2769
2299
2040
2225
2539
2041
2199
1904
1956
2120
1974
2581
2453
2279
2483
1966
2161
2179
2782
2773
2658
2386
2387
2581
1982
2324
2126
1992
2293
2459
2528
2223
2404
2547
2142
2616
2795
1965
1954
2516
2163
2700
2348
2214
2236
2624
2649
2668
2799
2329
1888
1957
2182
2255
2628
1909
2097
2190
1931
2598
2502
2374
2603
1966
2187
2068
2400
2195
2700
2169
2360
2062
1925
2199
2182
1883
1982
2439
2816
2120
2422
2068
2458
2307
2314
2146
2767
2296
2163
2675
2661
2172
2229
2622
2124
2059
2035
2186
2391
2453
2278
2090
2473
2357
2732
2178
2476
2527
1903
2751
2069
2144
2410
2211
2571
2595
2437
2045
2283
2101
2658
2065
2298
2227
1901
2005
1954
2817
2303
2084
1917
2558
1952
2016
1916
2634
2563
1940
2568
2780
2662
2519
2752
2433
2690
1903
1993
2190
2774
2135
2667
2051
2434
2086
2616
2205
2783
2298
2510
1910
2483
2597
2105
2581
2386
2547
2112
2664
2787
2239
2670
2452
1980
2748
2119
2519
2272
2700
1967
2174
2006
2139
2168
2402
2203
1946
2657
2687
1956
2350
2341
1887
2110
1884
2256
2232
2699
2509
2130
2380
1881
1985
1904
1894
2333
2144
1967
2243
1931
2614
2207
2199
2022
2062
2435
1975
2098
2546
2493
2259
1931
2363
2773
2382
2266
2201
2147
2330
2740
2504
2586
2683
2416
2573
2415
2068
2021
2394
2482
2394
1974
2222
1958
2449
2559
2357
2367
2379
2017
2568
2189
2701
2532
2697
2655
2299
1923
2225
2522
2600
2390
2056
1981
2586
2457
2439
2528
2134
2508
2792
2148
2800
2559
2373
2097
2334
2543
2060
2398
2199
2492
1888
2797
2366
2750
2613
2022
1924
2612
2411
2394
2304
2378
2013
1980
2412
2147
2789
2698
2781
1993
2075
2810
1995
2032
2139
2278
2601
2707
2581
2060
2421
2637
2196
2492
2758
2456
1911
2757
2406
2265
2688
2790
2245
2767
2413
2276
2809
2566
2800
1901
2455
2240
2320
2218
1990
2491
1976
2356
2646
2037
2598
2336
1932
2490
2414
2396
2178
2503
1886
2472
2453
