709,48
26,56
36,141
913,201
156,312
760,801
776,675
978,277
958,366
760,567
937,305
948,199
102,59
915,939
890,523
656,988
183,786
819,310
434,243
138,211
712,37
252,874
748,46
371,349
292,259
77,860
584,888
325,499
518,839
45,521
439,882
482,586
648,414
761,551
716,36
801,287
847,919
580,660
536,264
30,684
128,621
729,371
196,718
421,42
274,63
913,399
166,758
262,798
102,937
433,943
812,393
622,899
477,1
467,724
892,376
673,696
977,149
48,212
185,241
406,889
401,25
811,619
539,896
535,883
785,439
862,930
536,473
129,227
853,551
118,620
503,210
542,974
922,549
983,206
835,133
531,201
81,804
453,344
771,904
543,674
454,586
141,378
33,860
221,147
145,590
119,780
797,270
65,242
617,668
970,812
80,102
782,978
292,308
231,9
118,952
249,952
117,940
22,545
953,565
402,333
601,890
217,835
755,514
971,796
659,488
291,883
447,267
113,501
463,564
553,747
130,982
191,200
845,614
785,145
896,797
857,182
666,782
390,6
875,435
391,863
640,519
557,980
801,736
487,854
28,945
193,471
598,958
584,473
930,890
860,786
974,10
161,505
136,6
180,345
712,309
604,108
333,88
22,860
732,86
135,944
408,848
251,663
643,870
553,876
109,903
320,107
878,918
686,36
30,226
528,721
234,682
45,91
453,147
218,455
68,891
547,810
551,47
220,713
313,200
469,952
117,713
835,686
371,899
387,215
617,617
503,6
948,127
784,973
28,286
382,256
918,766
686,294
828,775
264,337
656,20
587,490
633,16
563,628
655,382
120,718
385,167
239,611
100,616
67,86
190,231
563,684
675,482
803,817
897,871
857,536
824,608
976,354
966,512
617,960
581,43
829,879
60,695
340,751
212,433
59,653
25,272
476,963
275,176
89,295
708,970
861,204
716,599
344,164
570,472
128,313
941,176
877,43
259,906
343,104
756,939
796,376
43,369
513,136
662,369
626,179
825,64
55,463
823,706
685,308
836,83
690,909
922,806
89,62
620,639
174,690
942,396
869,58
537,167
247,494
111,587
874,743
139,535
639,506
359,148
937,144
565,469
323,893
905,758
964,642
547,772
441,590
128,74
425,344
15,404
275,486
186,421
410,923
739,611
691,72
524,280
506,691
171,142
859,183
307,60
619,584
934,505
771,982
76,829
771,981
118,657
211,377
532,972
874,244
898,103
553,667
451,567
772,787
168,588
469,394
109,2
307,956
464,95
978,46
118,24
946,109
835,995
245,443
786,202
963,993
868,689
254,581
506,433
369,799
574,15
634,865
453,81
229,575
29,472
526,989
612,710
973,687
643,962
451,105
250,712
996,423
356,437
726,238
41,406
820,845
372,53
693,770
748,182
319,193
958,588
927,391
363,634
297,545
207,744
582,852
933,954
933,574
776,651
457,480
485,108
956,249
872,361
892,348
279,812
692,866
854,149
96,604
581,195
957,620
612,395
723,200
848,257
894,347
717,104
567,779
632,45
370,58
67,138
175,191
351,427
463,936
213,640
630,749
468,746
635,824
785,650
843,676
30,361
218,150
106,172
305,509
861,370
89,897
665,476
311,324
528,636
620,103
179,292
140,946
190,496
753,14
809,883
295,875
149,327
694,490
438,430
609,64
937,829
278,653
848,398
448,782
967,591
166,727
293,257
507,494
67,900
474,211
692,900
27,509
377,435
959,397
446,351
468,212
493,671
99,879
281,507
782,308
698,759
919,907
513,858
391,840
694,941
521,474
359,493
305,290
285,440
38,911
244,516
513,240
934,676
133,240
273,140
201,516
941,933
657,474
133,467
289,659
533,421
714,430
274,458
823,267
660,221
855,770
519,369
841,108
27,660
575,142
723,971
491,141
239,642
735,981
775,257
46,128
367,249
648,361
318,130
994,787
601,940
286,608
872,573
942,123
299,548
182,902
929,503
99,425
467,410
569,131
429,887
781,790
546,997
865,153
285,394
264,424
855,883
125,727
393,208
250,922
612,916
861,757
799,526
203,459
121,970
990,315
799,656
371,691
514,530
550,408
396,441
816,960
591,178
974,595
913,426
861,761
804,401
498,426
332,799
80,94
99,586
472,511
316,219
462,515
906,767
370,397
343,448
745,444
309,388
721,290
62,828
976,285
768,407
587,619
839,700
630,849
410,502
431,954
668,696
134,756
476,279
455,631
480,227
512,337
806,682
804,516
325,35
827,963
554,166
201,71
877,425
194,228
269,330
557,753
536,778
180,172
849,347
482,655
277,324
713,74
310,55
237,225
697,505
813,575
93,763
416,395
682,172
212,967
684,254
478,218
655,140
454,575
502,641
398,141
599,793
643,796
29,323
937,744
971,568
320,565
897,379
601,356
557,48
401,227
96,374
854,9
901,417
558,807
635,154
85,669
406,519
633,664
455,815
676,795
361,124
973,648
807,470
564,631
898,948
703,727
25,976
215,753
894,959
958,321
534,451
355,590
546,349
456,29
913,1
917,474
591,817
681,922
407,225
939,171
502,528
665,652
846,571
876,220
113,642
554,370
304,69
880,300
910,492
880,631
397,340
654,467
586,333
905,231
709,669
135,32
92,753
139,373
778,162
838,940
821,371
254,719
945,909
376,695
752,44
321,988
13,436
963,857
355,405
588,229
476,883
329,123
774,381
658,268
392,171
105,2
66,791
415,824
470,129
440,140
739,135
256,681
805,446
9,179
947,394
808,854
272,725
963,742
450,388
569,493
625,627
932,678
229,989
571,691
271,65
952,145
363,772
903,915
803,342
75,206
604,125
527,619
215,431
527,678
992,372
927,790
149,849
548,658
16,421
639,759
509,511
785,813
817,599
977,393
484,162
677,274
209,103
557,163
217,218
405,548
144,452
866,63
500,772
342,449
217,678
253,633
672,727
586,200
45,877
847,594
327,254
755,935
741,311
648,667
944,943
538,62
617,261
117,523
783,1000
426,467
387,462
513,510
412,1
744,762
590,852
274,901
905,141
215,292
438,861
832,494
636,265
807,933
419,205
653,951
254,972
894,320
404,219
617,40
900,632
32,608
883,276
457,80
162,983
724,12
103,713
522,802
343,632
681,635
96,328
9,505
787,832
908,430
331,981
656,374
862,280
698,649
15,159
817,301
92,236
834,119
88,977
882,839
397,788
660,153
791,111
359,821
564,405
814,138
285,874
992,438
3,775
98,761
842,914
20,799
946,984
283,709
308,14
478,632
730,520
51,450
665,594
536,912
982,748
417,737
466,401
885,307
477,124
243,998
252,120
167,258
559,678
779,976
575,359
265,65
724,652
382,368
643,838
560,722
91,373
929,789
65,79
184,354
203,488
229,248
487,714
812,424
727,102
354,325
238,830
910,534
606,131
173,751
23,565
583,376
884,144
8,226
214,327
168,41
148,764
191,275
470,159
683,517
967,123
444,813
83,228
181,795
160,6
936,469
963,248
692,427
979,308
24,992
844,670
969,814
282,586
615,100
348,889
247,175
802,221
413,756
629,192
314,21
39,610
345,776
252,675
725,257
95,110
208,775
983,874
419,476
945,398
926,17
641,480
598,274
205,587
867,751
502,566
425,419
28,612
423,620
186,136
431,543
231,462
894,751
421,970
33,681
840,117
919,436
608,131
278,962
357,490
197,590
824,216
793,61
802,316
27,66
779,94
242,140
685,991
552,378
151,909
288,376
443,93
125,280
428,739
124,37
828,75
928,230
349,651
898,904
105,815
987,255
49,767
386,264
26,298
596,734
887,645
784,869
993,834
808,417
23,776
126,814
988,591
200,174
262,258
522,151
259,919
757,347
709,544
640,397
126,512
736,177
19,618
686,363
435,84
461,597
799,473
623,449
264,898
573,360
905,498
322,291
531,768
646,97
525,269
771,365
181,787
250,243
618,480
81,569
485,604
952,292
211,522
469,308
62,96
191,514
122,970
661,244
22,337
520,320
352,977
438,941
938,917
394,526
695,491
901,207
443,982
826,277
146,343
905,948
811,847
353,363
630,154
556,643
275,477
887,964
655,128
427,427
688,71
476,861
955,849
52,3
275,599
146,26
603,571
928,497
872,340
486,322
386,652
524,241
539,245
680,417
487,916
381,224
802,734
250,642
745,551
883,585
85,342
755,60
548,154
589,879
950,169
315,812
899,510
845,633
906,472
76,918
741,567
269,98
475,105
245,883
523,493
324,285
929,165
776,240
219,514
528,266
57,259
735,102
853,330
485,250
251,597
16,63
887,474
546,778
86,699
291,765
267,77
848,464
787,739
867,72
942,978
687,921
394,439
278,645
688,151
575,231
671,332
155,741
540,897
261,906
36,606
542,314
692,214
513,310
905,848
576,929
458,323
668,642
405,241
589,34
595,719
491,419
133,151
766,226
622,27
726,380
137,881
263,955
393,878
649,774
783,291
526,639
623,165
975,154
732,849
523,191
889,541
419,29
995,116
71,909
924,159
330,761
633,172
679,904
693,913
872,536
923,229
416,660
256,694
569,215
952,14
905,338
220,499
319,477
708,145
108,743
755,570
694,32
64,228
234,476
388,114
760,664
18,472
97,713
586,723
775,383
924,221
625,702
539,525
474,630
78,494
783,842
870,34
606,886
695,580
935,170
115,514
460,33
118,518
826,490
436,174
737,337
457,818
399,402
572,220
266,127
655,657
318,141
864,515
292,19
221,801
129,903
401,921
5,726
729,767
492,518
130,650
692,108
325,507
58,487
824,7
85,840
715,258
444,130
977,483
529,473
375,958
394,881
138,418
550,992
397,97
98,898
77,775
84,588
573,270
269,679
111,56
639,483
643,216
633,739
487,911
293,859
573,433
603,579
124,822
143,767
188,865
696,363
951,485
648,347
998,499
455,271
957,933
449,239
426,484
866,119
98,18
586,782
30,601
214,260
518,106
627,871
981,597
701,147
221,138
171,818
845,255
708,395
880,468
632,540
922,680
820,114
64,240
218,898
456,650
991,362
356,980
751,331
888,52
586,726
357,900
989,83
221,334
823,87
523,537
939,450
441,809
356,657
85,216
657,659
496,284
227,674
99,176
269,862
473,120
395,851
647,400
548,157
836,912
402,27
906,591
817,328
702,909
836,465
426,993
958,595
512,548
748,143
335,356
719,311
311,516
562,130
518,880
735,681
975,263
753,495
85,262
616,18
583,775
171,157
257,577
119,901
894,12
397,644
319,577
888,909
66,539
90,934
667,845
483,870
136,620
939,840
668,788
157,991
152,764
967,351
758,559
891,917
475,58
61,16
882,652
140,751
730,606
948,529
662,332
174,705
114,764
666,603
873,413
164,379
63,600
439,844
495,919
591,629
376,719
32,104
329,724
565,527
173,892
886,590
472,881
430,340
319,79
672,376
386,46
61,825
821,635
413,753
25,855
553,124
11,48
131,224
880,514
59,914
434,141
242,588
309,767
759,516
551,59
755,340
582,647
414,681
11,219
282,182
631,684
708,802
432,600
492,551
822,191
518,886
581,180
896,766
624,687
249,535
302,697
764,464
769,715
91,533
695,409
866,441
714,842
236,997
274,89
138,231
888,555
753,561
704,698
919,38
627,944
506,274
508,190
752,195
691,840
229,1
927,903
467,824
199,254
677,426
134,512
98,90
515,723
352,78
540,660
233,649
986,772
137,50
450,774
280,266
825,674
759,291
194,628
212,287
747,260
657,935
762,729
226,445
240,418
900,73
528,278
838,293
139,94
987,362
836,453
934,694
214,825
774,852
814,429
741,183
509,596
612,872
561,237
570,497
725,734
387,398
309,461
413,145
321,583
82,851
101,769
202,637
537,90
957,234
376,489
447,366
93,348
605,467
393,814
523,632
752,892
324,79
572,568
775,575
44,679
773,842
931,380
395,633
866,200
481,847
895,837
701,702
450,355
716,238
284,699
240,54
68,632
77,534
202,511
313,24
919,622
302,515
201,1
772,923
629,803
354,643
373,956
86,756
976,430
767,477
271,254
249,786
889,845
430,531
695,646
477,848
278,114
543,9
942,409
802,55
443,146
641,66
570,752
281,457
102,953
785,332
669,31
961,507
260,939
725,494
800,855
737,763
832,323
144,33
308,490
86,316
910,258
383,232
495,25
310,872
248,152
511,624
844,48
577,254
882,671
707,840
981,792
306,294
568,150
781,160
267,542
120,600
638,879
390,747
129,689
789,758
300,271
803,79
59,111
120,227
369,834
958,768
218,974
618,769
309,199
953,27
924,940
134,407
23,316
313,778
914,406
778,682
19,571
905,166
3,663
385,150
724,803
897,739
888,894
127,785
424,269
429,502
190,822
124,457
912,872
310,822
753,347
391,901
532,357
343,443
12,178
166,289
674,965
155,14
256,400
154,449
82,850
31,833
557,384
323,445
34,663
535,827
559,16
469,498
360,329
242,578
486,327
442,301
165,805
951,430
353,122
339,446
117,640
505,792
378,147
841,429
222,568
571,377
988,407
384,201
920,2
274,637
390,30
523,82
988,585
863,144
362,809
319,570
934,185
35,691
853,37
193,325
315,683
2,11
308,372
668,921
601,38
874,547
878,950
645,90
500,516
63,772
533,814
889,752
600,458
652,254
97,210
93,268
574,46
188,582
646,13
348,587
406,168
30,18
67,354
776,684
707,934
896,722
671,870
632,942
141,628
10,250
96,334
633,186
271,776
317,139
94,239
50,583
34,774
303,520
104,692
594,767
39,474
137,555
124,380
966,133
753,678
843,830
702,516
423,314
299,294
847,527
475,745
896,330
500,121
625,791
208,398
765,1000
466,49
792,824
887,722
276,97
524,59
787,705
489,813
450,702
874,782
867,969
987,851
508,249
453,17
1000,384
626,768
843,308
950,892
201,894
310,809
523,401
368,268
458,558
863,119
479,506
864,815
335,591
148,105
687,841
978,11
266,702
943,327
52,363
363,16
784,13
519,24
737,370
845,390
982,851
633,115
725,856
480,254
317,433
917,722
575,705
703,759
275,516
696,7
826,190
519,386
92,74
486,143
17,455
621,497
379,692
704,765
945,619
326,923
96,496
410,917
408,86
58,126
575,618
520,955
591,433
847,122
641,99
655,825
52,523
294,907
716,461
441,675
724,736
906,114
788,676
572,455
992,179
517,545
408,948
928,774
534,917
410,53
433,662
823,73
868,341
504,683
888,975
316,80
586,181
532,457
102,791
261,332
531,333
451,556
276,45
68,619
841,197
159,249
476,760
501,421
587,392
266,531
10,312
750,814
986,641
236,539
781,143
911,724
571,82
649,856
865,294
949,335
388,52
169,347
309,870
650,406
614,968
557,335
641,856
520,875
615,574
570,745
469,509
863,209
135,941
915,871
155,114
435,302
654,312
159,81
176,541
524,304
592,174
443,395
129,567
551,362
804,560
145,106
114,714
927,168
179,730
401,660
391,455
735,802
671,710
640,950
276,666
823,75
966,692
923,948
402,660
226,64
83,752
565,684
124,696
270,619
680,771
905,879
243,654
606,791
372,360
176,570
655,668
382,805
399,255
342,758
170,532
596,62
926,42
241,753
763,264
53,659
781,37
993,999
468,40
961,104
342,93
42,438
22,535
759,886
491,236
903,655
138,551
456,182
766,200
505,832
515,6
832,615
825,36
377,877
15,733
707,88
914,21
422,575
14,335
742,536
701,832
706,838
979,764
440,643
763,503
304,156
295,746
797,397
78,935
880,988
349,727
991,606
315,749
52,412
127,43
427,78
904,426
28,548
729,964
332,603
218,567
932,944
879,992
678,291
922,228
670,745
613,373
654,110
733,103
338,834
886,455
912,599
778,648
973,955
348,654
191,909
48,414
765,82
626,464
519,885
621,506
745,892
519,752
342,624
895,974
578,450
682,494
951,581
645,505
618,35
898,69
330,494
11,54
735,170
710,969
242,670
678,567
5,431
234,518
805,517
317,114
442,984
517,354
322,103
313,87
751,566
124,251
675,880
570,579
709,699
662,822
906,872
891,349
342,825
413,548
920,327
397,862
845,392
179,137
583,910
461,672
710,762
262,486
141,720
339,942
838,309
89,370
257,873
9,999
466,226
468,505
703,171
830,474
578,54
591,247
75,587
104,433
448,99
60,945
521,28
105,23
6,23
448,482
412,630
135,898
727,967
901,729
282,361
62,391
90,33
928,650
986,681
108,656
447,779
703,957
205,411
158,567
875,908
758,360
738,267
135,295
252,255
391,763
318,298
489,67
91,58
77,824
814,354
368,545
655,187
435,229
851,185
594,777
836,109
165,513
440,781
376,30
194,324
540,922
443,843
6,126
519,440
520,166
769,533
118,923
325,861
839,333
842,715
462,794
3,721
196,395
765,2
135,958
537,303
64,425
971,509
144,89
304,24
18,717
135,46
98,894
76,400
789,668
489,599
80,411
26,786
330,295
724,320
37,187
125,547
925,220
608,133
693,246
888,758
180,632
641,922
760,266
764,812
352,960
778,417
712,800
439,365
478,606
301,295
760,162
401,25
983,177
843,216
411,420
107,168
184,532
41,462
362,181
249,244
757,901
950,743
49,848
923,543
774,777
686,853
436,764
643,378
610,192
870,516
77,80
180,537
810,515
594,492
616,156
232,703
137,514
361,258
320,632
401,977
535,90
860,506
344,462
879,926
55,563
172,881
772,508
641,147
179,91
127,222
841,566
686,106
433,340
731,318
745,751
571,398
562,453
456,562
880,18
655,954
565,847
599,175
692,615
103,182
915,324
785,355
804,930
293,856
885,804
90,437
272,559
848,203
98,207
169,517
411,509
668,837
586,790
111,875
472,797
517,503
926,581
434,703
958,57
243,5
266,616
826,753
402,406
750,215
753,346
795,846
125,624
423,898
840,392
20,223
896,122
698,842
128,899
318,190
387,70
788,716
207,487
336,368
884,598
879,281
704,925
825,901
921,110
273,144
901,151
789,535
160,856
583,376
608,955
281,607
237,390
964,674
854,871
606,88
60,1
920,171
381,202
683,959
434,826
770,443
133,495
756,402
619,853
985,392
121,423
831,776
503,742
24,104
663,365
863,371
988,997
753,182
503,329
29,718
857,639
606,113
539,694
917,92
165,763
211,565
408,905
36,556
720,787
709,130
341,666
131,413
135,694
716,338
511,213
175,314
41,32
278,214
616,410
10,683
197,387
682,809
997,38
728,815
853,408
71,342
31,152
452,269
282,193
161,158
352,681
399,215
350,713
399,750
806,830
137,608
583,897
434,435
471,837
670,504
362,313
496,777
995,737
56,535
934,859
30,702
467,772
761,805
789,198
348,919
976,238
208,400
784,186
735,87
751,236
555,121
648,630
935,779
205,240
726,169
105,752
666,117
355,820
196,675
56,497
107,57
755,157
130,839
299,116
951,27
339,681
117,630
188,472
271,282
674,727
510,450
168,662
457,958
872,534
806,795
702,775
634,710
861,968
787,656
578,331
459,340
813,180
285,250
630,925
723,834
195,361
772,476
597,902
496,498
675,539
529,804
88,114
36,40
797,841
848,749
111,325
982,807
283,689
606,932
908,368
241,328
100,105
913,946
102,34
115,341
736,345
573,415
901,841
644,355
437,523
521,446
154,151
58,349
995,195
555,402
503,89
12,557
671,983
679,701
531,807
313,501
905,560
204,558
806,49
417,915
378,105
559,220
848,506
437,625
700,623
213,147
993,181
852,444
797,733
761,731
238,168
484,407
312,524
259,170
514,256
442,124
554,663
527,275
501,439
717,734
406,645
259,272
208,117
783,66
881,457
360,442
93,223
172,363
456,72
358,764
1,329
307,996
561,991
285,145
514,169
302,693
790,992
602,511
833,114
525,103
61,936
246,849
407,22
613,912
392,771
483,429
18,763
338,831
306,190
305,818
306,393
378,213
233,507
233,475
337,390
442,105
819,925
332,256
248,58
728,861
215,437
441,991
884,642
360,545
322,426
107,154
248,285
289,476
631,949
664,163
183,288
552,243
571,116
415,801
823,699
93,837
468,550
539,460
443,419
398,677
844,198
959,633
309,160
160,635
49,350
756,998
361,387
881,67
401,592
638,883
759,148
81,373
792,621
742,165
619,285
879,639
680,794
887,463
443,52
435,762
821,460
246,684
86,732
321,273
844,238
277,471
308,311
528,80
365,451
558,368
792,576
557,827
118,563
332,737
95,971
536,41
273,522
48,530
823,144
845,261
322,614
276,922
851,904
717,163
47,141
393,32
26,278
338,852
948,42
558,575
174,229
1,440
400,574
750,591
627,946
765,624
402,713
825,443
169,727
139,140
549,524
523,134
608,617
324,105
947,585
268,920
586,173
543,443
713,592
482,847
559,830
282,295
995,511
751,586
627,772
609,450
935,89
956,692
98,978
911,915
560,988
211,331
294,429
966,644
786,638
848,213
858,377
433,969
360,775
713,273
494,619
702,804
21,170
62,458
150,438
578,415
797,978
28,411
963,970
938,373
168,428
678,203
568,727
893,30
849,437
602,439
864,22
82,889
426,408
821,274
858,615
603,409
866,181
607,529
642,281
866,77
898,294
603,645
751,955
336,391
697,126
694,388
699,761
795,641
508,382
515,366
876,933
389,358
425,60
723,350
697,256
485,915
25,138
406,900
773,939
196,392
766,252
84,893
843,690
862,627
759,161
506,544
195,708
657,856
656,608
992,421
68,493
234,832
609,699
741,742
147,554
415,435
878,758
314,992
566,461
168,141
582,16
486,654
180,192
141,76
430,325
77,576
939,610
690,218
113,481
433,97
839,415
857,582
905,627
12,851
399,551
928,760
927,431
317,101
657,809
206,706
581,461
622,854
605,662
595,530
343,332
390,23
956,100
464,533
564,71
870,154
828,669
726,676
331,280
378,189
56,15
986,561
464,601
814,935
768,151
885,773
181,507
808,431
501,849
945,776
561,860
531,721
954,701
514,631
788,286
358,383
688,555
184,70
818,515
957,904
89,685
121,955
996,842
491,810
132,110
886,582
250,591
689,741
137,607
930,870
556,341
195,654
261,275
644,162
73,919
347,561
131,931
243,401
779,234
668,407
991,353
234,375
148,557
61,617
930,799
729,249
896,426
950,192
811,10
203,798
693,375
63,454
229,933
107,488
886,36
32,28
742,641
680,483
866,226
622,52
103,166
644,673
149,607
57,604
974,57
950,897
734,334
271,560
557,1000
454,936
985,109
892,699
479,752
35,802
645,671
908,481
723,662
520,877
38,508
918,423
15,462
121,853
582,70
422,742
637,221
903,447
134,343
636,843
933,637
164,828
781,340
864,591
478,148
705,801
620,402
42,977
384,507
99,737
860,985
263,561
629,855
288,150
89,598
179,20
293,731
787,63
543,197
126,899
626,383
446,158
120,651
293,875
516,236
91,52
780,864
611,320
363,558
538,977
109,34
428,677
487,537
875,606
649,218
343,380
1,685
35,387
502,84
496,9
307,186
738,496
678,451
533,313
206,614
431,899
487,929
963,815
273,376
288,829
799,741
424,121
598,647
231,602
224,90
874,600
358,57
27,62
690,893
596,625
43,841
94,139
153,187
167,181
527,884
167,857
684,446
789,160
159,806
200,519
95,389
873,868
440,470
313,185
624,807
518,215
321,490
47,681
795,305
284,174
599,25
251,46
226,897
713,516
639,621
422,144
925,301
719,276
24,667
457,180
959,767
477,647
790,825
241,442
193,378
625,861
373,92
656,549
661,443
313,690
578,190
383,393
928,194
80,129
357,653
555,592
823,76
909,916
833,420
809,782
310,349
819,267
332,759
25,661
24,798
606,117
178,259
156,826
106,399
919,393
137,409
167,831
131,672
434,223
803,661
34,687
657,716
63,838
502,907
492,970
290,535
509,637
763,719
461,680
854,306
617,493
457,888
398,30
8,740
221,858
872,695
224,955
94,222
46,792
283,71
249,147
863,553
725,962
674,775
847,795
531,956
963,406
953,682
440,211
123,265
546,175
154,111
298,823
647,526
903,417
166,63
980,209
656,215
108,454
10,224
185,649
138,967
578,623
737,495
745,531
566,640
990,410
225,587
868,995
438,242
177,994
562,721
621,968
605,991
794,451
125,725
755,365
914,324
582,494
6,765
452,718
506,875
317,362
730,287
217,696
83,8
187,64
14,566
991,932
41,701
96,347
528,971
600,20
569,821
287,824
989,732
941,748
318,657
299,745
822,754
687,542
851,837
411,181
319,903
354,877
256,845
313,346
884,399
517,729
961,525
846,339
189,937
586,715
998,39
184,832
667,875
394,954
650,732
83,220
124,968
794,18
392,842
839,782
699,655
456,28
79,550
113,664
767,556
162,826
64,970
699,401
727,50
145,378
234,771
3,211
590,243
586,157
535,512
168,398
874,762
642,365
475,857
2,80
893,976
920,450
932,370
710,88
47,772
659,935
411,126
805,261
98,722
783,666
740,192
289,715
21,531
262,282
465,958
259,225
847,56
57,536
696,353
989,90
570,221
558,699
68,885
686,711
133,489
722,263
608,982
144,323
23,868
719,725
561,503
177,372
848,584
319,334
832,485
465,633
961,127
711,183
904,775
654,793
157,340
483,84
881,382
98,268
836,673
340,687
331,565
301,917
230,639
916,913
279,429
956,97
674,264
22,670
992,773
809,863
611,253
323,878
870,782
231,820
910,281
388,487
396,479
571,913
500,12
810,480
952,868
904,774
306,412
875,196
314,445
696,875
577,792
828,994
914,632
773,942
745,528
796,689
346,727
235,54
651,457
970,770
147,651
373,458
905,417
300,61
53,349
498,125
713,216
690,590
317,660
389,651
430,856
493,540
978,698
197,69
367,57
398,32
680,141
510,871
960,667
297,3
657,275
339,470
67,828
117,384
455,421
160,133
831,249
476,617
44,875
331,441
629,151
382,484
262,340
818,882
975,144
794,960
566,246
82,640
548,934
765,197
271,204
130,210
558,926
569,591
767,107
990,795
681,255
780,210
964,52
78,489
887,272
443,437
21,758
30,953
105,495
373,498
347,996
237,701
708,821
268,936
235,130
402,828
927,555
254,94
784,568
190,79
892,262
325,454
660,90
818,631
317,855
604,70
331,8
43,918
279,952
614,837
892,147
366,43
715,40
433,545
690,869
249,976
743,184
1,380
73,380
121,509
130,225
597,342
132,437
602,994
891,117
953,816
581,175
168,143
202,676
523,966
108,666
604,901
281,870
712,996
403,745
755,154
175,73
960,558
447,140
65,70
167,487
296,876
976,960
617,618
750,360
634,682
970,442
639,454
866,133
236,481
61,794
270,853
983,101
511,672
385,28
181,578
549,504
207,758
152,277
202,648
556,368
355,302
611,811
806,279
405,395
702,443
566,248
144,401
117,983
665,625
336,607
105,382
34,89
66,437
379,983
324,587
620,457
98,256
582,659
422,613
238,649
851,930
134,506
692,111
142,339
24,354
23,825
591,634
596,66
384,563
327,239
121,697
234,518
898,623
610,123
135,241
420,399
944,911
977,582
291,696
7,619
434,422
537,709
686,345
205,927
163,714
781,205
421,422
723,840
33,82
206,922
949,303
964,245
820,419
780,529
639,309
697,35
484,35
407,629
750,962
240,403
1,755
961,218
448,571
889,42
209,723
537,883
180,903
928,102
775,269
19,318
350,877
147,73
924,646
935,975
350,888
734,348
641,403
4,125
753,585
538,830
681,19
391,30
761,769
968,423
330,848
608,247
358,955
637,301
197,967
409,858
266,122
737,384
548,475
237,427
812,14
837,402
674,528
64,194
877,1
118,902
403,364
941,385
435,617
864,336
341,262
157,748
381,624
784,542
152,177
954,13
970,953
209,232
609,655
262,788
229,987
291,724
186,364
113,662
670,750
458,472
975,594
663,113
765,14
321,937
209,796
336,237
518,469
436,302
435,342
509,201
661,494
704,611
687,462
532,157
422,711
340,391
804,588
35,60
79,642
304,745
434,384
360,866
517,373
391,385
895,296
405,292
56,130
998,56
110,57
561,540
198,286
191,294
687,320
37,164
830,331
246,977
135,598
760,704
419,544
123,951
819,328
221,926
599,249
46,822
262,698
359,22
113,697
841,62
864,163
254,735
417,231
120,567
87,642
637,212
636,942
152,976
741,933
73,909
167,942
114,504
339,568
62,631
330,133
638,765
782,701
741,594
573,730
510,808
784,149
469,977
597,6
365,446
66,163
175,916
499,709
980,537
758,658
382,300
688,515
751,6
778,16
144,48
15,363
152,756
71,170
144,701
111,330
380,529
909,538
337,752
857,324
32,879
659,207
1,437
116,652
870,303
379,952
223,521
240,319
47,537
366,448
306,597
393,391
562,416
862,512
371,487
699,505
746,532
172,921
584,619
379,268
508,209
900,373
876,300
894,584
821,385
189,638
493,695
565,714
171,118
429,477
830,698
827,273
885,108
996,163
618,124
643,639
808,812
653,940
15,656
57,507
938,904
561,429
862,478
56,384
141,242
369,664
462,911
440,860
197,674
316,282
528,457
746,648
45,33
644,919
131,111
195,903
611,9
426,620
636,52
300,623
386,862
708,263
253,639
313,360
511,16
740,188
129,114
19,691
446,350
294,694
435,822
361,222
968,293
284,86
368,530
158,299
646,825
976,656
762,28
618,696
816,481
458,195
744,382
557,401
645,985
975,556
356,754
504,499
752,252
580,765
326,561
22,20
416,196
715,826
973,59
13,822
977,822
10,653
241,780
964,105
924,817
953,77
891,530
291,553
30,179
293,718
903,385
569,301
942,735
372,363
360,515
559,162
378,361
90,918
655,161
87,739
696,741
151,440
340,766
549,446
127,364
100,436
896,502
349,921
385,648
981,388
491,630
289,787
762,447
666,48
752,434
397,117
949,813
303,445
247,22
448,414
602,547
944,792
412,421
859,838
492,254
384,584
225,523
175,555
915,866
307,146
976,945
906,89
777,46
803,268
140,120
800,939
907,747
286,133
138,32
541,620
310,68
932,436
255,56
203,174
686,948
654,207
308,194
571,64
787,447
763,364
452,531
938,912
972,526
511,351
287,722
708,533
821,488
831,44
321,775
777,25
282,619
752,520
28,572
785,45
37,338
561,777
874,79
385,176
595,97
500,905
708,339
470,935
401,71
913,59
112,7
111,664
156,13
724,719
4,71
668,164
310,727
123,865
11,986
614,96
254,15
544,46
200,98
66,579
274,407
4,556
833,15
808,4
298,506
8,396
99,389
279,968
123,621
418,639
120,879
41,291
632,25
629,794
784,261
851,345
703,79
327,483
757,16
247,207
110,790
714,112
922,747
271,361
763,219
783,750
886,404
52,669
918,410
205,369
870,758
505,354
489,818
112,358
720,946
11,288
961,140
587,853
258,452
671,759
947,628
407,408
527,189
845,805
139,865
311,850
974,73
704,562
689,515
420,372
366,291
366,595
268,389
61,459
458,361
550,190
335,248
162,234
474,908
861,408
353,200
89,654
611,388
728,900
445,42
97,728
354,766
963,562
918,941
467,6
423,93
554,848
955,274
955,477
530,797
604,685
363,51
14,776
474,573
302,622
887,194
560,977
184,991
180,780
827,16
757,19
784,825
899,291
978,439
436,427
484,621
418,706
929,108
118,150
260,418
876,303
944,47
984,100
467,309
206,322
142,983
85,863
788,403
374,930
835,199
792,405
916,913
445,823
913,1000
66,409
117,421
962,346
461,899
201,931
263,925
583,131
59,119
17,84
523,439
959,329
144,653
443,788
359,358
943,284
49,344
3,568
765,921
785,190
633,739
203,305
915,189
611,851
203,249
177,513
169,195
89,874
391,927
346,371
212,890
874,745
908,211
934,870
225,507
125,772
209,491
636,231
902,559
738,590
964,300
658,509
250,882
261,248
377,699
998,810
945,303
918,857
568,887
409,350
515,573
721,657
223,470
834,388
388,198
115,915
684,10
598,686
482,241
448,303
704,783
864,898
180,433
520,979
933,597
577,306
734,767
751,669
584,923
636,169
788,496
236,13
637,949
412,54
231,882
474,349
547,16
422,775
126,869
141,118
198,847
153,386
371,832
381,318
385,49
425,135
645,487
81,838
582,363
853,682
786,575
492,651
716,397
470,988
257,997
318,345
92,210
659,721
743,343
394,848
935,326
636,666
991,89
959,334
397,804
321,669
936,560
663,998
363,37
634,900
95,733
437,307
143,926
452,4
520,133
98,283
290,958
826,926
56,124
407,531
505,946
155,221
936,656
886,176
115,247
491,230
473,915
722,808
220,86
775,496
284,999
592,866
536,571
135,16
927,90
467,360
689,220
497,394
354,374
862,90
391,263
167,341
402,62
215,842
878,697
252,155
468,415
58,269
749,427
440,49
196,913
531,629
583,55
903,662
114,688
336,923
637,396
102,7
187,852
452,582
729,65
600,464
235,229
728,909
714,221
322,667
497,988
914,508
716,11
731,314
794,9
551,162
109,770
267,862
310,287
87,685
39,816
204,718
200,71
816,661
318,641
757,109
169,408
967,74
222,291
958,765
772,182
736,31
735,697
686,844
374,354
293,368
929,579
56,797
136,900
819,722
709,59
691,696
265,339
437,818
484,941
344,27
695,365
734,873
289,353
913,755
47,180
787,219
389,266
742,196
315,433
227,529
780,225
850,178
142,724
428,250
259,263
310,427
485,642
544,143
537,519
798,662
890,697
155,351
247,787
83,74
439,290
929,333
821,180
107,190
286,620
636,631
836,30
415,916
173,765
102,341
476,342
86,514
207,187
893,449
550,707
653,294
93,992
473,704
864,782
761,999
190,460
679,704
47,203
736,261
365,422
674,784
530,452
192,300
185,268
884,760
731,945
600,766
961,663
556,330
217,564
974,197
996,788
828,992
748,687
443,549
588,189
847,547
491,490
47,664
165,883
126,182
410,55
995,970
967,7
348,100
284,951
592,350
332,582
842,41
858,986
716,387
332,367
58,36
708,185
205,276
670,965
970,460
88,52
205,163
79,989
990,279
969,620
847,569
315,393
173,593
917,813
928,739
218,608
511,914
459,857
977,237
579,942
811,826
507,134
420,200
86,755
355,12
60,661
52,881
786,892
769,146
804,55
900,726
508,158
752,311
665,113
781,115
467,112
691,368
770,576
859,723
38,556
724,369
770,290
2,600
33,984
204,848
617,106
91,576
992,224
773,210
1,54
430,902
585,139
84,344
381,770
162,569
533,820
136,295
715,277
935,815
666,137
770,103
518,47
126,343
77,575
680,955
227,777
387,795
480,412
933,347
489,668
964,177
1000,205
650,118
965,370
907,538
860,5
964,190
361,845
472,917
314,887
593,632
468,36
430,638
623,805
598,569
227,765
336,148
35,275
434,37
615,463
510,873
10,443
200,882
398,962
113,235
176,567
692,19
720,285
909,238
219,331
929,229
903,552
941,107
92,97
739,410
833,955
938,189
138,266
105,466
475,935
626,386
692,805
666,624
79,687
903,583
545,666
132,920
202,758
760,185
892,334
36,782
224,479
508,389
752,475
216,523
985,730
75,283
882,982
357,711
488,917
202,39
434,120
240,984
319,309
990,235
871,781
649,348
994,886
110,261
400,429
496,475
406,243
273,141
170,964
165,457
526,460
202,672
836,389
553,393
31,691
661,211
738,810
826,46
485,593
225,904
678,398
654,851
397,355
527,125
926,299
845,98
627,226
2,454
943,352
86,999
843,407
562,720
493,566
427,853
738,105
161,976
27,997
92,273
423,673
238,972
411,373
479,360
117,223
296,189
452,484
918,284
913,568
922,677
805,71
132,839
782,322
72,278
241,851
999,799
354,111
435,956
578,84
981,596
416,333
139,244
453,753
173,808
918,722
116,325
766,245
588,350
596,335
238,556
203,799
838,155
637,447
785,736
359,87
588,736
815,650
566,280
243,504
373,892
120,768
994,607
816,133
961,653
691,158
732,46
976,411
623,434
861,571
792,31
512,121
499,723
742,528
570,909
53,148
661,588
499,139
509,780
668,402
447,472
596,570
815,403
962,999
933,540
492,565
978,425
100,988
592,627
929,983
969,828
237,644
616,704
604,557
9,64
28,620
138,838
155,185
228,189
202,181
296,320
950,968
26,284
950,345
26,512
475,310
344,714
576,997
924,766
582,990
24,168
626,354
685,220
844,601
267,744
850,464
824,286
539,55
570,354
9,545
565,531
151,538
537,294
880,636
189,579
419,5
360,234
155,726
646,733
21,851
8,197
459,664
733,652
431,473
592,249
400,584
708,669
887,883
609,389
139,804
931,63
257,391
324,846
484,273
398,480
48,571
927,685
35,136
393,943
984,558
146,893
86,550
953,486
37,294
381,183
293,349
809,179
677,979
187,668
313,401
652,447
332,316
144,963
933,625
429,834
449,192
307,140
285,315
985,943
695,759
558,3
220,52
676,857
933,125
662,521
62,284
448,41
257,468
214,276
488,574
251,328
215,170
799,623
835,870
556,253
462,376
802,56
19,245
166,607
82,847
522,822
292,434
808,357
377,169
250,598
615,799
703,341
350,563
344,985
182,589
694,961
706,472
411,317
537,412
755,3
203,375
491,325
851,647
416,214
352,676
694,236
397,174
250,531
987,625
834,938
706,700
357,25
248,983
364,646
814,894
345,774
560,455
741,329
630,750
106,556
349,836
872,828
833,200
834,328
900,427
473,323
302,972
603,957
873,936
822,203
993,152
101,875
84,638
115,61
559,735
382,641
326,337
534,354
508,775
878,321
79,46
224,552
86,318
373,405
857,104
838,486
74,779
692,78
837,479
514,13
803,747
954,750
838,441
78,27
911,985
101,15
513,397
742,403
38,820
701,724
772,924
434,553
214,943
583,286
410,190
9,483
934,788
717,932
147,394
623,713
215,354
679,268
145,683
25,205
827,840
335,238
396,250
609,713
804,627
472,712
604,973
145,17
26,87
250,299
723,498
906,132
963,140
823,566
773,949
471,357
984,477
857,177
258,886
339,979
703,486
369,459
877,109
754,396
301,462
360,469
535,919
15,588
752,225
254,72
212,812
602,939
819,259
382,426
267,611
921,156
628,573
572,94
735,776
889,643
540,614
74,645
710,975
703,181
405,110
518,588
631,671
171,932
195,122
794,276
932,25
709,702
434,532
82,967
909,271
239,500
408,314
779,476
634,130
101,652
167,535
563,461
466,638
683,68
408,832
595,831
547,490
920,499
989,570
982,520
604,454
301,951
182,294
50,304
359,485
890,919
445,651
400,982
220,345
191,451
768,569
838,273
206,915
467,114
684,557
444,954
447,893
386,641
807,615
624,645
115,604
982,150
614,968
585,314
797,875
668,979
181,58
810,123
520,896
246,939
501,169
715,376
811,940
825,244
306,884
789,321
326,671
507,152
484,358
319,183
642,167
255,614
1,394
374,235
84,806
269,315
671,879
41,56
924,522
813,769
22,527
657,208
908,1000
464,987
733,510
262,885
253,436
474,311
828,960
299,191
593,843
108,198
709,139
472,260
257,521
203,651
559,512
411,531
838,663
994,810
177,979
913,10
119,525
679,153
913,591
617,400
188,260
144,786
120,504
718,594
570,484
534,626
82,629
210,229
380,266
82,798
994,435
137,800
284,468
709,505
331,361
131,599
703,495
660,153
392,683
640,863
815,535
657,85
212,569
739,430
996,545
295,308
643,21
868,908
3,880
20,327
193,845
99,111
939,442
157,996
530,213
289,194
919,818
339,483
684,198
921,478
943,75
987,642
678,862
718,531
158,567
763,876
166,393
608,473
586,544
132,673
55,194
392,847
937,479
511,97
352,855
224,852
299,760
766,760
424,240
898,548
690,755
76,136
173,90
899,511
679,513
540,908
163,610
610,834
181,93
519,835
885,927
926,215
441,807
864,434
912,738
898,794
868,790
230,568
581,501
927,682
468,878
272,518
561,720
322,140
689,288
200,871
978,948
271,161
151,566
131,643
113,103
52,701
352,996
229,531
944,662
908,37
656,690
317,320
398,829
132,878
638,735
495,884
715,458
301,723
422,955
986,453
866,504
559,941
483,749
196,115
740,625
836,882
143,82
554,809
138,186
737,346
522,720
496,384
46,562
952,976
528,479
196,616
325,938
811,903
658,833
72,288
968,284
268,268
635,676
501,419
589,869
57,102
840,632
538,834
252,219
340,807
840,265
286,55
770,572
519,583
990,664
887,924
798,135
704,333
504,813
170,648
740,929
721,547
342,293
302,643
293,47
292,629
993,326
207,875
859,71
950,784
545,192
92,483
924,899
806,134
32,956
258,451
934,114
85,824
880,499
248,46
413,442
143,822
961,844
926,472
487,352
778,62
495,389
174,322
312,892
375,178
363,282
406,42
479,47
673,946
992,912
314,415
338,878
862,143
744,601
132,884
897,661
618,603
658,538
418,330
355,86
281,842
462,571
267,745
685,995
685,632
324,930
398,968
749,247
735,960
486,382
693,296
18,680
550,593
505,703
377,713
956,31
555,209
239,502
509,649
966,346
705,158
417,106
642,637
233,359
976,561
811,569
529,790
405,124
532,139
130,723
708,959
54,573
779,169
650,423
416,471
564,446
623,8
154,653
947,763
177,993
317,619
873,546
608,113
323,797
162,703
575,181
186,615
453,905
731,858
989,889
421,669
10,310
809,5
833,220
389,3
81,364
269,951
485,477
231,520
128,75
500,533
573,542
50,29
441,855
37,472
871,125
417,49
136,39
666,622
194,483
76,377
523,109
957,593
938,493
179,984
129,259
404,51
268,95
598,890
227,626
453,775
613,461
931,308
286,811
628,442
456,803
433,909
803,454
342,612
684,967
800,255
158,353
813,325
335,167
603,129
602,943
238,237
472,452
876,915
365,330
683,558
656,748
842,3
346,335
430,644
149,377
766,434
430,198
476,556
348,911
4,160
988,382
194,331
434,105
630,45
976,205
298,700
897,29
14,608
302,873
121,106
796,797
431,400
829,968
199,956
413,701
769,645
776,820
476,917
637,403
753,524
918,536
523,433
490,315
623,982
250,445
867,628
387,108
878,910
118,552
254,39
863,695
257,590
813,200
709,25
402,995
729,222
509,658
226,468
410,843
185,60
910,876
508,498
636,578
143,538
863,35
229,215
77,179
981,808
30,840
184,914
105,295
241,584
984,796
971,469
618,640
819,412
166,277
776,429
929,767
182,840
710,461
994,312
762,582
141,471
852,427
856,996
131,765
454,770
75,285
983,694
148,93
15,422
541,730
119,523
665,853
322,684
759,259
104,28
795,63
787,970
855,7
397,737
180,109
347,792
240,449
214,540
173,124
412,28
977,64
15,187
389,2
119,529
152,540
91,370
618,423
365,19
390,783
145,613
634,607
813,576
165,612
489,393
785,115
331,664
348,880
701,875
730,599
913,797
164,844
103,462
190,651
269,525
885,639
688,837
45,238
128,290
441,246
698,687
44,831
551,648
42,553
918,118
715,19
419,200
205,176
585,340
390,728
387,162
639,613
955,416
671,649
147,706
654,838
299,668
187,237
744,255
730,679
188,386
948,72
511,752
617,494
139,288
363,784
304,811
94,6
206,625
919,966
445,170
328,901
866,540
248,714
695,61
692,420
800,468
242,844
629,963
946,220
672,420
624,933
149,898
232,56
579,898
936,644
559,164
376,203
375,134
538,110
93,21
384,307
374,670
869,327
467,216
926,638
71,72
209,935
517,848
304,636
406,222
131,41
619,973
585,536
981,220
479,390
594,670
685,243
334,928
515,236
530,138
244,601
750,628
7,387
321,526
497,798
119,237
352,548
512,218
187,746
445,669
594,511
902,889
718,938
387,693
730,176
61,823
802,976
877,488
396,524
157,323
452,448
291,710
24,525
502,639
30,464
769,520
134,789
52,19
681,183
919,207
657,709
899,751
267,772
940,695
263,880
82,817
952,755
233,17
610,805
472,683
975,126
547,245
22,917
185,542
364,59
402,370
158,593
71,488
725,678
667,63
574,322
729,135
569,430
738,41
115,502
619,274
459,325
848,936
681,931
6,701
888,506
941,524
665,276
758,255
716,940
131,622
580,94
859,992
855,78
377,789
242,483
68,555
238,222
150,779
174,466
456,262
271,596
558,244
909,850
985,628
317,57
241,567
114,137
127,323
233,183
454,801
846,231
380,797
914,244
287,595
442,796
692,106
617,788
969,889
944,70
221,954
523,493
226,201
707,203
195,649
4,281
656,624
920,117
111,994
645,981
777,328
167,818
936,847
233,661
51,79
626,701
430,340
361,851
758,75
397,893
622,80
403,578
990,807
126,850
371,442
772,223
337,968
452,223
894,818
73,424
742,202
19,562
792,799
941,783
843,745
272,248
387,369
842,161
159,323
331,619
112,448
674,118
385,591
295,981
721,570
970,363
426,857
697,230
457,630
122,441
785,659
364,850
101,66
89,426
963,788
687,459
750,921
481,379
796,638
683,933
936,67
551,312
945,926
287,519
63,365
26,610
679,845
50,467
596,81
211,864
97,24
854,898
644,234
898,237
240,558
334,434
291,248
94,727
536,161
783,143
996,534
143,320
789,660
178,162
388,389
968,571
55,884
486,963
715,146
772,708
372,815
507,941
96,622
217,687
953,402
246,789
186,378
533,914
352,995
350,467
252,860
708,284
594,121
633,11
419,997
56,929
480,304
745,992
473,836
407,222
265,117
790,361
364,571
446,680
592,120
553,539
837,198
44,767
208,191
850,74
425,149
240,806
802,377
33,444
801,826
203,285
409,184
751,110
380,895
640,16
57,477
598,711
672,928
745,304
977,13
479,71
711,13
200,572
531,621
31,609
850,237
554,921
750,723
642,339
668,668
521,230
320,519
407,905
980,574
812,187
429,722
80,125
759,83
530,660
870,297
312,493
500,351
759,591
315,289
230,637
601,987
287,911
863,52
751,755
385,340
175,278
401,12
519,815
731,472
700,807
675,91
459,319
309,78
141,642
981,752
519,959
582,58
19,697
537,9
524,795
879,952
625,900
613,361
501,607
745,185
184,497
927,675
121,456
871,837
373,462
96,183
466,505
26,27
558,903
802,4
924,199
781,239
54,957
886,76
319,257
492,1000
252,358
181,157
587,996
489,281
675,545
792,611
612,384
35,240
187,648
217,599
297,654
959,788
46,564
315,887
708,647
361,534
632,939
989,383
171,80
403,457
679,706
264,785
412,546
785,868
121,1000
547,768
339,663
263,548
422,507
749,329
279,747
780,568
194,301
434,838
784,401
838,932
43,979
843,250
181,883
114,686
120,995
975,95
183,827
809,424
942,639
238,226
274,614
395,338
696,992
924,613
36,90
432,553
257,445
488,365
136,921
561,502
827,907
220,375
51,114
931,369
256,940
326,876
38,370
384,838
219,840
304,737
759,955
411,560
434,685
828,642
640,236
325,426
952,331
194,111
67,242
952,57
314,930
62,344
558,61
245,257
889,670
360,845
985,215
167,602
521,369
431,338
923,64
753,76
492,122
578,984
785,438
816,733
886,213
743,160
519,962
785,867
583,574
857,305
200,795
213,354
128,144
519,696
434,91
769,605
317,277
7,733
293,5
967,664
711,797
265,901
221,629
304,227
390,796
25,56
827,811
641,464
965,28
979,239
413,930
298,106
35,293
923,675
568,742
888,625
766,362
621,573
32,189
299,798
602,247
871,254
578,818
369,205
15,148
158,904
989,111
56,432
134,95
103,453
756,973
365,682
794,186
868,474
230,723
183,60
710,572
239,863
580,369
224,928
503,823
421,11
469,517
628,482
326,416
598,352
233,623
145,491
883,641
845,951
595,161
466,618
247,916
638,229
701,626
81,814
211,366
785,35
847,342
464,805
177,872
497,836
304,379
834,400
796,139
2,696
147,825
116,12
275,712
904,309
528,826
427,254
503,830
152,373
369,269
499,538
10,485
652,454
127,775
479,399
123,664
681,974
680,851
418,685
209,550
721,727
668,147
88,499
408,560
694,571
664,224
100,269
752,571
834,653
556,11
815,471
196,27
157,812
653,59
584,732
707,784
986,290
454,891
429,359
279,931
46,203
56,922
631,691
937,480
789,912
383,174
764,210
721,729
912,633
763,699
565,992
881,293
499,611
780,585
616,370
369,646
749,493
622,898
856,424
883,639
402,807
367,871
723,310
658,105
156,997
766,145
104,321
529,847
249,389
342,495
241,521
937,461
872,258
591,240
648,825
808,710
315,431
312,158
385,804
650,394
749,58
363,172
365,828
766,257
941,234
168,420
445,647
567,81
650,851
210,985
176,585
60,465
299,974
361,963
510,544
835,767
512,29
71,72
935,107
590,809
538,913
772,65
402,857
675,774
937,386
784,163
133,202
757,247
932,114
658,810
320,201
828,115
536,273
970,214
701,811
330,604
443,718
160,455
460,869
305,330
176,311
808,621
540,376
521,48
920,561
428,833
864,135
122,97
794,103
292,690
693,67
163,358
381,435
831,144
12,508
945,587
102,965
432,534
417,654
12,844
311,200
315,486
965,824
170,817
69,212
20,81
155,131
829,998
867,174
885,530
232,157
457,387
800,93
871,465
718,539
684,755
317,412
742,282
694,509
357,156
888,325
670,443
791,293
921,538
408,618
406,746
942,209
449,390
629,338
695,118
96,704
727,682
878,169
469,614
667,723
997,517
156,320
817,451
611,327
34,213
445,177
2,815
726,21
7,209
445,48
905,676
200,743
250,453
668,550
725,710
305,223
661,47
522,786
214,6
736,75
615,186
728,161
761,129
783,508
994,838
746,796
585,443
923,55
652,74
310,316
631,293
904,907
802,998
804,781
319,187
497,537
495,167
554,651
645,831
112,258
525,432
731,24
474,115
599,856
950,696
241,726
24,335
152,682
212,309
592,521
164,995
852,110
159,269
121,498
768,574
316,638
687,353
462,946
120,839
677,251
383,596
541,182
918,90
80,113
654,291
26,510
367,88
741,522
350,133
654,110
925,651
273,285
228,159
705,301
555,268
672,88
456,253
279,362
812,48
432,225
582,925
903,208
499,106
771,141
623,391
654,497
731,148
38,230
635,631
353,134
566,699
473,826
162,266
163,137
407,547
825,157
46,164
412,683
40,614
945,126
225,602
706,242
568,539
766,468
999,942
180,889
728,647
914,481
899,426
702,451
797,382
372,467
150,302
689,747
605,336
82,316
455,673
984,369
389,823
448,257
227,141
542,87
666,486
600,320
517,769
373,63
348,239
145,737
700,803
438,776
162,162
130,722
767,631
990,405
347,895
868,169
552,501
241,876
940,316
988,621
163,37
667,572
304,832
565,201
36,688
534,124
250,323
360,761
292,323
531,688
696,812
560,64
782,355
970,537
361,313
626,488
997,449
190,636
171,928
952,330
887,503
2,750
206,521
174,629
190,989
364,763
206,411
651,182
837,848
201,860
702,302
229,785
17,636
431,289
177,409
41,185
338,788
416,846
722,38
459,831
149,800
307,20
310,639
704,873
328,312
802,214
419,20
770,86
100,561
76,839
369,843
883,326
742,194
702,579
442,223
512,558
450,984
337,883
677,511
611,16
925,877
549,968
749,14
265,548
583,664
564,966
620,662
807,275
31,329
569,420
824,272
95,437
344,397
838,798
781,256
46,998
657,584
128,465
192,26
691,831
958,273
717,14
811,241
691,872
996,146
660,423
206,500
806,62
635,699
530,286
553,161
404,500
931,982
550,196
846,172
816,54
724,509
716,716
404,240
91,594
934,886
215,149
454,780
810,244
84,341
144,861
258,256
250,677
148,325
612,496
368,144
63,954
716,726
586,763
202,253
310,569
353,372
596,185
776,358
553,115
678,249
204,203
207,712
99,90
676,154
119,869
309,930
816,141
565,429
182,305
243,312
71,37
338,972
712,261
956,447
798,816
619,29
211,903
453,888
341,22
587,188
132,404
940,968
862,396
515,609
734,272
969,741
672,917
219,22
679,640
332,504
958,547
377,405
418,596
381,465
136,400
720,515
840,696
868,653
224,901
663,68
158,833
729,873
134,1000
50,345
519,369
310,313
628,263
998,462
813,784
455,254
781,399
393,783
836,321
521,922
781,709
284,169
349,383
81,966
861,365
919,201
449,367
572,154
446,385
271,828
73,836
968,152
703,229
163,839
990,638
374,365
630,515
983,759
300,967
527,932
770,412
365,728
9,219
155,598
551,760
67,489
667,209
796,732
920,331
707,113
352,42
535,423
127,396
485,936
122,862
132,284
289,609
307,249
105,291
459,395
487,201
99,78
771,837
939,127
230,729
576,810
92,132
613,234
103,541
9,528
233,448
376,984
273,409
790,309
844,268
284,939
46,165
187,378
619,640
718,677
877,671
752,639
187,122
417,125
220,266
848,715
702,307
260,689
833,832
954,51
884,111
954,490
285,37
696,369
574,317
262,591
835,944
200,57
506,162
884,601
536,66
732,192
738,963
750,384
868,144
606,88
837,159
483,606
56,393
742,623
671,750
195,8
131,70
331,870
213,792
260,870
279,696
594,672
832,359
284,825
354,842
323,627
934,737
92,374
284,668
69,851
330,123
94,416
998,898
58,113
108,696
477,932
823,826
668,749
820,118
187,526
202,188
555,158
642,354
209,349
375,991
883,5
824,856
80,596
394,37
501,291
221,811
36,649
286,142
652,16
385,468
968,20
454,168
87,927
259,437
644,880
683,424
31,814
208,397
194,641
30,995
71,888
738,162
32,197
993,443
186,460
463,596
764,919
481,589
731,165
941,547
158,547
346,820
503,347
874,858
730,530
113,958
611,566
939,711
520,384
383,920
747,497
130,195
969,188
916,258
119,475
958,426
80,345
254,628
196,791
956,783
852,835
156,969
272,461
815,523
310,581
480,587
113,527
268,492
679,821
452,324
923,629
389,534
706,125
791,904
525,346
762,261
311,986
352,198
285,690
276,944
281,549
839,981
181,751
696,239
302,525
951,907
352,672
59,10
393,863
914,915
14,686
512,834
915,306
687,842
416,81
515,428
489,644
320,242
310,412
734,384
910,953
815,183
90,211
480,711
14,42
663,522
117,262
829,290
124,154
235,150
478,155
284,34
330,651
660,780
901,457
339,426
342,637
954,417
956,546
19,667
572,421
465,715
36,89
533,89
967,886
853,502
519,287
475,302
881,155
327,351
745,655
965,884
728,404
985,702
269,653
298,236
405,381
399,852
75,871
952,378
829,286
967,229
342,673
379,303
284,25
842,292
772,65
661,418
519,151
985,731
9,213
551,528
257,834
817,256
523,214
919,837
355,308
394,392
355,571
683,551
756,857
627,549
385,117
86,177
489,218
557,601
16,102
879,422
666,341
95,370
200,604
408,195
60,251
671,553
455,923
212,161
200,734
799,360
239,13
532,602
82,863
529,162
303,130
287,600
375,500
646,380
381,911
633,585
449,750
587,661
392,306
795,479
348,212
54,889
149,897
173,388
749,713
199,426
169,73
827,386
29,108
965,103
766,186
363,235
995,733
401,967
515,912
267,762
250,688
639,774
15,176
664,288
192,80
749,716
277,294
909,431
542,184
660,905
470,199
311,844
970,573
208,10
20,55
714,946
784,872
259,398
851,135
899,644
118,204
266,994
443,520
723,326
823,976
845,771
672,433
248,673
863,492
682,390
992,533
342,445
945,468
935,23
49,349
710,205
626,749
562,24
458,673
774,919
973,728
168,846
157,519
449,409
102,219
660,57
56,494
19,787
144,143
38,664
429,90
396,793
129,799
70,806
904,402
750,428
791,517
544,375
720,319
323,227
474,915
699,536
759,774
167,182
836,941
447,130
44,812
834,53
762,49
782,572
668,178
184,862
908,339
769,583
915,794
167,208
426,2
572,316
601,222
356,162
750,535
530,410
927,355
573,555
661,708
501,69
371,289
307,774
924,39
876,696
752,715
592,532
945,838
116,966
713,476
149,708
706,488
166,762
470,19
74,594
72,613
439,577
62,97
277,421
510,926
77,682
365,415
869,611
550,827
900,382
452,875
292,323
249,661
641,650
748,765
379,600
605,254
918,26
939,3
743,791
358,382
636,436
702,356
293,719
29,131
707,622
666,259
235,210
583,22
551,151
563,581
782,126
506,828
673,484
483,455
811,424
660,596
860,493
473,888
385,393
818,305
38,360
634,568
357,428
815,276
103,407
754,599
394,280
31,238
831,679
484,978
481,146
643,389
851,806
540,158
270,750
831,273
172,538
806,257
395,33
906,303
915,310
297,291
276,279
845,314
815,957
19,733
418,48
569,88
372,811
721,162
609,20
542,977
298,199
66,734
617,54
468,811
708,348
596,205
109,103
285,405
126,11
729,466
856,763
650,57
58,52
349,293
924,311
450,816
993,485
238,771
829,239
424,462
111,853
787,454
55,585
532,288
97,788
747,590
485,532
575,850
814,563
392,225
453,309
207,996
199,611
78,951
564,513
864,568
118,670
392,605
220,509
845,731
418,879
213,972
240,928
935,566
249,917
499,459
795,539
440,865
561,19
356,845
590,539
928,602
742,621
702,68
598,672
935,281
540,385
971,10
711,554
88,104
340,240
985,421
397,255
231,39
842,780
602,440
399,912
797,351
218,848
98,377
833,388
113,887
558,261
946,355
755,900
156,417
916,164
863,666
954,733
259,350
998,273
596,621
553,498
999,337
283,373
905,140
885,782
936,937
731,74
723,545
33,900
550,678
743,750
107,322
775,841
377,528
733,128
406,47
968,10
158,811
308,98
506,356
842,467
608,699
467,340
841,920
168,731
928,812
8,835
670,386
184,194
382,970
898,574
984,631
456,180
358,696
278,1000
702,712
546,370
463,382
51,693
963,984
643,424
140,223
757,681
495,11
878,623
12,598
633,329
869,285
846,668
736,559
861,386
987,384
450,801
452,643
693,575
845,974
517,511
590,479
68,177
899,907
48,431
675,492
414,145
418,443
763,640
634,260
807,260
538,247
936,41
866,68
161,435
357,961
96,651
566,621
585,135
637,387
478,917
428,565
30,441
673,441
34,781
999,509
873,863
263,453
429,79
58,120
372,9
284,851
222,536
593,31
413,627
541,193
13,322
79,856
788,825
373,583
110,383
422,972
229,30
7,246
604,924
690,510
671,465
421,457
273,733
56,471
329,462
292,376
647,424
586,633
817,650
511,137
543,899
846,535
234,736
404,170
826,510
655,12
963,509
309,785
653,307
251,918
286,132
641,264
584,610
389,36
554,511
834,301
868,504
786,37
826,842
870,435
220,614
793,760
418,368
561,254
395,829
889,875
384,386
87,849
671,830
620,403
254,795
550,872
604,738
740,716
792,212
120,532
916,847
454,167
105,794
225,35
819,477
288,234
845,672
513,374
967,744
646,859
432,271
567,132
242,768
744,921
461,755
952,48
338,140
448,299
995,189
577,79
421,166
914,345
484,332
708,995
783,926
500,521
3,717
304,198
194,226
797,42
725,319
613,276
136,384
451,37
81,468
136,31
61,506
615,595
52,686
625,723
129,620
105,489
2,326
494,553
754,331
786,44
238,821
128,293
539,430
668,857
171,249
123,898
589,405
29,837
66,346
418,160
997,118
666,390
958,318
692,104
345,354
306,480
930,234
426,913
665,323
583,242
521,48
173,90
489,954
868,370
672,593
377,872
473,323
55,355
671,438
94,253
257,42
699,300
379,361
831,649
295,298
78,205
866,869
643,228
346,111
440,480
375,930
322,282
557,405
91,682
346,261
236,250
47,49
547,519
676,467
268,346
312,178
64,35
773,915
592,995
668,470
101,660
449,626
960,857
479,32
506,205
975,392
812,873
650,517
226,721
939,29
737,861
125,780
341,159
915,118
834,426
581,802
421,35
954,676
653,17
326,11
831,354
131,126
213,503
792,674
782,631
848,437
454,37
520,605
110,511
788,225
805,612
777,692
841,80
308,777
985,869
786,147
238,647
299,58
234,976
298,968
179,505
433,943
49,697
113,431
982,203
119,377
977,321
384,749
184,659
84,676
420,905
133,596
842,446
923,942
810,129
929,420
503,197
69,740
471,592
128,70
863,583
595,78
613,336
449,744
256,539
144,832
640,388
469,864
263,183
164,839
514,103
41,570
317,922
45,557
42,467
542,736
670,924
181,195
597,13
284,681
495,146
878,907
559,663
839,920
400,918
783,506
880,931
430,298
453,658
837,120
410,964
529,811
499,69
435,920
301,335
527,837
576,414
512,424
244,303
536,28
920,216
923,741
684,371
109,576
864,729
756,10
329,826
673,276
317,747
281,867
763,611
763,198
520,766
829,629
268,231
80,322
142,844
702,283
311,406
219,332
371,598
92,265
177,610
674,774
472,603
469,55
221,684
253,613
669,483
653,664
853,746
263,740
742,93
476,797
356,977
775,667
330,974
874,712
78,740
935,536
504,230
214,259
243,386
760,242
548,639
699,479
221,102
534,203
636,481
984,639
53,943
808,3
126,650
416,312
274,609
292,15
520,502
171,551
934,838
587,200
497,110
444,140
813,100
460,458
590,927
513,298
713,700
511,975
579,427
167,711
299,811
378,441
510,552
156,960
843,239
635,901
885,816
989,74
559,984
307,854
467,535
66,304
678,845
824,169
786,362
853,306
463,992
871,925
708,612
166,836
196,556
309,169
647,887
582,156
588,141
421,100
473,116
377,496
949,217
425,188
811,400
103,263
715,908
587,922
383,720
329,741
225,333
931,328
804,161
945,909
282,360
562,187
594,101
546,748
679,839
781,27
953,308
901,182
306,896
154,638
218,746
106,360
585,652
97,343
995,288
989,544
114,192
242,381
684,854
785,738
469,495
913,323
878,301
732,125
52,732
38,338
64,353
683,410
772,745
876,724
522,267
767,380
733,458
797,130
765,319
424,775
419,517
294,901
242,109
939,308
921,806
661,99
531,312
93,824
533,251
811,599
169,788
944,509
424,525
728,340
164,430
921,161
159,565
37,910
444,598
716,78
577,870
420,846
333,615
141,1
887,844
283,643
389,2
919,250
936,903
414,989
243,174
667,307
511,852
427,810
894,278
352,882
480,868
399,612
760,854
349,626
867,750
406,600
834,501
579,738
594,183
13,383
49,866
762,758
153,981
886,134
718,524
577,712
485,477
277,523
492,715
842,105
644,733
169,963
986,380
52,126
568,777
195,236
646,485
943,320
184,844
755,861
621,823
845,725
934,683
764,1000
12,734
4,251
729,610
647,596
556,740
390,506
322,788
3,702
631,838
89,731
690,339
582,91
152,494
324,388
544,108
98,531
610,612
693,534
108,78
261,266
619,119
528,88
484,501
406,176
569,681
777,914
68,523
301,462
185,236
455,345
958,395
143,543
742,64
477,522
68,62
587,317
37,37
335,673
438,438
844,995
436,492
40,267
840,513
424,951
540,63
27,459
488,594
614,104
963,278
931,750
425,918
590,521
214,22
484,724
864,521
948,301
872,580
191,549
865,164
314,544
997,919
176,808
199,274
545,818
405,946
513,21
788,702
550,788
47,472
16,849
970,111
78,60
16,314
818,324
107,962
900,615
256,357
907,353
825,953
688,227
760,598
701,222
848,685
401,964
323,956
22,312
733,464
898,692
413,608
355,177
371,996
771,499
724,144
11,599
428,960
179,731
87,523
393,782
270,626
50,299
927,74
906,971
112,911
541,541
455,461
489,12
384,85
81,777
197,925
766,107
348,268
956,837
338,518
921,334
442,757
945,907
968,370
188,781
809,100
568,371
968,320
512,197
82,771
400,499
288,211
91,482
217,854
665,699
465,211
744,538
705,943
86,302
851,672
654,418
826,820
886,752
480,347
373,56
546,537
612,772
245,971
52,664
114,614
154,522
555,801
741,23
568,277
538,79
553,596
985,488
488,4
917,39
809,123
910,405
233,971
52,839
692,785
830,826
899,862
293,915
727,76
641,971
153,702
423,537
278,173
662,13
329,264
600,962
429,807
720,506
366,243
230,373
679,889
695,797
664,660
715,903
958,601
680,235
175,149
34,70
837,474
571,615
951,908
693,87
572,692
774,232
967,850
458,401
920,317
636,198
983,450
795,331
20,201
320,415
882,796
843,470
56,942
828,810
520,760
460,491
919,950
45,544
211,920
80,503
448,299
653,321
97,475
749,647
158,474
25,754
976,203
305,247
902,596
253,372
897,67
334,372
80,545
687,170
68,112
8,631
616,407
80,426
396,770
154,313
44,448
369,478
273,598
71,293
766,842
876,743
409,576
90,296
401,863
298,811
298,563
879,643
408,218
381,179
129,772
10,423
205,900
284,373
614,546
684,602
916,140
785,189
984,427
959,119
618,258
30,80
251,830
18,741
504,684
799,117
651,580
297,253
337,461
672,750
392,716
414,140
852,207
460,379
736,631
194,907
225,132
870,606
390,484
105,331
932,203
553,133
285,577
431,645
605,180
325,591
806,951
489,797
625,176
709,997
846,478
349,554
740,668
911,893
355,806
762,255
954,481
659,822
317,117
878,761
106,651
580,905
138,754
933,37
218,95
263,749
603,445
97,291
752,670
747,824
815,908
562,395
360,122
249,948
695,93
263,611
696,433
409,449
116,365
839,786
464,420
746,17
936,18
361,697
741,46
331,369
574,757
592,185
915,513
861,115
75,49
439,655
51,616
225,234
309,227
467,77
872,799
405,471
51,388
978,363
364,797
466,388
290,534
257,27
58,511
287,785
204,662
654,201
907,747
472,113
605,798
236,469
892,782
971,90
110,940
822,184
139,197
93,216
618,399
153,196
661,929
55,740
966,510
523,649
2,363
295,464
440,658
985,222
4,451
482,944
946,343
71,378
893,587
996,234
641,587
141,419
564,293
1,74
17,953
394,494
593,266
884,437
865,200
703,925
115,423
67,702
289,206
184,377
88,22
224,742
335,514
161,292
310,822
845,610
494,672
5,719
69,319
831,230
116,4
146,693
697,878
348,883
932,548
272,709
860,692
638,394
97,514
215,489
284,862
805,239
339,266
713,281
430,617
913,139
232,791
782,32
404,837
174,17
396,177
469,238
457,445
191,708
28,239
79,685
721,742
282,408
264,154
315,687
71,13
2,352
2,652
712,82
977,142
262,819
921,885
839,846
433,617
199,13
676,889
604,221
599,661
928,832
603,619
495,562
501,847
207,804
119,253
562,765
66,13
540,426
767,932
197,95
958,420
489,954
338,79
488,436
757,867
436,212
982,90
892,268
849,482
420,250
998,463
187,496
780,900
353,700
470,992
439,248
778,960
21,810
204,712
418,510
214,53
625,655
332,695
303,704
791,356
768,618
90,712
70,886
199,719
875,968
401,804
624,83
359,627
605,838
708,835
523,266
358,586
579,987
102,177
843,780
785,170
784,267
365,652
468,342
21,232
895,358
648,10
949,446
341,127
595,614
313,897
410,904
891,992
1,816
746,740
26,443
930,213
353,878
381,484
408,549
361,391
102,520
186,828
796,312
795,638
809,94
356,945
54,502
575,119
96,163
529,38
853,693
203,112
128,199
945,991
112,414
888,563
546,742
28,180
395,437
616,107
840,899
342,476
635,761
451,777
303,743
5,85
860,668
156,581
170,911
992,168
159,980
330,511
957,565
167,428
913,114
496,79
780,563
54,462
434,190
249,137
367,654
141,757
600,673
137,93
818,805
606,64
840,995
177,506
283,265
186,575
273,284
944,453
92,252
534,20
393,568
766,128
258,912
399,570
137,176
659,104
719,942
729,441
29,456
779,411
39,16
462,149
526,71
45,370
453,949
288,223
583,493
320,971
498,176
3,550
929,153
274,634
11,646
257,826
876,113
611,817
864,281
689,331
644,631
936,760
727,127
408,112
718,140
977,791
722,669
816,700
752,545
250,709
216,158
915,136
101,635
605,828
802,579
99,781
985,54
725,538
179,935
525,3
107,782
8,800
667,922
413,16
766,671
515,120
75,720
554,898
972,338
686,104
954,867
4,463
873,936
178,467
539,709
375,309
836,735
207,234
698,970
758,438
664,351
62,566
360,255
192,131
325,634
703,295
463,51
204,723
455,741
591,395
952,643
763,990
510,817
412,1000
528,658
534,840
381,702
411,266
102,413
244,592
414,945
284,546
561,558
103,351
574,343
890,647
328,746
598,449
539,773
342,294
654,863
604,903
828,396
800,262
570,280
908,326
698,990
212,932
73,600
438,76
814,105
606,504
166,163
849,485
586,722
624,683
585,325
518,561
273,506
379,380
516,645
114,108
386,900
613,667
838,656
860,324
486,687
47,713
835,504
671,766
355,502
169,22
468,777
289,191
646,693
602,775
682,560
255,679
712,90
445,466
10,190
811,22
630,348
220,296
498,815
456,943
930,664
670,936
650,378
282,527
430,307
40,309
861,37
91,70
606,987
681,493
988,893
353,471
787,385
598,465
341,390
884,336
863,949
206,245
577,479
434,355
369,66
996,289
463,728
779,471
193,47
282,591
609,995
905,655
545,185
513,800
721,892
399,519
709,700
295,885
659,756
198,946
342,838
901,932
693,649
187,86
120,525
795,899
226,786
206,609
462,75
91,355
73,764
151,41
334,728
205,473
667,936
957,895
82,721
769,598
717,888
172,561
157,968
635,559
934,167
313,197
38,794
310,435
727,563
967,609
641,890
687,679
301,147
98,858
779,597
96,358
13,393
706,185
876,61
888,287
967,280
813,158
922,740
680,15
455,162
600,118
210,123
530,214
532,662
734,297
482,358
513,25
913,45
749,417
791,559
357,237
651,653
873,904
348,520
523,394
876,882
528,670
581,940
982,213
748,818
340,816
870,744
317,310
733,547
647,609
34,299
112,726
203,122
153,665
225,68
496,540
825,223
589,167
609,313
19,60
830,367
45,712
17,688
798,174
911,779
495,782
179,594
64,714
115,848
308,683
628,261
800,442
25,375
35,241
792,514
218,99
561,367
626,23
41,138
281,741
558,842
982,615
274,611
175,626
501,816
806,547
640,277
386,819
871,914
498,877
259,207
123,48
498,128
650,304
496,276
478,416
621,298
453,75
682,39
806,489
510,763
54,59
639,665
871,439
893,997
99,171
38,311
174,891
854,360
916,42
183,203
640,231
742,449
332,427
326,488
110,334
901,472
904,75
17,739
560,706
232,981
224,770
931,440
847,645
427,580
335,486
762,736
708,453
1,682
941,27
506,297
897,68
754,355
618,952
878,370
481,495
76,476
352,242
53,485
758,708
579,101
866,65
93,639
502,878
945,642
51,67
244,246
718,840
258,752
928,435
264,503
486,627
644,538
748,165
967,236
860,554
560,379
296,579
828,789
860,107
87,9
60,571
456,896
578,835
81,887
477,958
585,659
824,403
734,640
705,936
152,349
145,54
558,760
91,889
254,762
86,234
649,67
365,205
303,636
234,797
615,303
893,146
908,460
138,621
304,496
537,509
426,797
650,992
383,737
961,534
719,635
686,598
953,421
167,355
112,244
859,579
969,284
69,618
407,259
334,478
271,860
228,33
555,873
239,69
577,70
750,488
431,780
523,369
73,933
52,85
583,355
446,642
699,999
442,440
127,646
642,447
904,407
326,920
336,898
294,111
951,371
729,430
52,371
656,253
464,985
374,236
777,223
873,313
55,358
804,135
990,542
988,664
919,291
64,160
577,202
413,274
617,150
305,52
103,592
791,904
999,500
27,163
612,834
776,536
432,17
381,546
742,402
851,138
46,550
392,614
443,995
424,112
64,534
999,685
382,57
47,420
742,323
50,181
108,963
284,186
537,131
402,122
223,359
552,401
843,236
369,804
975,712
542,473
899,540
62,338
370,874
658,943
575,854
947,896
288,334
76,719
54,484
108,763
601,605
439,575
769,343
512,759
118,891
482,728
596,808
697,269
272,165
787,179
628,831
976,868
689,113
487,437
692,766
340,757
6,270
496,285
870,238
401,745
651,12
368,244
122,389
782,559
679,353
608,893
291,905
201,861
904,138
907,78
573,871
308,480
682,915
196,164
797,967
676,6
94,989
667,886
8881
9485
8683
9720
9278
9876
11663
9341
11117
11829
11605
9148
10488
9120
11318
10337
8161
9210
10815
11401
12039
9002
10143
10093
11089
11120
10998
9682
10795
8945
8724
10314
9544
9406
11653
11409
8540
9176
11302
10149
8308
8900
11058
9620
9334
11507
12003
10952
10643
10012
8851
10976
10885
9691
11423
9963
9339
10567
11676
10073
8103
9121
10393
11682
10029
8057
11337
8129
11366
11449
9222
11698
8614
9980
10932
10684
10703
8960
9127
10598
8307
10381
11692
10908
11764
10381
11679
10190
9150
11115
8597
9279
10233
9372
10943
8346
9955
9834
10173
11868
8937
11865
8985
10370
8806
9007
10478
10740
10127
9685
10657
8904
11201
10015
10481
9550
9195
11185
9338
8866
8783
10595
9105
8309
10345
9191
11895
11668
10755
12022
11801
11502
11730
11714
10139
9610
9686
8136
9468
10849
8156
9581
9831
10253
11757
8738
11961
11272
8571
9077
8318
8070
11866
11329
9078
11462
10102
9362
9484
8737
8327
8805
11707
8044
9604
11170
9958
8978
10258
9498
11839
11165
9962
10193
10745
11570
10904
8755
11080
11508
8376
9048
11845
8924
11272
10044
9139
9246
9803
9518
10424
9751
9752
8707
8284
10524
10132
9789
8068
9999
