4318,5085
3485,3882
1788,8494
8121,7684
8127,1494
2177,8992
9723,7266
5736,912
1071,686
4416,1109
9096,8495
4442,8075
5035,1674
9427,6592
1188,7404
1990,9960
1522,6929
6796,6927
6276,6111
9079,3780
4802,9830
9654,9351
7681,2765
3137,8360
7029,3235
54,6075
7340,4148
1225,5842
8993,2737
3365,355
9219,3271
4538,8744
8037,5463
3703,7678
4963,1212
3748,7789
328,8005
4781,3789
4417,3637
4749,6564
756,5440
74,9888
7137,9819
7849,5088
8101,5358
9204,1890
3194,42
9598,1732
7397,492
3896,8635
9308,1842
8104,377
411,149
1677,3107
4546,6616
3136,1056
5616,8314
3570,2424
1740,2123
296,4950
4139,7036
7411,3636
3013,2223
4753,6908
4070,8421
7754,3465
5998,4785
272,836
538,6764
9050,1416
7861,7408
9343,2472
7066,6140
451,343
4373,7088
4111,5037
9642,3052
1726,5849
3337,8074
5607,4568
4389,1684
2296,5662
5813,4619
4963,7852
5270,9605
8298,1910
7195,2584
3659,7259
6892,7417
6928,3616
720,7920
8942,1821
2928,8438
9601,2018
7190,3788
7734,11
6337,4474
1191,4377
2285,7478
2327,6523
9579,6753
2644,7501
9589,1697
9518,2074
2191,6159
8743,442
5030,5295
9195,512
6618,9812
2906,9146
9585,3642
7347,3171
6216,8520
6313,4994
5010,4845
4759,7604
564,2253
7716,8980
7796,9592
352,4874
7180,824
5683,7283
2503,9611
7525,1284
3189,1252
3681,1715
8325,6671
5968,1790
5244,9631
6086,5934
3709,6690
4655,1354
3329,6145
2659,2226
6634,1524
8694,6830
9734,2786
4112,5930
5162,1723
2092,8013
4444,2537
19,468
1626,8533
4188,9969
4328,5947
2582,8786
9735,5732
3785,3095
1556,7883
473,5454
2831,8967
4730,4377
6270,2773
2047,3866
9956,1784
4991,8926
2932,679
6729,5821
5207,4804
3150,3848
9695,5228
6913,7512
5290,4195
5315,8164
7903,1457
1478,9267
6075,7964
9162,9153
2669,4261
3988,8732
5586,4345
6679,5464
1143,9273
691,2199
2069,1284
2445,8181
1331,7202
6465,1763
5169,4203
9473,7818
1236,7768
5583,3592
1138,8161
5729,5825
48,6295
3649,573
520,3290
9788,9033
351,5374
2170,7753
761,3131
9464,1542
8686,4693
8749,1548
7179,3485
2224,9414
9631,5346
2454,775
4606,701
2352,9704
4551,1680
350,1442
7017,2704
6190,8049
9255,6983
1227,9375
6972,7888
9431,7905
4090,251
3283,1539
3706,8449
6013,670
5470,5532
6568,6168
1746,7835
3986,2208
2117,8377
6184,3216
5332,5069
5149,5018
1453,2603
7009,3345
8904,8391
8354,5883
518,4357
3742,4103
4271,3999
1435,662
2621,7899
4063,9453
1525,3663
6904,432
9360,8737
6547,6707
7699,7283
7636,5581
4019,3372
475,936
1697,1360
3080,488
6632,8027
9954,7899
6269,4381
8250,5621
280,6222
2769,27
9485,2854
8817,3206
9825,5258
1450,4125
3249,9234
4522,4344
2444,2247
6284,9113
8666,6996
5584,7696
2302,7828
8247,9967
5341,4939
764,200
9979,2599
5696,7245
7720,136
6350,3464
8408,6541
398,6428
5453,6727
5973,5827
7326,4982
1573,5371
8837,8076
5123,5662
7767,5215
6677,7115
5992,8237
511,2077
812,906
4248,3978
5620,6936
3034,1611
4025,4739
1153,8183
4124,5176
5980,786
8276,6231
4711,1541
8635,6680
1980,1703
7827,2343
3130,953
5427,2332
3097,35
8381,5387
449,6980
5423,7470
8106,1407
8586,2947
2467,1375
1800,8856
2932,5891
2764,7821
6322,5811
8624,4722
9521,9831
4238,2505
8142,5776
3578,59
2029,4806
6957,9672
8264,6765
5816,7805
8547,9868
5219,2098
8310,1912
6609,5962
2277,860
5843,663
4359,3122
7348,9480
4473,7251
9105,6844
9573,9924
3035,9599
7070,4590
8862,5
4724,6202
517,3898
7843,2844
4776,5091
767,2441
2048,4755
5678,1217
8502,2995
2053,8025
398,5496
9444,6741
1518,4606
5710,1665
9006,764
6844,2869
6054,4036
7123,1996
9364,1720
4452,186
3344,4163
6490,419
1358,7907
9889,4113
2379,4674
3773,6114
2561,1344
5918,1383
9051,2364
7011,1843
1410,9787
1797,5560
1518,3130
5709,7906
9961,2040
9447,3970
549,439
3133,1834
6225,918
5301,5574
4050,6383
1534,3427
1676,6277
570,973
5204,7114
8553,2545
1491,7971
8119,8173
8696,3068
4787,8336
4695,1039
184,145
2980,7082
8370,678
4986,6732
5770,7891
5025,8357
8422,2457
4452,5091
3774,9558
1242,8472
920,3614
5095,4563
7086,9792
301,741
4157,3478
1696,2324
4254,2475
1465,5582
1443,8966
4238,4283
3112,3692
4990,9579
968,2886
1032,1805
6499,2686
7938,5951
7269,2683
258,7779
3250,1904
2579,9970
2482,7513
3420,4706
6502,7313
8173,6510
5657,1706
2409,1538
5100,3480
1888,70
6403,3832
7620,9319
107,5601
131,6690
9733,6162
3028,5235
2779,2895
3038,5992
1563,2507
7484,8986
1553,5511
2526,3510
9626,5633
564,9304
3615,2638
7638,2061
3454,5126
3,1391
5612,9702
1037,1023
8881,2527
4416,6455
209,2612
2035,1775
6398,9307
3687,3670
1552,9255
2617,8349
8435,9655
7498,5669
8071,2825
3694,3327
6491,6242
5297,4
4125,9226
5814,4152
884,4397
7644,394
9057,3833
8742,6316
2469,7190
2089,8430
3857,742
6375,1152
7061,5881
1707,8026
4876,2
1620,1943
5825,6283
1005,18
4097,7538
8072,8040
8954,2408
2988,3714
9270,9933
9025,9980
2262,4479
5988,9559
4649,8464
1001,5505
9689,7647
6010,5685
2580,4339
2142,6744
2587,9192
3279,8160
6253,2135
3739,6161
2277,8010
4621,7182
5724,1124
8233,7962
4618,4911
626,8290
3520,2318
4030,2700
2937,3883
1485,1197
8819,8499
933,3687
7235,2822
1037,5776
9933,4484
8662,5650
8339,6664
1670,4801
6683,4931
919,2855
7158,2492
4127,4028
5980,1473
9005,1906
4908,5570
1600,4033
2372,3726
1508,9922
8795,1759
2576,4126
8943,4273
6747,6262
8621,2075
9127,7351
7402,1240
9774,1593
876,167
6644,4790
3650,2242
4286,3777
1688,2603
5034,244
9580,4891
2394,3662
4086,9413
1869,6401
4559,1123
3184,5207
9685,2066
9317,5672
1296,5732
7942,9052
9032,2493
2900,4287
8588,5858
7775,4484
2657,4967
6317,7893
9711,7268
5276,9406
7257,530
5225,6499
1546,3134
5339,4478
760,1925
2439,7010
3510,5380
9702,1008
6448,5887
6686,2789
2525,9931
859,7932
814,9333
1748,7550
9579,5223
1494,5674
5104,228
5854,3067
3034,207
3339,7125
9828,4967
6923,7680
5856,3594
1589,3334
5657,7526
1613,6352
4854,372
2594,1435
7451,4333
9253,389
2282,7535
3946,9959
7145,5234
3735,8809
5683,5670
4470,5645
5463,778
7891,8009
7746,5235
82,7942
3656,2111
3178,4682
7967,8150
3965,3319
2335,1360
9572,9976
1179,3684
6415,9804
7856,1103
3870,420
6484,8036
3085,9505
8456,8840
8212,1156
4413,3256
1741,2069
5274,7600
3752,5463
1425,9034
484,538
9415,754
1264,2272
9605,8386
7753,1699
5790,7237
9201,1861
9390,5238
969,9143
1281,3267
7706,4391
6842,9536
4010,6757
9861,4755
3348,1826
8027,1471
585,2048
8073,8886
324,3250
8041,1567
8138,8944
1084,1965
4390,5099
1893,2624
5513,9955
2624,5972
9833,8554
5786,4033
4855,2009
6241,4103
3071,8880
4972,4709
5926,5781
8090,6738
1419,7347
6017,1537
4278,2971
7231,7555
7988,3570
768,3849
2430,4714
9922,265
2685,8444
6902,8425
4113,8630
8270,8158
9831,7028
663,2287
4788,9589
3033,6330
9982,5367
7815,9780
5913,3547
4058,3437
1510,2562
6173,2701
4605,1297
5619,3097
2390,6830
5804,7450
4372,4455
1567,399
7804,7667
371,1459
1562,6317
3392,2261
9336,4618
7597,1697
2115,5828
2478,7059
5121,9822
5260,3792
9324,6328
3380,500
9290,4435
2418,8406
6688,63
4094,1952
1569,5409
2995,4525
6567,3709
5156,2098
5009,8208
4901,8535
89,8123
3465,900
978,6811
8698,118
8403,1778
1545,5909
248,5185
3694,6232
2315,5650
9152,3151
8904,6460
1894,4499
5789,1133
6091,417
9249,6387
1371,845
9525,2556
2572,3041
9331,8111
5390,9144
6322,9863
470,7708
8463,8855
2292,1212
3856,2779
7472,564
6292,237
2473,3855
8532,6478
7350,4224
2315,9343
7840,5985
5305,6485
1774,7628
1430,3284
283,4449
1192,49
9481,1714
6594,2351
2870,569
9676,4330
8663,5339
6441,1774
5931,9010
7897,2710
1489,5371
8143,8179
3794,8403
1668,1546
3546,5276
8990,5716
1516,2462
57,5716
3064,182
3561,1472
4883,7991
160,503
1006,5828
906,7104
7467,2006
3587,5755
5150,8778
5287,2129
7215,536
9215,501
2999,5158
4758,7473
1052,193
5623,1468
2797,2068
5632,9380
3434,3134
7882,6958
6133,9525
6747,4598
5840,8267
3776,8925
5835,683
350,4708
4908,7406
5975,7032
4643,3597
4120,3520
6417,3044
9101,4880
8189,7430
452,688
7280,1394
1517,2891
7450,3219
3466,8988
2034,1769
9354,2119
2361,5932
5950,5265
9135,5395
1521,6699
4174,1549
6317,2435
9162,4401
4799,7065
7599,4006
3511,2057
6491,2399
4094,530
8457,1036
8079,1382
1232,6554
1753,7541
1531,7103
4294,7561
1681,3088
7489,1606
7277,8956
2527,7737
2150,5384
7108,6253
2981,5061
7062,2371
5900,8516
4552,5625
8320,6604
1086,7453
1294,617
2049,583
1897,4980
4533,1661
4513,278
4680,5482
8173,6670
6077,512
6034,6094
7139,5188
2135,634
5800,2410
5799,1027
6479,7316
8289,109
5690,979
9052,2984
3894,6442
733,6578
6153,6180
75,6088
9893,6401
1414,7372
9552,9815
7583,5078
9705,5473
9551,1759
2441,6897
2119,5665
6248,4908
1400,5472
7327,7918
321,3164
9980,8979
1182,6786
1953,8174
6123,7568
618,1113
3309,2697
3415,7837
3370,4164
4685,9292
4755,6140
1234,5825
1074,7541
3345,1752
2372,4811
416,307
9567,1142
2381,2005
5733,7580
5616,2525
3925,4364
6242,1131
909,4517
4757,9474
1981,5621
2487,7724
7676,8412
3051,3998
1772,5382
1737,7325
9071,5159
7980,196
6087,4110
248,3859
6401,8669
571,2194
5359,5181
7950,3657
2088,4741
989,6589
2774,8288
4003,5402
6533,3040
3138,3033
7364,7297
4829,9223
8964,6176
9840,9076
1974,1368
3511,7957
9180,2369
8396,6811
9416,6201
2938,2089
8061,6354
9945,3231
2633,5277
7771,2231
7764,399
1839,1114
7964,3000
5827,1249
4631,4747
9060,5544
2554,3253
9933,4867
1985,9452
9701,6408
5426,1384
3093,3658
128,6650
1431,2855
4226,9354
7263,634
5385,6418
6674,2791
1152,3145
8504,1382
1454,7521
9726,696
3906,9746
2801,2871
2302,7922
3607,1552
3624,4628
1342,1529
8847,9198
6134,9971
4006,6744
2860,4376
9865,1363
2009,6431
7945,6536
1449,3729
2061,6700
7835,7498
8797,8076
1164,1550
2991,751
2408,9430
3907,178
1487,1783
3179,2660
6525,8206
1302,75
1683,1970
848,934
9776,1434
6437,8625
8907,2950
9992,4355
3697,3091
9150,821
5683,6523
1517,8468
6001,3615
8542,1712
4573,536
7105,6151
9023,8214
32,3657
632,5865
9538,3122
9760,8308
3629,4447
543,7812
3151,9217
5038,6274
1274,5497
7747,9449
4086,8886
6376,38
8594,586
1493,8725
1966,6521
5293,8939
8061,5997
9492,3360
5830,471
7573,4371
2931,9162
3982,4712
9416,1230
8105,2762
8713,9937
4224,9840
7741,9763
700,2486
711,1162
2016,6810
9004,9701
7973,5465
424,7969
9272,277
4266,5980
2764,9309
5108,6240
6365,1746
634,9813
7328,6651
3973,4122
6754,8577
4492,3276
1150,773
1194,7648
4290,660
365,8402
3270,3369
9339,2409
324,718
7918,4863
7524,9215
3406,5566
4312,1774
573,8379
4977,3461
6796,1305
4766,1352
9625,5200
8735,978
5369,2668
134,2955
6850,6746
5812,6475
3525,3165
1417,9343
6023,2125
1071,1265
3731,9091
530,7953
7428,854
4480,2227
8592,6881
7986,9260
7602,5907
8578,1984
9516,9631
4545,5725
2877,3621
462,575
4357,2610
8968,9349
5049,5545
7276,936
4399,5585
1887,450
5838,7385
105,8898
1213,7812
5109,2412
9412,672
8546,241
9678,6719
9997,1502
2891,2563
1345,7130
888,5880
7566,5598
4939,7934
3653,3393
4686,7858
1586,3827
1053,5593
148,8326
8238,4133
5669,5047
1410,6566
6071,3268
189,3920
3567,6091
3678,2533
219,603
6893,7898
9307,5705
8979,9794
7790,6039
823,1775
3068,5288
1353,6644
1648,4911
9974,656
2193,395
7902,3149
6198,8910
3181,4310
1676,9433
850,6309
6789,9211
7492,3949
4237,3281
528,1380
525,8843
2366,8987
8593,9381
1572,5184
7532,254
1120,1784
7550,2163
2967,183
7034,7792
7747,7469
2405,4171
6767,5677
6953,3540
8010,8381
1749,7079
4510,7499
7608,8628
8553,9497
6210,9813
1681,9404
3974,2938
9555,110
6579,7740
8340,362
8483,2085
4648,7611
4644,8506
1382,1845
1741,490
8855,5851
1476,6359
6826,3541
8525,6499
3512,7190
4830,6657
3271,1045
680,3377
8448,4318
763,5
3207,418
8511,9190
1749,5000
8993,4131
9117,186
5979,4910
8080,30
5947,2656
335,6932
6524,3268
6438,7442
8907,5690
6131,7692
2671,9942
2885,5671
7739,1506
7503,9871
9389,9998
3134,375
3031,3972
4470,339
2568,4699
3977,1480
6948,9520
3844,858
7376,9809
4871,8714
771,2505
4117,7265
7052,5378
7617,2257
5170,3502
6922,1638
1001,4996
1981,6325
222,1438
8821,2185
328,2813
7847,1078
4605,2014
4023,7004
6256,6701
3718,7605
3308,9968
883,856
168,6549
1036,4605
6468,5369
4370,1972
7738,8986
6116,8701
5594,326
5191,6826
326,2878
7186,5215
9565,7993
1804,8902
56,5909
3889,4507
5941,8961
4030,9083
1639,3319
8498,4399
189,3097
4318,3334
1096,3069
5945,3976
9947,5999
6533,7349
5175,9133
3602,6009
2715,9785
5446,3248
7679,386
2619,2368
1521,4550
837,2737
8077,2772
207,6826
9117,1292
5156,8680
6202,3216
7423,267
5433,9547
8289,9136
5851,5873
4264,3589
7641,3930
6813,927
2292,3702
8406,1684
2043,9481
3305,576
3356,695
5308,6645
3172,2891
1203,487
9284,4149
3471,3708
516,7440
4931,4057
5155,7890
3350,3979
2512,7414
3526,1328
6614,4979
4327,9196
1198,817
870,4601
9527,5750
7967,9174
9931,1091
7829,6917
6928,1515
8805,6391
7631,5740
2472,8206
7609,5275
3013,7589
2079,3779
5026,4467
8148,4920
7062,9907
6912,4636
2860,1431
4936,7243
1311,890
2374,9345
4827,9178
3508,3418
8210,8084
4077,1935
9160,8645
5610,711
3385,5432
182,300
9479,9318
5077,2140
9988,8643
2811,2144
3348,4155
2812,7252
6758,5826
9478,32
7894,3063
6970,5118
205,7930
6167,873
2211,7776
6630,732
5938,8729
9030,3569
1976,5076
593,2319
9160,7115
1439,2447
5201,8927
3100,1280
4635,8200
7671,4689
5635,4544
3344,8087
970,3238
1876,6127
2205,2090
9082,3828
9699,6889
2533,9435
5834,6037
947,6108
1236,4697
8070,856
7602,6148
5187,652
6934,952
6006,5448
1642,5173
7777,7450
4349,8008
8264,3672
8369,504
577,9507
5310,1360
5322,4386
6583,1893
1186,7496
4552,427
474,6166
8705,6520
6639,7121
4183,1951
2918,9190
9544,539
9879,1777
4929,4022
3813,2790
2059,9841
5557,1515
6484,6266
93,6211
5222,5389
951,1179
2160,6474
1928,3726
6852,1012
9576,3767
6014,7940
1620,6669
5691,4023
1584,7195
6369,7164
8092,749
8170,1299
9663,8786
5382,9175
2527,4166
6837,8784
9615,6953
5152,5661
717,1271
6932,8394
8033,3415
36,5725
2352,3405
4601,5359
1167,1970
420,4755
9537,4934
8396,4650
4057,4244
2927,2874
2243,4463
824,4856
3879,3969
8358,1408
7535,1569
9384,5078
8735,3393
8374,5370
9026,3921
331,5948
948,3155
5251,4246
5286,4875
3349,7441
1556,6420
9999,7274
4878,8910
885,1971
9308,4103
3290,8225
8031,5336
8736,471
3116,3934
2283,1558
7984,6333
3279,1223
3376,1328
5582,8738
5691,7762
7296,9649
641,8780
1191,1899
4171,9254
725,5351
8020,5874
2405,6803
3817,2001
7119,3044
5251,6730
8847,934
3946,9501
6835,6513
7110,2824
9609,2392
2813,9577
4173,6653
7694,822
1985,4859
9256,3988
7531,5502
1690,1874
966,6414
4095,4199
6628,6184
7066,2537
841,8869
2820,3721
283,459
3513,5240
6282,155
5620,9172
4291,6942
9417,8307
3483,2463
911,849
4582,4159
1042,3208
1628,2152
9895,1498
7171,2884
5466,3881
4498,461
6893,2092
6204,4345
1579,9047
7460,6581
8827,3539
7394,3581
7410,3266
7033,2880
3607,2693
2380,8166
4793,4215
4892,9607
49,747
7715,1040
6798,3461
1529,3048
2865,9177
609,5971
8242,671
4222,7583
4399,1296
2856,7625
1218,615
4952,1130
7823,6762
6400,3272
347,1102
490,5700
6526,7930
6407,9111
5219,3174
3771,8005
6119,3367
7849,2574
385,9283
7503,8733
4264,748
2262,3531
177,7422
1196,6970
9953,1995
3673,8299
7075,5302
4800,9676
7132,5327
1604,4690
4200,7051
3390,8202
895,6896
2489,926
7769,5731
5654,7097
5987,2259
8096,7257
1272,5219
8629,5953
3718,4156
2306,1008
7620,5056
2828,6360
3716,3566
369,6386
7968,8906
4994,3115
2322,6560
7797,8271
4276,9824
4297,8304
3758,4067
8918,4558
4211,8689
5753,1088
5155,823
3521,8010
2685,3566
5522,3123
5147,6123
3964,1425
213,1763
3246,9116
8565,6386
3941,7086
5186,3083
4369,5075
7771,6319
4471,4587
2695,7380
7522,9924
5487,4797
7259,5570
1277,8134
9363,7625
4571,8995
4689,652
6695,5949
5424,4362
4789,1725
9740,8
5851,7842
5933,2920
594,8747
6057,2273
933,8600
7061,1358
4699,3823
7180,3449
1491,7789
2019,7158
9561,35
530,3700
2402,2013
6347,1915
5949,7084
7256,811
3368,6847
4617,8597
8506,6566
2405,4237
7811,6430
126,2920
8999,7846
8187,8430
1731,6927
1498,9546
4790,4831
602,9226
536,7079
9196,5856
1807,2089
6378,8089
3928,5604
7644,5705
4087,9054
143,9133
9947,8851
9312,1031
7113,6371
1410,1281
2836,1566
7689,270
5076,8526
7693,205
7184,4168
5444,6511
9264,1501
2107,5701
9635,4997
2145,7410
480,2260
4874,697
8124,2736
8541,559
2969,1192
605,1201
4642,7402
4137,5661
29,5952
6574,5956
8904,2205
8815,8975
5819,3457
7658,9743
7710,7669
4340,8718
8178,8731
6371,5488
9290,1270
6414,2656
3792,1952
9404,5147
8682,7973
332,1925
5941,8218
6896,7448
4183,7110
8373,7202
2417,7946
3519,1450
5749,7776
9662,9415
9700,1853
5830,2180
4196,9509
8410,5064
8940,3830
8788,26
4773,8673
2509,2480
3263,1044
8778,1087
730,5454
3522,7899
5143,9613
1046,8537
2784,2548
9078,6641
5502,2126
9759,5926
7900,804
1524,5087
9325,7543
8300,5099
9449,6435
2649,2576
2029,6962
1431,8493
4676,224
6628,7373
4109,7197
1198,5105
1557,9054
7082,3614
3872,3316
3773,9979
6562,1946
7290,5772
9633,1753
1521,3555
4039,6690
8743,1437
2697,1055
1065,2504
4353,2731
9457,9874
3328,6440
6507,4778
3891,1696
2888,8900
8911,2966
3645,8746
1247,9622
5174,7667
8825,1965
2932,9970
329,4209
5602,3467
841,9977
177,1144
2018,5658
3970,2438
1631,5030
9770,8127
2956,3094
8386,7304
8385,2909
3828,8438
119,8753
9286,7577
7176,6834
5407,2916
4913,3010
1423,2647
3932,7242
3388,1873
4522,93
7988,8110
5604,2278
5421,7915
6110,7312
5665,7188
7307,8438
4480,7595
8005,1726
8978,9718
1462,8884
3792,4398
314,6333
8759,1460
7705,7557
8449,5393
2214,8793
6136,9610
6884,3948
9235,8519
457,8796
310,6854
6199,9248
5179,1739
7378,9168
9027,1052
6850,3146
3354,3797
3927,600
7763,6239
1609,3460
4795,1939
3234,8965
1605,1361
631,3251
8003,4118
2792,7276
3908,6109
4833,671
9245,2343
614,8739
4667,6078
9823,400
3968,8700
9303,9338
9820,4234
215,1700
7967,1837
9368,3788
1730,9658
4747,9996
6296,983
4194,6142
905,5511
5463,3334
8150,4306
7066,1215
6342,8332
6247,1149
6111,8312
2016,6992
7382,9711
162,7415
9245,2628
1993,5725
2557,7626
4241,9548
6153,3382
697,8995
2607,3259
127,2470
8668,6347
1702,5682
2936,7696
1013,1542
2885,7744
9639,9626
4599,1956
923,8260
1236,1330
9099,8023
5161,7642
8454,3525
6469,5037
734,3304
1520,3265
3324,4291
493,1607
2266,5872
7193,2933
9367,7781
5495,8273
6758,2708
5081,4213
8940,5475
8005,7973
3381,9952
148,4536
9020,2121
9031,5642
5637,6044
3787,1082
3695,7145
4664,2337
4074,2982
5035,9526
382,5634
3800,4127
6185,3071
4408,2955
8818,9279
9352,7965
4004,6241
2736,7496
578,2973
235,7208
9793,977
2512,9360
3885,6110
887,4388
9832,7770
6746,5476
3261,5151
9391,2455
8045,8478
6216,3533
9779,8700
686,4040
6552,9717
7869,4203
314,7469
272,592
5998,5633
8084,9194
8966,4754
8180,6083
5604,2044
16,9827
9258,2863
4200,6697
6048,5473
4936,6587
6183,8348
9089,1175
9895,9781
2440,119
7795,7553
5243,9643
8591,6247
5604,9352
207,114
9830,9381
345,5626
6503,7187
3432,4064
3749,726
2660,2475
2305,9870
6889,3081
9299,3932
3752,3725
7435,1327
4488,458
3956,6722
6996,8543
5548,2621
9156,365
7696,2606
8369,3359
8237,6955
9207,5170
1681,9733
1045,4290
6821,8698
940,1786
6249,9780
9422,6162
947,2826
8166,6201
4841,7895
4303,6946
5042,259
9640,6710
832,4265
7039,5032
4819,8843
6029,6156
7629,9132
8901,8235
2763,5980
4037,9508
9891,5334
4826,8862
4078,1958
6184,8354
6849,5745
9660,4160
754,4214
1970,5036
8112,7368
1715,534
2635,5525
5170,4846
748,795
7135,4834
1008,2636
9210,6701
8426,3924
4904,6868
4656,5106
1153,8670
7637,595
5413,330
4695,2776
7038,7294
3747,526
2599,1864
7030,8952
9594,4209
5024,1503
9361,1066
1580,7460
7835,6572
8091,1027
5069,639
9426,5962
879,9238
5582,7595
6048,6419
2123,4781
2418,1122
4007,8553
3833,8143
5016,9087
4718,7808
8499,3804
4315,4498
4875,3401
2126,8825
8231,5393
4143,3948
7232,178
9139,1427
522,6583
3026,5262
6064,6261
5081,8577
5204,3603
5120,5527
7680,8412
1390,8878
4423,6036
9994,8794
3552,893
6321,5316
4603,5563
963,6460
5142,854
2673,4458
6607,947
7860,5127
2091,87
3200,9903
5031,7248
2338,3842
1841,3853
5955,1835
1024,662
7281,4741
3422,7132
6600,31
7258,8885
5165,5060
8269,3344
6266,2117
3993,4443
8392,8936
4373,3846
9553,6179
3446,336
796,1421
3799,7616
2083,7078
7523,5571
203,545
6066,6445
5681,384
1257,8199
5038,4314
8063,4485
2216,9553
8543,6704
3819,1045
6131,690
2779,7068
1518,5770
9037,9390
1301,4611
4513,9894
3373,5220
6083,8418
1190,5831
6215,8896
2237,2218
2698,2709
7820,3841
9233,4627
3085,7790
7045,3061
7829,480
3488,5419
5732,4254
7857,4751
2232,2408
1709,1958
6950,1507
580,3061
8406,2746
7815,8088
8454,9398
9410,9527
4641,8054
2790,1615
1027,8085
7927,9210
5088,5314
1580,5567
7598,7269
4502,3852
9913,7279
5103,9537
2150,776
2697,3775
6751,2362
7673,3116
6974,7697
2685,9671
8247,9618
5127,3172
5315,9892
4422,1043
942,5840
9658,8455
9043,5391
2663,5922
2945,831
1858,1472
3721,6939
6284,1584
4564,4910
4476,5004
5482,9467
666,4328
1522,1776
5300,5890
1544,5569
3996,265
2928,7043
7146,5985
7229,5157
8593,7763
8970,5672
7110,6990
3901,7598
938,9782
2481,2284
8547,8014
101,6000
630,6390
5768,5609
4986,871
7542,9196
9151,3274
7757,5002
5871,7146
1524,9932
7426,7078
1644,4596
8071,8375
5523,161
2561,7625
3570,6987
4520,6317
9906,655
1625,280
3168,2485
8289,7859
266,1509
9339,1514
8411,3228
5183,3165
3274,3221
1434,4508
5745,861
4987,4519
9083,9717
3654,2941
9340,7383
5562,7557
4227,8411
7200,2485
4730,860
5974,1337
3829,6660
3058,7419
2174,3469
4276,1263
8719,7684
8218,200
4586,5002
5329,65
6243,177
7514,9151
1890,3190
3125,8904
4144,7449
2928,9883
8916,4377
6940,8669
637,3668
6547,9067
9904,9950
2555,6567
1123,1089
5968,8135
6142,7676
5988,7958
8360,6587
5181,6386
4577,2261
5741,3464
1108,8070
5487,6905
3592,1615
8431,4784
485,9371
7205,519
3963,6507
585,747
4978,7841
613,9066
2535,3430
3056,9784
7675,5484
9614,8333
9647,4012
8827,2576
2946,5627
386,6649
4869,6378
9961,3304
7952,1893
7753,6184
8765,4964
2860,3997
3820,8798
5023,5913
6713,4425
2117,6538
8692,3686
6912,232
9080,8328
8394,879
5851,7702
7345,1936
1531,4400
4089,9059
2610,5497
5670,4597
2748,2258
2727,1721
5722,1695
7407,921
6626,3805
4788,6808
2905,6360
4181,1243
6093,1881
3978,5907
4586,4816
1553,3609
8748,7463
3383,6698
5719,4376
3885,1325
1842,555
7971,5307
9269,2521
851,5484
3171,3902
4284,9280
1373,444
3803,6759
6245,6965
2902,7036
7670,2055
4018,9023
9720,1505
4026,311
9087,3561
8110,1691
3995,803
3671,3010
5382,1816
2885,9617
8267,938
454,5733
8017,4677
381,158
5909,3319
1702,648
1069,6427
3152,2082
8536,9149
3266,5708
8969,935
491,7256
400,607
4280,4619
3195,2504
2518,8655
5584,2762
6694,3312
5713,9626
2574,919
8974,6245
9800,9625
543,8343
3859,7212
469,6623
6450,6920
2114,1482
2488,2128
4074,8109
4856,5921
2462,8060
6554,8567
7924,9447
5020,825
5141,4495
1158,7933
819,4299
2293,2507
3008,9213
7983,5450
6729,3724
2781,2203
3000,5621
1791,3577
1764,3323
8119,4680
8859,9263
2975,607
8295,6658
9606,7715
4705,631
8814,6451
9959,2577
1617,3509
8482,2085
3901,7462
5341,8814
2134,2595
8905,6220
1714,3624
6473,7777
2164,772
711,3445
8263,3679
7109,5898
9801,9454
1798,4118
463,627
7650,563
2889,4194
9631,6495
2901,5234
8761,8801
5546,7048
4226,2419
4419,3986
8531,5552
6543,8625
9263,93
7048,4185
4265,3303
3456,7483
8874,8155
2437,3818
2628,797
1700,469
2195,5210
9464,3086
398,5281
330,7011
3242,8863
1083,3042
7273,8210
5395,9912
3000,4887
7091,8646
2898,6043
4294,3814
4279,8693
3915,3212
428,8962
1154,4964
290,4771
4403,5227
4762,2210
8431,7872
949,6302
5772,2010
8074,9580
3652,9709
6512,2443
9567,3784
2369,6808
5772,333
8204,6299
7437,8642
423,6009
4994,6425
4705,8679
8400,1844
3537,2313
5517,1662
3717,9299
6005,8891
2072,4176
8883,500
657,2171
2258,283
6301,4823
1042,2527
7438,8135
3688,4860
4053,8020
3919,645
706,4418
7839,1131
9234,3394
462,5769
5625,2439
5719,1323
2349,5567
8125,7097
6039,84
2348,6097
9265,393
6973,3339
8998,1605
8871,1406
8518,1228
5611,9762
4086,3860
3184,4040
6783,883
5003,4589
5233,9709
9891,5502
4313,6119
8582,3381
4781,9136
2457,9180
2884,3931
9964,351
4518,3052
1263,4969
4412,2620
6122,4956
1920,3092
802,8673
4175,2909
317,2561
20,643
7768,5266
2934,6690
7796,168
8791,433
2642,9627
46,4800
8451,8304
2363,5561
3245,5361
563,6283
9640,8024
5334,484
5894,2495
3092,2935
868,9872
9224,4043
8496,7224
9679,1494
2093,4891
6729,6268
2945,9645
4674,6679
3333,7568
8664,8911
5513,7405
1006,8387
1686,2743
9183,4262
2282,2992
4539,9435
7235,3630
2466,4855
7888,2637
4095,1926
8178,7960
1878,7848
6694,3838
236,441
5218,8141
7225,1739
1570,2661
3528,8007
808,686
2425,8542
9976,2315
8561,7556
1972,4092
7502,1773
3573,8692
3768,5182
3716,9174
1557,4515
9696,5605
761,6385
3238,8689
9950,4775
5249,5660
1655,9366
1674,6503
4334,8487
8144,682
6612,1328
826,1130
3184,1484
9211,4230
9718,1012
9708,2483
9157,7255
189,6938
8657,7817
1994,6106
9707,563
986,1771
2374,3253
8508,6597
5336,6898
9091,787
162,2329
111,76
8577,2309
2482,2553
9958,9635
6357,5166
5222,6079
943,5112
6268,2006
5203,4209
1699,628
5883,1437
7218,6818
5054,1086
8201,8001
459,140
1034,6742
3881,3651
8024,3108
2731,6435
3469,3132
9741,5992
8692,8113
5339,817
1287,4021
6553,9718
8480,6157
33,8164
9555,6326
1473,2710
8265,3943
45,7448
9911,2647
7090,2692
7715,9235
2930,7065
8313,6488
6534,1231
8635,1288
5695,2706
4294,7418
6515,6376
5032,5387
6467,2487
8819,7214
9507,6251
1787,5151
8158,2176
685,6909
4242,5403
3911,8979
4743,1610
2123,8082
5630,7855
3124,1157
9060,5420
5962,981
4994,4686
3590,401
800,29
4937,988
7337,8865
6595,1942
8866,1178
5127,9663
6859,3772
5591,9205
9168,9997
5967,1194
902,9186
6880,7852
5490,1477
5256,6137
6247,6581
5850,8150
1313,3822
3469,9478
1118,2636
9585,6939
3479,3413
2620,1124
3598,1798
9050,7503
1038,9586
1865,5861
4307,4148
803,2088
9181,206
8791,5911
259,8727
8124,9975
2787,8707
3287,2739
4433,1185
7172,6212
9649,9775
3914,9369
2643,8218
3761,9016
1668,3334
5984,1647
2687,9666
6300,1751
9149,4623
8973,4519
5271,3028
1075,6315
8224,9883
1268,1737
5042,2197
1259,1810
1977,5036
4419,9247
5332,8495
1261,8015
8398,1721
9788,3819
137,8736
6300,2597
8518,5253
2932,6413
7133,8976
1600,9998
2110,6861
1144,8959
1558,5691
8977,8409
2488,8949
2090,554
1216,6220
8525,4126
901,9516
7322,8916
1877,4122
6690,8735
1082,9708
442,9969
6163,5337
4582,1013
6127,5109
3350,1657
103,8552
6727,4686
9165,7692
393,6597
5369,8444
3071,2781
22,9507
9646,8965
3082,8054
5973,1644
2998,9708
6182,5328
555,4512
8696,8291
6319,9510
5397,4622
8095,6382
7114,3095
9692,6452
3027,9718
8244,7501
6019,4251
4518,8107
7744,9559
6035,7985
5153,7832
7727,2413
607,2034
9332,1646
8990,1503
4228,3353
3073,9659
9264,7591
6261,7034
3131,5584
5019,9811
9079,231
2027,1037
629,4891
6663,4054
4066,6515
4774,396
1785,811
6999,8078
9436,1680
3537,3950
190,5147
9630,6041
5079,2688
8625,963
8639,4645
5165,6423
6749,6970
7124,9308
8075,3149
5595,3061
4437,9727
5300,5295
4390,8131
1570,2099
3002,2209
5376,4462
6963,7685
1224,7930
956,1339
9398,6416
8244,2272
8712,259
726,7831
6289,2092
3,5626
6293,2050
9210,2251
1772,2042
6119,6363
7344,2584
1474,8116
4850,6664
2471,1802
8558,4339
7169,2578
3591,1604
760,9708
9466,5459
4824,279
9370,5892
5241,2073
1748,1083
2907,3223
1617,9814
5838,9694
4574,2364
7672,1357
130,3358
4376,8583
5968,1975
6023,4372
150,8546
4245,8592
7558,9841
743,846
3423,5922
3539,7903
1377,9713
6628,1771
8464,555
7806,6650
8066,4103
6814,347
3757,6773
5419,5756
6459,7826
6561,5671
9350,4934
1940,9408
4687,167
42,9598
3830,9487
2634,2556
8786,9321
6919,3435
3539,2023
2247,9076
9390,7308
8695,8441
4310,6447
3139,4429
7523,8129
5954,4302
2664,3017
1050,5995
7263,8766
413,17
3462,8154
9704,6247
6642,7065
830,8012
9419,6423
6643,6278
429,9982
1637,5318
9570,4671
4793,8029
8872,7671
1819,7415
2893,468
8677,5962
7387,3360
2809,90
5995,7906
2520,2389
522,1456
7105,3603
3637,7303
6384,4700
621,1372
2175,7951
4416,7005
6021,3244
1360,2603
6155,7723
1234,595
4971,4241
1094,7070
2110,7908
307,1471
4055,4185
2987,9430
4824,838
3669,3556
8498,5750
3942,221
372,778
7210,7909
8825,7847
1709,8068
5139,8618
868,5232
535,2819
7553,7232
8080,3812
1139,2620
385,3659
8279,5722
8384,3770
800,3963
1779,9926
8666,1717
6141,5228
3126,7156
7472,3982
9475,3420
2123,2702
3670,5345
9094,4301
778,5012
4790,716
1443,8305
1526,1627
525,4110
9161,5942
2627,5092
9122,2538
6042,5226
6634,2109
3217,9108
4579,5174
9192,2152
4653,996
7402,6282
4218,3155
9623,1585
7986,1737
7094,5944
8274,946
6236,539
2194,293
3735,2650
3376,6722
688,4459
144,8413
7031,6522
5920,6529
3060,5437
6300,5853
5165,483
7343,7316
5709,7785
6135,3263
562,9298
9707,6695
9777,6870
7512,9254
8576,1991
23,5853
1081,156
2774,6592
8995,4736
6096,3359
3733,8847
2349,2564
8709,8295
3968,426
4125,1664
5901,2215
7849,4795
2710,7284
7969,766
1974,3715
4110,8530
1491,731
5318,1298
8894,4518
9573,2969
4546,2273
5295,9571
6858,442
5999,9539
1797,6160
8444,2032
1877,2456
7456,5978
6132,5474
2427,6561
7795,8606
6052,8165
3992,6374
514,8886
1793,7839
6332,8038
8037,7324
4335,8036
9262,8440
9821,1395
7811,1061
1876,2112
8477,2897
3333,4320
2744,932
8199,5360
2759,8118
12,7762
2072,1609
2375,4520
2335,761
88,4457
1118,16
1348,2080
7147,2434
2012,2477
6251,8474
5254,1837
7591,7052
8429,5316
2873,9695
8511,9589
6725,9197
6457,2316
303,5412
562,3609
8759,6691
8920,6433
2931,7404
5841,9441
4334,7903
5524,9186
1247,5242
2346,9310
5016,9794
9911,3583
3767,8470
6811,1142
2474,7463
262,3866
4939,6716
4498,4459
1743,6776
8454,3810
2130,2133
8281,2725
2103,5498
3217,6844
6767,1157
5996,3262
5570,8512
5831,3996
5263,1568
3540,1862
7756,3627
6885,7749
4109,6052
6335,6461
3010,131
2218,5670
8009,951
1285,9789
8052,1774
2975,2109
676,492
8700,5121
1809,8660
9498,3846
3999,7593
9227,3257
8667,9426
1392,5538
7093,7568
7584,5411
9616,7874
5687,7283
7443,4255
6986,1314
3226,819
7607,8726
7295,8540
3145,3788
7781,7268
4073,1457
9670,7867
5941,7497
5164,1600
1148,5906
4965,5265
5767,8710
9993,1510
4076,3876
6983,931
4624,7084
4560,6910
5669,6819
615,5086
2464,1806
7986,9063
8684,8998
6713,2388
1761,2942
7449,473
958,1180
4657,7663
3009,5599
6131,7102
8879,6672
2948,7619
1623,1489
9696,5565
1671,4870
8237,956
6189,6494
1576,4615
6761,1165
5041,6294
3356,8202
9145,4826
6607,1837
9233,2723
8524,2468
3389,8358
2165,8183
912,2100
3801,4801
933,4296
7151,6649
6757,1549
2566,1256
9731,5216
3761,6223
2292,5765
7036,7314
9806,4077
8995,7627
4397,5877
5164,8690
2458,2233
9670,5104
6427,9203
8758,1111
1030,2109
9403,8303
7169,3111
8127,8768
4118,6165
6599,9074
3364,6256
5689,4618
1866,7037
4456,4259
7904,5640
2133,3948
277,8253
9850,7920
6096,395
4176,4465
3890,9389
8566,3858
8310,7565
529,974
3626,2221
4844,4976
9031,5925
821,3023
7452,3752
4326,2166
1815,8027
5224,335
979,4586
4465,4703
1612,2638
2493,8630
8557,5366
4282,5290
9828,2326
76,7307
4549,4090
1033,7326
6199,9004
3589,1737
6328,2092
2800,5952
1543,7387
2529,4523
7565,6337
5517,8204
7239,2974
4170,6047
9584,8989
4222,8207
8341,5203
3122,8444
4368,3316
7954,2625
6207,7347
6732,2461
627,8073
5329,1472
7859,4617
7064,9071
2250,9018
2921,8322
8044,2059
5661,717
8226,9534
4658,1926
8356,998
4799,5664
5574,7107
494,6071
7293,5721
9976,1722
1436,378
1133,5738
8651,2313
257,5638
9016,7259
775,7896
1791,5497
7638,8063
6550,8834
3296,6593
206,2094
276,6908
5777,7787
6167,1953
5502,3859
1392,136
3025,7186
2001,1142
5708,6656
312,5450
3914,7555
8170,9614
4171,5904
891,6413
290,1203
6754,1527
686,632
5599,7346
7335,9576
3045,7153
7617,9183
8158,169
8134,3430
4566,5046
7943,5277
1767,6333
4906,4959
1136,2681
7693,8101
1730,6008
4055,661
1661,3950
5504,1294
507,4659
2082,302
7656,1872
1229,688
5321,1313
407,9508
2639,3526
2502,7837
8056,5339
4200,8726
6303,6208
9581,6024
4611,5736
9878,4867
2372,9314
4404,4874
7541,7416
905,6659
3379,2380
8740,4395
9968,7084
4826,5139
6991,893
9033,8839
4408,3372
9637,42
5485,1145
7698,8659
2178,2546
5060,7865
6576,2605
419,2699
4024,361
2755,4084
582,2333
3394,4874
3307,8322
9423,6293
3905,2557
232,8824
6451,2322
8813,9957
6610,2881
2299,3366
3961,6434
7814,7273
1499,8488
9578,3691
139,52
3232,663
8905,7209
1987,9810
4350,5252
3100,4920
9479,6354
3251,8554
3197,8762
4419,988
4899,8503
7341,3899
1083,7087
4170,8339
4568,5402
778,6797
9223,6472
1574,5993
1653,8389
4250,5750
2562,895
1595,2393
7656,4524
9970,8903
8811,8233
5134,9640
6101,7237
6381,8399
6788,7417
364,2502
7259,2927
3066,6557
278,2079
8865,2161
8953,3039
6792,1207
3201,8135
4531,4839
9752,5949
4994,2853
5456,6542
8791,4028
916,8975
8203,5573
8446,8431
7219,1004
7221,7899
3246,4647
1926,2179
4149,1198
1255,2389
9463,1682
3710,1745
8041,3434
2934,7405
2645,2892
8554,9638
7039,7995
3456,4175
2903,3139
3648,9444
8261,2352
9295,9029
1634,4408
8128,2120
461,3411
7753,8520
7207,9749
5512,9557
5839,1681
6740,199
9095,8269
6042,5214
5220,3021
3211,488
1407,955
497,7735
7339,5740
2155,1861
3586,7440
9064,9548
9952,8978
2768,7158
6899,9986
1949,6894
7607,1554
6567,6626
9214,1271
4,499
2520,6157
4178,990
9154,2205
4123,9881
8222,2428
2679,3253
8611,4965
5994,2394
4401,2883
4075,3016
8596,7694
5318,2060
2560,7187
2398,3380
6976,3764
472,23
4517,9783
3331,2679
9998,6714
2236,6015
2648,6497
6361,1579
1849,1574
5332,2336
7987,6398
7558,526
7438,1054
3212,1323
7372,8019
6053,2160
5327,8942
5167,7413
8719,4920
8619,1493
4432,3546
6027,4239
2618,2926
2942,7013
457,2798
6431,6181
7538,8926
2531,8902
4997,5686
680,119
6863,3161
1251,2247
717,1093
8732,8948
8636,2902
5766,1683
6411,7097
921,1731
3712,2502
3223,6648
5816,1378
3674,7315
1279,1018
6414,8263
4759,3029
4868,9301
475,4978
8949,2471
7394,2910
7096,5852
4724,7775
265,4100
5135,8426
6567,2803
6635,6512
6251,5966
8441,499
6228,8788
6805,6330
4615,1484
3161,7201
1421,4240
7521,1041
1019,5425
954,8289
6892,1257
3017,9682
3216,564
5677,5637
6188,8110
9853,8813
129,9579
4626,5069
6512,5
632,9824
1353,3466
7979,8144
3662,1125
522,6370
6956,5116
1638,5775
9169,9490
8516,6017
5754,8493
5362,9985
4080,3294
7085,8615
1640,1275
8960,2118
7687,9274
2954,4992
6971,6014
7874,5987
5599,626
7517,3590
176,3505
9998,8697
9831,378
7490,3382
1733,5797
6931,9219
466,90
9091,6848
9959,5096
1196,3893
285,1616
8672,2065
5443,504
2560,7735
2676,8284
4465,4824
7830,7158
525,195
3077,4432
6806,727
6873,4558
2654,4536
4400,4850
2079,7255
4498,3125
8720,5842
8178,2133
8286,8687
8110,6031
4849,546
2341,3500
3419,6575
3570,8387
9909,8923
414,6260
6301,8923
8849,8246
5272,9487
4107,5608
3262,5666
8714,3084
4012,2574
1110,4159
9599,3914
3288,7299
1861,4508
3235,369
5796,7214
7894,4304
6856,9968
4259,6589
3647,5474
9078,1603
4979,5520
7061,3619
1983,9032
1968,7909
3454,2186
9952,7248
4067,2726
3144,9848
8532,6105
4859,6433
3747,1608
6451,1795
1202,4864
4489,630
1259,3840
5134,8464
1277,5960
7774,6909
1338,9235
2474,5655
7121,4609
8508,5988
5607,2015
1633,4505
6078,2730
4180,2099
3222,7054
9747,8608
1839,224
4750,3310
3708,6764
2162,4111
3273,6937
1927,6280
3517,7050
7582,9367
1522,1418
9623,9851
9935,1658
108,10
8974,8442
6748,5989
9096,540
9068,2834
1141,1243
2821,1393
5097,3414
5562,3265
4849,3474
9987,5587
7864,9019
9529,6948
5467,7444
8340,123
1920,8273
6890,1555
6726,6378
888,5640
3030,9332
1518,3380
4484,7823
3831,930
7345,1882
4679,5046
7364,5413
5231,7832
5816,1441
8124,7733
1913,861
2246,7094
1835,6520
758,4
595,7924
7231,5674
5686,4741
3138,1610
177,7770
351,9173
8913,5406
8580,3352
4413,1014
9756,5963
3127,1127
6517,3241
62,6627
7128,5047
8891,6442
6420,4876
3355,6484
3706,4996
4929,8843
9148,4952
7949,3004
6787,9075
1996,9588
7392,3646
2428,7357
2518,6247
9288,8038
9075,1075
1804,2451
8725,7226
1982,8060
3116,2688
2591,2716
2632,2441
8284,5013
1012,3494
6016,3626
5479,1569
127,8094
9214,7365
9170,4848
6342,601
2203,9065
1956,1555
9146,8037
7394,875
9671,4053
3795,6055
7994,7135
5396,6297
3641,6353
5865,7808
7704,6406
4140,2681
7179,2810
4401,1046
4606,8710
8594,6926
2461,7951
5426,7832
1743,2272
9515,4211
5567,6414
2631,2329
1588,6928
8766,1020
1524,4902
2010,7534
9179,9809
9037,2472
9757,8244
68,2297
2053,2655
5985,9432
8861,6425
4861,5062
6759,7195
7257,8890
9865,5333
3208,81
6157,2947
4371,334
4096,3735
8967,5801
5771,3944
4631,9377
2123,5289
1046,7983
7571,4665
8745,6828
4947,9583
8633,7948
182,7171
2560,9088
9708,1266
7289,5952
1517,2837
4611,9298
4298,5922
5562,9261
4661,6688
5182,4694
1122,4906
3150,892
3555,5001
9033,5717
8914,8389
3905,5876
1984,7572
7424,6710
318,7627
2316,559
8951,1880
3592,6850
8747,5467
7618,245
8041,4199
6392,6976
9376,4037
9956,9653
8651,7646
8109,951
4494,2605
2331,7334
1109,8158
1489,5110
8299,3758
144,5789
4427,8584
1066,5705
9161,4765
264,5518
6995,5360
6712,3322
4869,2099
619,2245
8429,7161
7079,3866
2185,8288
706,7930
2109,6405
6558,3507
5502,9880
6890,1741
553,2186
5254,7276
3356,498
2903,7470
7881,6953
4236,144
4729,8458
3358,8448
512,5895
4593,9910
161,1410
4773,3774
6373,812
9360,3771
5250,9701
9406,5370
1790,6090
8482,9392
8968,6243
3153,712
3202,7324
8293,3593
9595,7735
2905,4830
2672,6671
6010,9717
1056,6276
6287,9972
5612,55
2899,4784
2913,3450
460,7088
9703,1120
5474,210
543,2378
2570,8305
6603,8976
4766,1235
608,7755
6201,725
1626,4812
7225,4486
9497,3599
1449,3413
8053,7989
4373,9164
1098,8974
3313,3313
8781,3633
3345,3058
1749,290
1460,2303
8026,1172
6703,2672
1290,8791
7323,1637
6864,5988
1778,7196
4627,6022
8026,7081
3375,3709
1941,3674
7511,7866
626,1268
9195,745
2506,5755
2358,2430
1163,1122
336,3525
3454,9910
4164,8713
9931,8479
5919,6616
8554,3985
6000,2810
3171,9330
4727,6880
8103,4230
3291,5411
2588,2907
8842,806
5033,4541
393,2841
238,1840
7915,4441
3760,6206
913,5138
9220,2268
7824,4930
2807,6594
4681,6266
3830,9015
1447,965
288,9248
3772,618
4754,1682
6996,4765
7786,9131
7325,1716
184,5106
7091,6472
4554,5034
6902,1803
6091,9944
6518,6725
5141,1282
2436,7572
7474,4738
1205,2901
6539,8351
5343,7360
4894,2385
8735,2831
9744,1331
8004,4240
7564,4170
7558,2210
1467,1548
8225,6813
4221,9769
2725,6353
4864,4582
9107,6742
484,1785
6935,6618
1563,2999
4979,1329
8461,5945
7038,1528
9502,6174
757,7604
1122,8198
9172,1281
7797,8007
6921,7415
3144,1738
1567,539
7772,9469
2647,2884
7446,8370
1266,6221
7076,6155
4769,1619
13,83
4826,7752
1534,3975
9241,1679
1141,5609
7948,6556
8093,6705
5653,9928
4746,3122
783,3372
273,649
832,7092
327,1418
1572,1799
4418,6479
112,352
4090,9851
9105,6255
2344,8047
4457,545
7885,2815
4093,2314
9227,8164
190,1492
6801,4872
4453,9459
3435,4953
7688,7059
1970,2631
4932,3730
4023,3656
4029,3379
8983,9556
7209,5331
6159,8506
9680,8645
4903,5749
6416,4840
7063,6368
8751,8490
2620,5741
670,1298
9879,2633
7447,823
7717,3264
1105,3103
4749,8684
7084,4405
7831,9914
4352,9496
4781,6413
2208,5639
5867,4042
7058,5206
5277,8419
8119,6724
1582,9795
6116,1888
7698,4708
1172,665
336,309
9158,4081
4399,9477
3962,7959
1120,4277
1966,1314
2912,8546
338,8217
6969,874
5735,8867
5913,1634
7039,4043
2809,3546
7968,7436
7731,7494
8843,2171
672,1981
4111,3782
5003,5678
8971,3543
7466,808
5547,6589
2302,4330
7847,3043
151,9360
5176,483
9789,45
3843,3839
9266,3158
688,9332
549,6646
5556,2186
6777,3295
8653,4348
1713,770
6718,109
8235,2248
2891,889
7058,9237
5016,1402
3373,3244
8682,5836
2278,5014
3640,6388
5343,2465
7049,7479
6011,1042
913,6637
2188,7746
7693,6469
7649,7527
9166,5514
2765,5737
2605,3688
2002,9161
503,1021
6003,5144
4825,8469
7663,2685
7905,4480
2220,2015
7297,6071
7245,4767
915,1014
9832,3105
2121,2947
7991,4466
5633,5588
7973,8447
9970,1511
3741,2871
4936,264
9481,5486
8921,7658
9549,2803
6543,4724
7623,5016
4080,2934
8702,6027
2931,7924
5364,2250
3766,5789
8017,6392
6814,2149
5717,9172
1705,1848
5429,9433
5413,7448
8962,7322
6777,4636
5120,5639
4930,7083
2596,8870
7012,6183
6472,881
2687,1514
8474,6346
5572,7003
5820,1080
4395,7079
9585,7353
7057,9706
3087,6790
1802,591
881,9851
5935,9167
226,8752
8466,7386
8179,5847
5450,8153
5241,2672
9915,805
8770,7628
6560,5776
4962,8665
6069,4509
212,762
8182,5503
690,5199
5227,600
1535,918
588,9397
6695,4343
2770,6340
5586,6855
6584,6713
5564,5836
2688,4847
1962,1479
448,9957
6342,8190
1869,8578
163,1285
915,7942
2097,8240
3437,3741
8970,6939
5637,3923
5316,1358
3584,163
5036,2745
5440,9191
2152,8760
8497,1786
1629,1373
8863,6460
8030,3362
607,6703
7356,1589
7179,1313
6845,9479
4135,303
4473,5050
3152,7165
6454,6293
821,6294
1531,681
3148,7324
3785,6928
6703,5872
123,9877
3069,7116
4156,7299
4263,4469
1459,8460
3902,9546
5087,9259
5427,3071
3307,3464
6819,2107
4258,5877
4559
82339
17514
28240
60123
17263
37270
67850
53564
75306
88904
57912
42535
53611
86394
64623
53674
62539
50147
80989
12515
54387
47937
40681
17655
68312
85667
69582
86721
67451
81394
90289
33377
47472
33137
1425
76265
8908
73326
79100
25252
15840
46128
49833
20407
6347
11155
45564
61032
21717
16848
9921
2835
59972
50304
47309
36590
69846
29562
71688
4353
30484
76604
25074
57659
48057
8987
82706
80592
24988
43650
54277
17877
20866
6568
47362
69448
60645
13874
64690
33784
67889
54062
18951
20154
20787
54276
64204
7179
43969
29649
49464
26282
64269
2061
64547
40192
48407
30019
49062
51534
3119
44923
15878
26387
29338
31310
40665
1895
40678
20354
3755
18787
18906
66057
36628
32006
44774
35557
12392
47922
11239
19608
8712
43701
5851
1234
41802
11300
59927
60132
10912
65835
12083
13461
60729
50295
13472
2060
50667
47570
55317
67882
46075
55709
26277
46481
32229
15183
12706
49430
15444
12690
39349
40374
20857
8515
60098
18018
20078
42974
8255
66331
8062
58525
66843
54281
44937
19319
21149
41712
11873
46884
61072
43091
17689
52262
33418
2607
63829
18764
20077
5766
34267
29631
46391
31173
39927
18965
3336
16406
1490
55099
56657
56610
18691
16714
52703
43558
50009
32304
7245
33358
15310
33469
23599
9406
44761
43165
42120
3688
27785
33441
54662
10341
24231
15229
40713
15529
19558
36129
28726
17923
23258
47106
50389
15688
12194
19571
10429
42359
49051
49294
14611
54500
41952
38494
19001
25405
17842
51574
7950
54147
33001
19432
25322
42461
40387
9170
23646
23631
364
6102
36651
14543
52180
44250
32630
26944
47288
28821
32056
18203
35881
3774
32812
47803
15592
23370
30368
36761
48436
27218
38180
33945
12662
30620
44524
45575
36024
35542
39353
3015
11821
7732
3799
20959
34607
23363
26350
25609
42601
43362
9666
30681
3076
29431
3025
35985
44920
1963
44163
41979
31566
31102
3590
36270
36161
8009
34824
41823
40765
8868
21806
21841
27017
23899
28710
6515
27360
7572
37923
10498
14229
38624
5365
30873
18676
38040
38305
17271
17696
27605
33045
29644
21572
31857
32674
24376
31948
18476
34537
27431
22052
11559
22167
28662
26736
36856
1022
16967
1261
34746
1058
22399
1402
38626
25387
801
17638
33915
20972
10618
32312
2288
32764
1234
7971
14674
2085
27307
28025
10158
5326
4904
16786
29408
23450
23992
1592
37642
31264
33729
32344
10592
25317
17995
36125
35590
23542
14304
14023
4301
8011
34890
16126
34687
30721
30339
6565
