811,501
623,427
454,670
948,480
272,301
461,416
699,921
701,672
778,337
629,450
143,984
505,839
796,356
933,510
589,367
737,617
673,259
755,838
649,306
224,639
727,274
939,317
24,772
528,321
429,590
532,678
969,798
898,983
666,623
789,221
847,131
19,362
519,397
718,490
572,271
641,773
190,621
254,659
617,998
760,458
616,510
295,375
418,320
498,908
760,201
2,309
96,948
956,70
999,526
531,320
80,498
600,651
284,187
635,726
254,693
357,877
328,163
471,197
560,711
570,84
156,521
908,15
893,517
73,250
392,35
369,451
464,67
884,283
83,52
985,844
770,853
228,654
487,17
425,448
504,684
25,88
827,821
498,860
435,596
161,705
485,886
539,86
371,703
511,15
49,781
39,782
752,482
389,431
942,683
428,956
984,29
709,731
903,793
466,672
868,385
125,432
604,930
449,924
932,21
968,644
352,787
609,426
886,283
600,379
785,214
914,819
849,647
484,343
705,684
103,519
407,258
492,86
145,38
532,517
875,233
886,821
736,195
608,250
296,816
571,208
251,960
317,259
134,813
553,220
248,302
980,270
304,300
936,496
841,191
118,838
285,164
738,66
240,646
457,1000
996,935
849,258
789,169
84,422
213,670
392,206
485,989
673,680
625,50
678,269
873,939
380,708
315,30
772,217
331,424
729,343
396,48
99,887
562,786
59,180
418,382
521,186
318,883
271,714
741,21
264,705
556,869
566,533
820,981
863,286
116,285
416,379
445,770
879,727
321,316
576,564
237,361
942,345
975,862
644,987
768,330
53,599
725,225
141,940
372,165
276,704
51,634
628,197
956,601
564,818
162,8
684,67
60,90
135,449
774,925
626,41
120,820
688,810
776,447
683,52
458,119
614,937
920,863
183,984
492,432
675,305
256,776
724,506
854,155
264,719
235,139
710,8
693,200
815,650
381,478
830,394
169,722
402,440
3,432
738,247
881,239
542,623
559,553
399,601
371,351
889,37
843,176
308,353
950,652
142,257
707,483
509,270
567,472
486,454
67,142
975,476
638,387
686,272
993,894
291,199
23,572
606,593
262,476
923,366
877,534
428,740
296,377
895,191
976,702
489,731
933,109
185,932
868,310
664,326
807,978
658,883
818,420
841,749
680,839
123,932
233,958
535,536
970,196
473,720
781,367
331,920
496,346
843,408
161,436
485,963
745,387
952,288
70,180
69,893
323,369
503,368
738,357
994,85
370,522
467,151
568,315
200,243
113,776
341,627
731,126
437,470
854,859
904,974
405,981
894,508
268,704
621,607
639,645
87,564
501,150
896,207
879,531
505,17
304,782
532,597
317,284
135,626
355,346
727,477
86,592
126,13
515,939
513,760
461,266
563,689
228,296
743,382
234,536
841,566
645,787
277,343
259,821
2,830
287,353
27,284
276,229
3,71
411,336
143,569
563,45
569,236
76,917
198,684
372,283
80,861
723,64
593,649
165,647
140,468
751,308
477,652
202,355
102,632
559,60
435,29
115,862
793,194
53,325
265,295
129,846
279,806
339,840
798,679
357,805
658,783
160,675
205,600
66,18
982,514
992,356
740,185
546,188
309,892
148,89
872,831
98,971
2,524
575,478
901,562
45,307
528,470
419,177
32,420
981,489
908,993
975,974
508,220
345,62
636,430
658,362
696,106
265,259
207,40
997,598
320,45
219,456
540,914
757,721
824,398
227,352
142,667
551,782
968,619
880,28
15,501
212,697
63,380
937,329
786,890
882,718
973,874
414,622
741,476
570,750
504,808
101,490
98,585
64,314
369,710
144,286
868,89
892,545
311,236
661,37
176,420
32,283
147,740
650,690
736,778
650,635
340,316
797,52
658,257
278,215
646,100
237,222
211,581
508,738
375,130
559,643
153,630
55,876
954,917
422,209
852,338
875,170
409,29
19,784
751,752
318,636
404,835
249,605
779,327
816,472
536,11
640,175
9,365
10,972
939,861
47,310
524,352
210,312
69,307
52,977
94,325
907,669
819,254
392,936
441,875
769,666
61,694
313,48
797,686
495,491
679,891
617,14
931,130
22,486
96,615
418,245
821,398
96,346
777,334
21,781
352,47
688,317
192,296
632,65
993,569
916,327
790,231
150,346
588,466
861,628
241,854
655,423
191,606
667,982
178,917
9,410
403,734
8,300
967,929
764,693
721,32
147,972
553,47
785,110
5,471
900,184
508,931
272,232
419,775
801,200
870,373
381,85
468,656
916,101
581,489
539,947
426,827
207,509
310,351
3,371
718,244
206,381
219,550
260,881
977,441
179,58
958,365
245,386
106,921
744,939
466,345
119,981
791,496
98,640
381,200
858,421
3,925
53,963
297,434
730,826
717,629
417,189
422,923
525,555
878,447
311,79
20,423
632,938
295,164
78,391
141,7
96,830
909,212
334,534
743,685
807,266
981,438
248,954
649,375
625,429
430,384
155,545
177,668
369,637
782,942
365,462
147,514
409,252
548,370
911,517
620,193
902,399
743,832
821,177
160,539
227,956
744,174
885,699
889,189
748,701
704,599
98,512
44,565
623,733
567,876
714,120
112,605
543,60
68,684
86,513
691,28
218,40
746,245
226,676
814,636
622,603
219,206
100,248
648,549
379,180
758,295
733,24
992,818
26,558
907,65
390,467
97,317
887,55
578,784
632,269
693,327
146,922
613,124
532,628
294,445
969,507
406,59
393,415
145,629
888,757
429,508
508,428
87,251
497,713
387,816
761,604
10,826
390,495
340,187
393,296
324,437
737,10
591,42
87,386
935,243
157,119
116,132
720,290
540,468
443,705
346,433
739,449
220,232
566,352
445,493
838,394
201,35
20,873
552,571
963,393
752,134
844,992
578,985
887,642
537,776
212,148
917,770
568,823
676,700
748,891
686,316
281,328
737,315
170,254
168,617
948,949
890,884
362,452
494,783
851,190
824,927
388,519
312,151
366,277
793,395
404,84
349,643
458,669
102,467
581,404
376,648
975,342
850,352
911,539
283,270
490,586
610,485
68,84
260,567
926,381
640,360
943,14
658,330
387,920
999,220
831,165
343,538
104,331
942,404
371,863
304,684
76,333
81,26
893,775
753,111
66,973
248,556
873,688
641,624
902,793
402,925
160,319
783,666
276,388
507,341
30,845
286,119
913,467
574,539
202,490
174,810
773,376
355,772
994,718
831,451
967,585
252,693
717,305
170,396
879,917
344,963
687,632
860,497
421,97
699,884
771,942
761,617
32,460
154,550
460,530
539,962
292,695
736,519
877,91
392,452
953,40
650,63
110,249
674,930
111,935
815,542
401,100
834,574
530,929
777,785
804,249
474,439
831,446
288,133
560,20
417,596
479,829
911,413
803,483
171,246
208,211
901,68
725,178
237,712
707,499
79,600
290,954
156,962
623,750
532,508
481,374
187,719
271,187
64,638
828,386
749,541
190,967
79,221
815,723
920,240
888,507
689,736
199,189
561,845
311,677
872,687
121,800
613,778
750,160
676,682
474,938
496,705
650,811
245,745
76,924
988,527
917,915
877,654
577,435
836,640
754,755
588,961
388,393
342,563
686,225
560,65
978,174
858,502
195,328
42,483
551,49
60,644
101,907
831,388
651,689
717,490
778,799
936,964
856,786
327,817
948,497
282,252
240,920
454,836
388,697
284,595
606,288
437,87
828,922
675,413
736,162
358,754
324,456
884,291
798,247
700,805
74,363
759,978
733,589
316,57
165,323
715,927
832,389
765,93
96,295
810,490
279,325
361,716
510,53
825,670
369,110
702,859
344,868
61,162
389,327
508,79
757,616
960,229
121,498
688,676
940,56
584,65
952,469
925,224
311,567
610,107
136,671
312,672
133,3
652,55
949,555
362,360
490,451
233,963
826,973
265,277
151,193
580,397
764,165
848,124
794,507
851,437
627,967
328,900
694,994
885,319
196,224
933,559
951,874
474,857
525,306
264,642
624,645
465,885
15,374
689,623
846,855
760,632
248,834
824,321
736,699
316,105
158,549
370,898
429,72
418,419
563,59
157,818
988,315
513,562
559,440
862,632
520,836
763,48
80,573
781,664
6,32
135,928
844,627
48,420
624,750
280,720
752,860
967,374
381,111
986,418
177,166
476,240
352,326
247,334
755,667
965,427
913,852
157,34
124,45
567,555
282,645
222,31
665,85
177,80
12,905
809,477
768,423
19,47
895,396
714,413
355,103
619,374
36,205
41,27
732,580
25,956
483,667
927,148
112,773
908,247
640,975
548,30
143,926
587,87
164,124
11,805
849,773
904,384
35,718
805,389
865,582
296,209
295,148
734,272
809,461
398,418
433,867
109,514
61,434
584,125
78,267
790,295
683,208
37,92
434,945
999,73
380,561
946,850
301,119
890,245
106,981
28,979
240,336
227,356
175,46
656,895
998,107
835,142
393,816
388,144
6,234
811,955
927,255
504,1000
908,744
944,855
882,888
782,729
996,381
910,876
94,589
530,615
152,892
728,745
282,608
638,892
17,10
534,610
242,402
284,760
942,367
45,52
279,153
129,100
276,48
765,230
389,27
674,899
144,555
566,543
514,694
702,494
559,319
608,152
868,875
222,462
719,544
738,883
574,360
451,207
781,889
600,128
635,696
510,14
592,165
590,295
509,955
862,461
857,637
378,975
810,585
722,973
567,334
378,164
499,914
146,663
944,134
168,939
177,318
66,231
218,912
235,839
739,169
807,446
203,643
523,788
252,700
764,36
451,253
393,324
863,343
730,24
926,344
803,799
339,280
6,541
304,165
153,703
404,852
156,448
267,427
542,636
863,868
315,560
366,973
969,880
136,626
694,858
880,76
940,591
215,644
424,688
985,706
353,400
299,724
550,658
407,667
656,21
319,991
982,236
249,760
221,438
81,189
652,172
298,264
724,733
824,700
574,401
315,883
108,474
16,150
376,435
643,993
283,87
688,270
935,779
804,471
101,341
343,94
851,490
999,616
333,649
114,97
402,76
1,236
435,746
382,433
150,976
475,874
588,819
628,981
234,395
591,634
702,441
781,830
254,216
65,33
647,547
468,284
361,828
808,792
34,93
102,934
693,855
92,755
710,643
465,409
998,47
290,219
171,560
486,399
53,733
187,179
851,164
935,603
469,793
165,766
389,766
514,980
363,825
319,688
210,506
557,896
105,431
514,455
783,39
41,554
370,993
549,494
735,559
972,792
450,533
380,329
2,873
553,237
383,936
561,784
296,900
34,348
407,352
465,177
479,767
619,125
583,365
654,789
386,494
139,10
708,515
479,417
123,357
131,826
813,839
656,829
805,364
162,109
228,368
104,43
121,759
497,355
163,430
90,19
527,890
514,293
322,609
890,563
885,992
158,686
664,466
74,593
448,960
347,709
529,787
612,74
936,715
113,913
669,496
762,780
340,453
75,76
500,834
396,129
373,400
452,916
290,51
242,15
356,784
218,615
63,48
437,264
426,105
259,266
450,283
768,745
437,185
538,795
230,334
561,496
93,975
457,398
615,565
375,807
297,847
778,742
607,207
46,537
266,125
559,193
582,739
340,451
469,402
861,58
669,830
526,518
884,808
795,314
468,239
694,391
642,416
580,138
53,885
742,280
736,546
871,289
679,789
302,23
903,82
96,214
420,398
518,953
791,903
565,37
565,641
934,222
421,863
481,116
844,656
975,894
415,195
554,851
352,478
73,553
268,122
76,400
886,427
313,80
513,205
767,874
490,487
30,537
252,231
77,232
805,769
263,55
363,494
746,542
311,955
160,898
44,385
903,564
143,455
537,349
596,528
855,428
697,728
227,360
801,661
166,476
792,358
276,676
536,884
761,335
966,731
668,471
660,389
489,564
315,559
244,193
921,112
375,608
369,599
375,540
398,628
247,775
121,649
882,876
821,401
861,612
278,440
239,772
59,194
742,836
7,723
275,22
585,986
453,550
848,721
100,49
523,394
117,736
754,40
504,980
446,810
704,609
245,444
706,674
720,434
8,209
722,121
304,554
368,796
21,975
373,878
484,491
754,502
390,797
48,418
520,125
292,871
313,950
579,234
185,762
306,533
453,635
845,632
312,671
455,517
625,66
63,4
926,291
885,688
884,301
182,33
586,306
172,307
669,186
422,892
908,178
605,636
479,135
635,263
372,550
592,22
976,715
992,849
165,234
86,684
270,176
618,34
803,846
750,19
433,841
172,700
667,634
981,209
59,4
826,389
591,447
680,386
270,772
946,438
808,958
395,222
424,78
802,669
509,739
743,872
91,217
208,863
905,657
306,596
563,54
869,159
539,434
368,431
345,281
286,994
470,707
991,308
743,11
179,690
898,765
772,208
299,970
364,840
455,362
537,365
328,479
308,158
357,697
152,744
926,896
869,785
829,99
717,671
718,137
958,85
88,591
141,377
710,109
996,113
760,873
259,620
296,527
303,952
150,662
769,637
170,805
189,57
838,377
113,476
150,838
610,604
129,766
104,406
863,428
693,555
778,226
704,684
582,716
919,286
767,270
641,687
733,224
436,596
128,449
278,967
442,847
618,873
178,57
60,977
540,174
543,749
567,835
607,494
538,566
620,134
721,858
205,998
46,87
544,806
580,1
574,754
133,415
561,539
297,782
672,339
273,604
692,379
666,870
337,245
511,449
311,878
187,643
833,423
49,478
140,235
414,990
125,468
993,681
354,300
675,784
782,951
871,787
847,152
22,805
533,398
333,205
262,72
596,822
649,329
345,332
652,496
485,707
489,952
344,8
922,599
336,659
265,705
934,997
210,753
980,505
39,513
759,769
362,365
162,527
246,554
287,75
243,766
714,23
770,550
175,474
404,614
652,16
903,939
651,71
55,66
182,244
494,933
368,6
763,715
516,954
65,199
269,58
134,583
669,202
856,435
338,521
260,266
48,804
559,278
975,278
19,977
797,290
108,852
718,412
192,56
559,134
572,919
522,118
560,58
583,449
130,117
855,732
363,49
437,444
595,22
33,957
36,170
160,731
533,164
237,137
886,476
389,878
493,58
413,275
101,929
686,533
736,91
88,492
182,630
845,565
856,674
840,521
282,262
962,457
850,541
876,35
265,274
35,642
971,870
280,704
266,722
443,381
808,132
268,739
837,182
692,129
764,739
229,43
530,947
846,172
185,180
530,584
653,507
574,125
937,267
757,588
253,121
461,367
847,125
322,681
924,896
810,257
93,965
332,12
170,563
628,239
742,415
669,447
325,804
83,570
246,47
947,641
555,66
918,415
850,584
19,631
450,545
753,8
43,693
386,678
918,379
359,472
535,219
655,352
756,628
674,612
770,586
501,70
860,299
553,544
551,649
133,86
245,117
403,41
632,353
289,589
128,710
522,557
493,497
160,418
481,225
504,56
455,638
32,659
226,46
596,85
358,780
309,159
187,233
489,454
398,911
503,866
308,780
527,372
907,575
185,19
458,716
637,107
532,528
356,66
74,332
709,66
284,377
234,549
39,701
372,687
261,734
737,691
950,41
112,626
189,687
570,972
784,984
816,639
177,534
344,318
478,184
563,883
325,378
380,688
445,995
901,308
152,357
112,45
817,227
692,564
657,541
121,32
120,305
495,116
830,216
794,331
746,196
479,554
304,956
594,390
805,395
566,131
101,936
275,973
489,5
937,992
129,650
145,956
2,72
64,212
347,552
955,125
515,103
321,953
765,593
904,406
76,515
39,159
850,270
192,996
896,72
436,980
97,487
611,575
896,546
231,844
225,41
986,97
828,358
46,914
194,903
669,488
20,740
98,715
853,999
727,753
53,365
994,71
339,143
651,976
632,73
557,930
893,262
122,873
69,7
940,93
715,243
604,278
403,454
570,187
328,108
826,639
547,332
643,974
451,784
651,938
268,216
814,394
694,128
268,821
626,46
179,636
791,977
65,625
225,933
685,86
941,310
759,395
171,426
133,160
390,88
215,752
572,965
974,608
39,678
792,184
747,707
63,447
310,977
263,720
957,129
359,176
394,728
241,723
389,891
915,933
681,868
228,972
37,374
875,322
228,798
388,995
452,721
121,4
839,899
607,538
671,132
500,418
58,755
315,555
217,96
489,242
815,616
933,847
973,634
523,21
368,606
418,740
538,435
100,601
929,885
46,844
922,119
642,432
696,111
883,553
71,458
40,953
395,84
498,93
52,607
521,499
861,439
431,706
163,883
601,813
114,832
14,525
998,124
673,398
407,833
286,201
749,927
791,973
487,672
313,356
105,321
348,983
681,370
994,408
907,510
558,793
779,818
171,756
573,49
228,622
489,674
830,973
453,311
745,428
156,834
356,95
461,635
648,963
78,723
739,752
53,479
521,565
97,952
219,325
624,332
990,825
217,257
350,22
619,339
441,930
78,783
391,554
316,761
970,942
125,618
273,827
33,739
898,82
162,426
986,832
605,477
989,764
604,85
783,755
487,382
464,141
634,942
630,869
552,438
447,893
409,960
164,444
713,990
65,451
106,719
522,840
472,312
697,930
132,274
171,798
768,472
569,716
167,320
912,718
131,798
410,974
352,697
897,12
516,631
144,980
284,711
769,490
1000,733
574,67
925,722
689,961
747,374
946,804
861,330
776,940
876,40
699,957
222,692
720,148
141,307
658,765
868,700
851,678
516,142
733,270
366,614
476,305
725,810
545,656
222,846
251,363
166,344
95,269
3,910
177,174
853,770
992,39
243,300
54,529
964,376
674,506
373,657
546,545
449,59
992,592
449,441
303,526
420,426
527,97
70,727
121,108
598,19
894,750
732,56
243,37
325,541
413,270
409,364
656,90
486,41
254,507
388,650
202,472
592,635
231,204
925,762
898,359
533,458
344,426
349,73
573,351
409,828
8,961
716,769
412,296
801,19
136,747
831,349
142,306
740,388
688,404
508,833
992,307
509,367
545,70
158,535
521,153
441,714
943,152
671,541
120,556
330,96
42,177
106,569
335,690
630,471
800,171
393,363
940,95
569,98
893,97
238,23
173,196
949,234
243,423
878,399
590,762
184,970
83,378
83,658
381,988
256,668
40,336
315,558
561,649
210,807
334,580
86,889
700,706
735,942
596,649
162,600
955,60
515,148
969,162
289,68
294,769
385,54
507,921
970,118
723,351
507,166
385,115
970,836
160,932
810,581
865,263
972,430
802,302
729,510
53,482
474,286
687,753
563,908
663,818
329,46
595,109
967,38
819,12
399,465
608,179
745,797
578,26
417,400
683,267
831,136
633,461
548,519
989,471
245,682
535,778
750,634
435,454
703,903
797,335
632,639
470,827
648,203
430,36
930,114
305,347
951,986
281,381
479,458
51,978
846,937
983,64
535,516
193,644
251,511
506,654
569,711
512,611
655,779
601,273
176,663
802,510
350,865
951,575
617,959
27,631
762,552
214,641
420,796
710,108
163,606
44,445
758,347
540,873
955,91
404,640
311,591
316,467
807,373
52,159
394,633
920,545
985,283
848,728
918,134
508,950
731,900
972,64
632,877
545,64
777,733
172,384
866,390
738,415
117,900
320,292
506,655
980,573
759,314
212,804
943,454
247,634
791,283
909,507
360,472
93,333
814,302
868,206
3,678
563,688
373,360
70,732
768,551
379,629
517,649
216,924
792,872
159,849
624,742
762,862
548,605
414,306
37,483
642,881
9,144
883,14
311,954
235,490
414,441
984,161
692,735
257,26
724,252
703,7
538,35
65,417
465,859
393,270
101,374
231,724
530,320
491,342
690,300
96,814
897,361
390,475
45,131
522,989
232,597
609,834
40,626
943,567
908,460
470,644
582,552
671,619
902,111
152,433
490,783
179,805
306,28
686,511
616,192
689,986
986,581
843,396
608,896
938,90
180,421
710,812
782,942
963,19
404,920
783,555
925,271
970,316
7,896
708,953
977,57
529,133
85,179
478,820
329,95
317,917
443,600
948,403
710,419
4,908
786,223
477,939
370,196
666,719
984,344
651,387
3,705
87,175
965,247
810,942
169,8
629,819
626,468
988,895
772,846
822,580
254,247
101,434
269,60
261,618
291,361
709,58
569,50
712,759
901,839
117,520
588,798
764,294
458,448
162,883
920,10
788,573
736,464
678,309
361,74
843,420
857,286
754,965
489,303
182,242
462,987
497,688
433,10
649,403
347,748
44,304
466,523
935,620
519,599
544,84
675,45
142,648
157,914
295,684
967,396
858,144
320,900
37,448
497,717
138,771
156,692
901,139
456,876
609,932
45,556
167,311
868,759
489,593
563,689
911,505
694,77
239,149
66,1000
803,392
381,855
23,392
377,935
593,425
227,635
238,928
919,195
808,385
103,580
564,523
986,800
549,374
740,252
545,624
86,821
766,412
792,934
396,333
837,70
556,690
708,288
553,400
739,822
358,793
804,123
355,25
224,641
800,725
664,621
239,986
177,463
111,362
239,175
363,264
693,5
86,772
805,212
192,202
937,292
640,710
896,577
57,227
157,826
189,95
218,288
215,285
489,126
622,290
721,662
385,940
151,166
179,518
533,193
671,500
563,886
481,206
681,734
577,143
554,129
352,862
662,725
237,684
305,733
683,796
329,189
560,65
183,943
874,747
536,580
83,504
574,999
514,641
77,801
468,528
689,966
290,233
928,659
976,923
566,41
701,803
337,417
746,244
257,113
187,708
612,998
437,642
873,206
537,67
858,221
530,242
104,861
425,8
172,255
425,322
89,928
459,929
171,218
80,763
483,368
897,761
95,441
576,357
904,263
848,847
904,384
937,618
362,374
730,157
856,32
163,354
416,228
58,59
690,719
489,900
995,48
138,249
127,723
387,520
735,987
366,195
820,548
228,531
756,75
237,238
421,304
955,526
417,905
857,250
562,191
175,472
821,107
104,687
238,866
812,105
538,155
414,919
644,52
146,528
399,708
860,704
738,439
790,181
381,517
829,598
667,364
87,276
994,430
132,715
28,959
458,900
301,1
861,139
123,213
666,515
883,567
698,424
690,923
211,697
624,250
22,981
534,918
336,903
982,989
946,188
560,305
854,599
482,412
476,422
667,825
17,777
57,676
518,777
507,61
589,915
454,640
299,177
745,960
345,873
86,902
447,641
821,449
363,744
956,331
819,311
941,816
476,282
300,893
992,223
1000,407
181,903
449,523
719,521
183,975
300,836
955,24
124,933
766,333
343,139
795,457
165,525
578,860
993,865
445,220
806,490
939,225
917,420
84,768
747,122
536,14
242,999
948,399
778,72
527,891
29,379
843,348
595,977
426,307
733,752
140,317
66,163
765,140
130,522
820,350
377,866
162,175
137,973
193,51
615,486
779,175
162,563
897,917
219,829
477,189
937,415
459,133
755,899
466,182
616,892
956,66
556,17
206,533
554,562
437,702
620,502
3,29
964,769
601,869
14,678
118,302
688,131
260,55
106,706
651,838
482,288
358,203
507,306
993,583
842,37
978,918
309,509
247,208
228,690
341,446
213,569
675,756
611,31
757,575
423,945
342,419
459,625
91,387
195,199
929,293
454,845
627,794
12,678
226,672
411,660
131,277
601,503
994,809
364,595
189,288
466,450
110,886
103,129
799,690
448,357
208,260
984,821
207,784
705,154
652,298
207,608
252,142
912,241
92,374
862,898
591,892
494,992
264,798
453,920
599,285
803,208
277,42
568,393
64,649
452,744
764,745
340,507
110,614
24,753
109,308
483,330
672,986
276,186
893,718
424,449
917,722
743,962
245,337
149,312
703,208
934,51
510,553
159,272
76,158
316,523
995,538
352,524
477,754
100,787
906,4
670,871
953,906
170,756
700,941
124,686
870,882
992,610
53,483
778,853
712,723
478,642
50,944
593,751
177,137
846,996
359,93
175,518
857,465
990,315
639,811
598,235
270,670
186,951
708,788
992,44
407,301
908,410
952,90
669,42
102,897
265,277
211,15
859,819
295,932
712,547
370,36
606,472
358,333
232,642
830,549
37,189
891,469
706,633
169,26
412,595
528,727
287,548
512,978
952,529
809,653
23,350
95,864
898,296
596,799
763,717
704,440
831,354
845,895
270,364
526,522
177,945
250,754
277,481
115,672
882,669
970,152
727,384
787,107
871,93
399,6
335,517
385,269
128,715
888,939
585,98
934,866
910,167
570,709
950,219
61,741
378,826
240,540
336,642
574,835
708,358
995,327
889,592
173,849
757,190
116,517
885,620
257,787
791,739
248,795
21,125
809,606
176,975
512,460
743,473
432,618
846,683
357,47
930,731
209,428
902,343
75,365
556,798
612,775
922,318
100,275
704,541
183,905
277,721
24,291
563,691
117,547
935,828
760,156
701,303
497,703
617,725
802,777
860,865
175,262
851,31
878,401
983,624
326,73
249,782
873,449
491,202
792,331
792,334
512,775
941,659
92,760
955,503
282,429
679,837
581,716
69,532
714,388
659,851
671,642
397,232
493,10
252,222
954,395
817,678
652,975
777,667
796,74
189,483
200,28
127,930
131,114
444,897
479,613
893,186
358,240
42,440
567,478
173,90
736,251
926,623
65,578
182,383
961,906
506,5
275,812
456,642
407,363
901,50
44,516
174,522
866,747
968,120
309,989
943,242
999,411
25,360
993,658
798,813
790,541
709,146
229,404
630,449
8,179
967,389
613,13
314,879
209,185
961,651
56,574
112,784
890,14
495,721
348,865
592,55
7,277
586,131
585,188
981,555
572,723
521,329
578,505
256,152
50,1000
512,83
780,444
307,790
983,840
780,347
869,189
210,305
599,24
509,330
47,254
217,805
296,261
965,320
764,100
385,892
782,654
137,467
393,974
823,229
555,450
824,120
8,557
303,620
685,37
648,869
773,725
29,770
581,394
649,954
609,779
991,623
502,668
53,345
81,269
915,484
90,417
619,549
112,463
305,930
565,593
917,407
350,625
794,556
851,480
141,124
467,226
605,162
541,599
832,767
766,249
486,419
124,511
83,58
167,935
906,635
274,532
680,853
276,784
690,582
576,654
581,383
577,357
766,557
457,896
32,554
140,437
989,307
878,148
460,484
533,518
132,774
947,363
149,859
197,868
763,360
881,788
77,489
664,928
160,670
384,219
875,106
204,295
990,724
267,631
777,147
457,413
664,403
738,516
511,469
598,883
352,519
980,88
126,402
729,517
365,439
738,630
776,458
263,445
567,507
934,882
400,122
931,35
126,226
4,996
952,32
194,786
630,344
537,591
161,553
848,191
5,509
906,317
410,565
962,218
71,621
611,606
413,588
59,798
963,21
18,553
229,720
303,963
983,415
873,559
56,948
618,965
493,803
422,218
96,881
62,649
87,350
590,177
546,231
13,810
147,86
52,87
541,754
904,485
428,476
816,394
434,659
74,507
88,721
634,903
553,670
335,421
955,663
20,193
557,561
118,527
169,88
331,613
359,982
362,15
690,348
103,83
395,425
874,636
389,418
643,567
705,618
20,499
460,816
876,451
487,399
312,943
648,376
243,629
734,292
636,665
367,849
702,352
584,188
257,414
33,365
23,942
771,508
946,37
619,719
742,911
189,488
803,356
170,130
11,297
140,299
284,3
221,742
206,266
249,331
852,188
60,66
593,801
859,192
312,371
609,122
200,773
336,937
781,507
440,974
985,711
590,106
270,695
234,952
82,799
466,912
759,237
58,666
678,575
435,173
149,760
911,231
906,816
967,188
644,716
583,8
372,1000
296,676
882,416
159,517
986,470
662,7
899,440
388,989
476,339
650,384
918,88
436,144
201,772
421,990
176,670
176,456
199,693
485,58
238,941
633,499
575,3
766,114
510,942
237,148
868,401
228,796
41,446
359,935
90,354
620,165
527,625
857,153
583,94
799,610
592,441
500,553
86,407
855,244
201,952
983,672
261,60
345,148
197,827
405,719
666,151
534,473
525,151
347,453
708,279
223,723
44,870
291,493
65,842
579,590
746,186
683,364
184,372
558,850
742,198
78,778
238,192
754,779
317,224
319,878
261,342
400,133
73,965
222,315
841,987
934,169
573,783
405,730
625,644
616,766
555,826
150,932
714,597
804,95
642,818
43,748
47,229
697,642
805,352
53,384
890,749
131,417
256,567
447,698
728,755
63,513
87,942
455,349
688,833
51,804
729,818
70,984
389,532
624,169
762,515
841,914
980,707
230,953
587,187
599,951
783,148
764,533
625,458
232,775
192,381
386,609
240,507
159,97
455,241
21,631
268,341
141,190
515,201
78,944
716,772
482,941
994,389
55,670
726,537
531,676
369,52
699,930
726,415
519,623
258,947
982,784
149,295
667,761
62,399
292,434
414,601
878,123
607,555
119,414
277,720
834,635
27,421
879,181
942,157
426,661
873,508
191,278
519,608
22,363
797,782
506,998
347,294
578,984
704,230
598,624
847,578
248,510
999,386
487,298
631,993
715,536
510,368
612,776
663,155
158,592
74,167
194,635
93,39
646,592
371,457
552,3
904,933
164,118
184,863
553,663
657,864
707,73
540,124
880,295
31,549
698,384
158,144
904,262
989,889
590,85
435,836
89,837
519,963
377,577
727,465
964,862
976,223
764,687
360,135
403,104
987,724
542,615
720,751
96,954
969,673
732,576
546,671
907,361
351,496
937,832
273,606
927,992
319,887
803,423
283,206
364,270
81,890
241,22
842,769
896,773
412,134
620,816
966,494
462,111
643,891
54,994
913,436
332,144
578,754
5,499
136,620
508,967
350,867
770,622
95,474
492,476
311,169
891,704
886,293
201,959
590,68
178,861
459,888
619,699
831,108
627,930
916,494
481,478
899,314
158,334
858,939
806,611
245,980
276,802
663,511
210,41
129,79
508,369
640,354
952,389
239,363
147,725
921,727
681,43
335,444
386,584
379,305
592,308
343,111
780,541
917,381
455,280
821,768
13,409
672,251
886,94
141,935
730,240
771,747
853,755
416,497
813,39
253,627
103,83
368,353
222,370
814,731
51,503
648,128
81,573
135,485
70,287
857,139
268,563
695,294
688,868
670,433
530,681
661,465
649,598
535,41
658,745
110,945
540,761
535,574
386,63
760,41
354,189
350,675
46,369
592,19
133,786
770,414
449,502
587,197
221,804
454,397
205,534
412,189
859,798
382,818
692,899
507,579
134,432
283,517
697,140
777,919
246,326
129,152
462,951
580,492
930,825
803,565
371,983
440,939
283,444
902,698
658,983
321,692
916,623
578,826
826,666
22,345
632,850
153,202
48,22
590,479
850,128
295,654
911,415
834,979
354,560
449,485
960,259
525,376
241,773
924,759
586,679
95,540
217,506
981,933
736,119
836,843
377,429
681,261
470,541
870,694
822,602
164,428
644,7
814,848
252,808
699,981
398,504
45,638
425,626
276,811
383,371
199,392
409,544
481,588
189,252
574,883
260,388
655,48
245,871
282,13
386,447
428,287
728,675
30,712
153,14
745,534
462,398
469,771
122,559
956,685
412,226
479,984
592,120
985,141
145,426
416,429
461,673
478,412
95,520
424,893
549,568
146,661
34,992
467,901
555,825
281,739
238,864
387,887
631,478
213,999
272,5
420,638
236,342
589,879
449,28
962,835
362,318
195,141
317,947
126,565
780,785
58,338
79,613
303,101
964,765
405,200
108,250
85,360
746,375
365,53
15,268
43,444
729,41
55,554
687,800
461,51
474,120
790,580
149,5
924,62
432,409
505,604
401,476
274,466
378,163
960,231
409,78
393,954
819,378
757,755
180,841
32,13
928,833
726,861
501,400
722,375
895,92
904,729
662,461
689,418
142,560
818,869
101,881
351,52
714,945
951,59
290,84
501,514
326,8
13,576
418,196
123,573
700,535
135,317
320,583
237,143
141,858
344,353
727,450
538,714
273,736
460,147
220,118
402,428
989,582
661,865
195,372
514,183
728,736
468,357
862,815
583,151
704,353
652,797
948,829
27,273
149,809
325,57
395,716
758,909
802,221
833,782
909,944
526,952
998,127
473,212
994,655
977,126
384,728
783,636
11,823
457,937
505,340
277,247
422,87
992,178
786,797
580,399
103,694
168,492
823,795
257,799
527,726
186,800
266,700
313,312
184,548
846,339
950,941
986,754
763,239
899,907
256,123
842,368
467,333
164,625
852,490
636,676
874,493
232,86
952,386
932,259
669,505
357,220
716,881
143,722
685,481
296,578
601,480
674,217
680,464
539,171
227,843
749,703
509,309
301,77
954,19
500,557
414,1000
691,984
143,650
209,142
784,839
554,29
19,440
486,496
945,932
1000,497
75,901
161,67
962,358
50,699
496,614
406,871
819,920
103,129
816,199
258,318
995,653
102,377
548,97
867,534
601,223
809,444
809,467
857,189
328,667
325,102
299,137
971,345
775,547
45,761
594,565
524,785
762,674
277,338
367,676
600,828
614,210
178,243
812,601
871,688
121,49
124,207
55,676
34,411
945,361
566,607
358,470
301,584
170,259
780,458
298,947
254,549
887,490
991,749
863,7
553,504
397,727
697,536
860,624
98,709
5,324
643,759
861,857
239,282
660,441
658,512
976,506
918,22
780,387
119,309
69,51
506,335
392,715
407,673
884,731
399,658
448,931
288,157
154,151
329,521
234,583
134,178
605,30
381,693
402,196
802,163
848,953
176,237
857,946
814,232
950,61
907,518
78,549
585,737
349,155
80,345
917,715
569,563
229,299
312,782
853,406
593,668
292,466
368,982
112,576
438,151
66,955
103,239
224,512
970,941
603,127
653,370
46,73
885,641
981,785
973,121
510,594
387,968
607,371
929,388
945,967
845,33
25,29
119,402
891,62
176,692
185,971
728,563
452,330
79,775
635,261
55,912
783,893
336,283
103,480
791,353
920,551
619,14
702,496
204,933
16,369
824,549
65,221
914,194
411,429
611,957
523,128
705,643
735,206
806,85
958,29
198,882
674,767
642,690
71,488
976,668
562,563
57,522
114,356
959,173
136,453
231,456
887,709
826,402
957,430
1000,8
526,351
117,984
35,847
33,23
712,731
80,967
95,656
5,258
284,218
155,557
488,934
451,597
327,844
255,534
415,220
423,998
368,863
73,701
411,444
76,510
620,610
178,15
978,279
444,809
126,972
762,733
696,429
91,977
720,585
836,950
461,78
698,889
203,117
586,900
94,348
210,799
423,146
727,18
255,130
790,185
254,19
109,147
419,893
581,733
32,248
659,168
206,923
504,340
44,288
820,1
104,823
77,626
36,948
383,459
143,292
910,75
898,660
452,396
355,259
374,803
165,963
277,102
889,944
732,313
824,168
512,942
511,499
865,624
916,233
95,259
962,879
678,742
828,969
875,114
698,870
837,239
724,899
89,12
183,749
815,320
68,75
338,998
25,375
198,620
720,764
772,335
944,319
882,891
308,884
969,702
826,936
497,983
830,604
780,573
447,411
553,350
838,794
769,255
289,990
130,345
474,300
925,590
460,981
583,638
223,441
585,553
591,818
810,875
136,543
215,671
265,531
346,27
390,52
248,788
687,995
867,914
694,807
387,725
148,444
778,874
966,100
102,235
362,322
344,242
521,745
705,7
132,101
734,283
717,862
58,820
481,789
882,536
826,739
265,240
754,648
765,143
657,734
845,252
822,588
227,404
815,550
227,377
898,95
505,80
159,444
637,116
914,889
985,298
563,732
67,426
805,518
700,591
196,625
532,419
705,865
172,975
607,839
143,778
238,787
75,604
628,982
160,442
751,372
883,742
113,691
282,963
496,505
839,644
806,726
902,348
574,723
686,577
827,375
325,340
580,432
373,954
785,476
59,582
547,894
100,635
760,417
659,603
881,772
881,214
809,697
224,342
259,236
280,727
573,642
848,621
949,134
40,124
81,451
515,849
475,403
146,586
778,263
24,281
425,883
703,944
170,62
801,524
734,168
362,193
482,186
255,874
998,432
188,747
793,685
656,267
829,456
542,72
322,474
908,889
294,823
258,968
823,749
948,924
581,510
552,155
649,453
456,173
883,98
481,81
196,836
473,826
648,640
519,798
43,737
474,857
122,32
147,901
505,270
138,685
969,209
552,711
643,785
81,777
995,404
1000,875
104,943
422,697
480,29
321,227
182,591
781,790
182,235
472,948
153,43
422,294
860,571
635,847
699,19
279,249
318,534
411,385
244,894
839,46
553,559
355,368
623,639
146,947
68,660
144,270
606,444
425,862
149,912
563,517
149,881
650,400
484,89
282,219
974,447
87,764
803,440
954,928
251,19
834,594
746,74
995,569
652,73
990,400
897,877
846,507
426,620
727,801
984,962
602,657
619,746
506,206
185,347
554,243
463,934
507,57
693,646
661,188
960,586
507,296
895,334
828,121
450,938
444,239
392,495
512,364
346,922
62,936
546,959
98,749
660,259
341,771
348,937
690,9
171,940
33,546
516,350
843,778
831,367
950,73
174,655
769,248
76,233
397,634
137,335
745,899
337,750
657,826
252,744
295,165
96,843
536,211
629,566
731,866
523,613
212,484
711,475
772,905
60,107
314,895
224,944
319,785
690,209
556,861
356,788
616,794
117,253
832,74
159,761
189,925
319,980
993,114
811,149
162,654
608,642
101,51
746,10
488,940
454,32
912,951
465,144
172,731
741,647
231,179
85,373
794,684
113,320
191,362
152,205
344,322
420,369
563,1000
535,186
833,820
943,89
396,395
656,25
146,827
196,330
57,119
566,317
620,44
478,270
955,316
539,349
555,892
22,843
40,446
20,409
190,707
962,470
353,575
567,199
776,71
620,213
596,17
334,49
541,536
324,402
564,945
357,621
362,334
415,374
698,65
852,631
256,388
816,74
823,461
732,67
727,505
659,558
352,30
582,964
667,442
823,466
689,98
125,91
100,737
621,900
860,676
394,763
791,539
665,164
345,874
596,761
836,920
108,73
980,220
527,529
589,74
339,519
940,639
157,426
281,377
50,369
757,340
436,128
870,654
859,67
177,197
238,156
989,521
98,191
526,235
876,773
715,912
651,238
635,591
218,205
16,201
453,160
408,298
434,852
648,758
862,898
793,106
942,873
245,317
225,959
4,102
851,309
310,703
90,480
880,894
964,326
700,922
499,255
284,638
583,511
307,843
908,804
927,60
988,550
118,577
983,961
807,240
969,261
872,146
511,15
901,135
645,728
93,401
270,175
834,731
320,611
396,301
341,977
934,873
885,44
362,322
350,832
336,359
638,25
737,60
581,302
4,212
436,504
268,253
533,255
495,58
582,582
958,924
298,488
952,615
245,206
149,866
384,221
244,296
168,248
730,667
357,549
963,746
826,196
771,290
864,852
949,885
575,459
388,294
869,386
158,248
138,148
317,378
992,970
119,973
307,924
563,191
160,418
994,588
672,400
280,972
906,93
390,595
657,205
199,584
273,797
610,37
976,856
873,866
603,905
411,18
274,756
341,250
173,248
202,818
217,731
293,182
447,81
254,832
59,902
191,848
384,603
256,223
685,948
390,605
779,42
545,71
599,381
610,489
558,296
413,662
760,7
145,79
166,947
471,533
778,233
897,211
65,837
466,8
298,653
48,886
820,826
583,906
252,998
644,370
887,509
818,13
638,872
375,962
320,537
306,680
27,181
53,965
930,484
832,380
664,212
774,20
273,794
911,304
527,632
710,425
377,588
51,128
68,896
881,216
414,83
165,189
448,405
903,124
636,596
888,572
891,976
514,659
860,358
903,530
972,411
632,109
133,352
394,319
554,852
913,816
499,396
249,352
199,66
10,884
404,851
785,249
424,334
737,264
693,654
73,701
80,162
388,578
19,643
402,460
879,6
644,790
907,98
817,472
45,382
276,425
161,237
479,255
955,731
21,715
448,68
466,476
623,664
800,481
536,862
972,663
90,369
111,208
973,698
115,468
592,487
32,420
875,912
409,318
885,442
989,240
543,47
277,108
997,115
735,707
626,861
499,320
397,651
801,277
372,92
372,217
335,146
863,17
574,71
721,810
731,196
130,372
970,489
272,826
968,802
888,664
255,815
159,762
594,672
177,293
587,166
904,297
556,458
927,283
339,920
642,858
843,715
909,489
512,856
552,172
500,30
297,668
118,338
271,146
572,592
191,412
448,171
839,565
480,140
87,572
310,263
871,979
213,887
430,117
643,114
964,804
934,319
769,572
964,980
782,174
980,659
986,462
612,870
891,434
889,859
385,811
795,709
321,549
79,364
376,386
520,671
566,239
643,693
974,875
430,971
934,308
822,116
301,747
919,485
470,305
418,317
522,375
589,722
814,646
888,904
816,989
288,746
654,43
70,388
831,242
995,928
234,45
349,172
352,915
28,616
698,338
657,841
64,490
176,662
900,632
827,895
725,363
358,24
630,476
476,913
330,12
121,38
441,3
453,440
534,541
776,452
952,506
552,727
920,249
828,163
749,696
684,124
674,868
748,911
552,668
133,706
85,365
256,40
482,794
581,6
652,871
322,83
706,48
986,282
507,59
284,463
921,311
564,560
946,445
521,779
937,436
728,464
984,895
434,775
399,53
398,978
195,610
767,376
778,597
70,745
767,76
35,559
734,736
364,110
325,503
108,707
451,9
594,423
558,444
670,578
282,157
314,999
801,663
979,465
546,205
408,278
726,538
151,559
430,756
968,742
537,561
514,183
814,72
545,286
125,283
183,653
665,820
405,966
4,124
692,460
92,479
982,887
323,165
405,627
938,760
294,888
969,183
733,919
143,498
489,43
330,247
341,656
202,895
379,845
210,687
209,385
709,972
8,485
254,393
369,574
17,110
29,205
877,941
367,22
239,164
542,229
109,910
411,997
879,538
632,724
898,175
467,126
503,976
492,185
541,358
830,38
193,618
608,212
720,79
140,464
556,420
37,380
157,432
671,1
735,573
653,385
334,981
936,110
631,432
276,318
951,895
431,813
935,883
49,396
409,524
741,610
874,949
688,653
563,303
350,994
674,538
856,201
857,44
251,664
56,8
8,881
877,612
495,304
770,457
567,579
811,159
686,687
107,830
138,262
152,297
189,878
291,169
592,565
692,88
303,264
99,351
72,35
182,72
313,144
611,373
122,446
664,863
229,224
613,678
810,618
391,992
410,678
133,827
515,477
728,796
192,769
482,488
853,89
347,739
746,571
375,823
739,486
594,239
263,839
77,857
759,458
322,138
71,437
371,613
741,359
899,232
600,277
530,848
743,221
847,718
680,500
833,589
887,686
65,248
83,796
292,521
869,559
110,614
399,474
573,871
476,430
302,861
610,980
650,405
910,929
705,351
195,592
971,550
614,393
557,898
171,969
920,89
945,717
945,948
26,256
299,686
411,447
517,692
275,456
135,477
644,352
412,256
669,61
466,933
90,509
216,180
175,833
210,28
774,248
500,860
208,880
687,610
781,206
849,815
459,270
319,795
974,468
864,799
181,405
206,73
252,892
564,761
30,370
649,354
6,788
853,10
696,100
535,764
209,799
623,520
249,330
381,36
560,476
303,819
694,893
332,948
812,434
502,329
94,252
913,916
103,44
889,266
227,212
987,267
894,387
858,372
393,631
396,763
807,425
815,357
12,23
895,105
902,232
939,728
715,169
902,698
701,982
755,659
582,429
964,592
572,867
677,730
643,156
343,525
147,12
637,93
370,2
524,179
72,759
554,979
185,957
307,168
739,254
629,177
999,546
540,960
896,825
361,44
831,926
913,622
870,226
459,566
5,662
662,960
722,239
191,86
172,822
596,310
752,182
101,820
777,538
574,180
614,624
378,370
690,567
345,981
584,30
58,150
301,171
133,54
88,414
226,999
142,152
944,663
906,827
586,103
110,162
646,765
595,891
557,386
682,789
196,278
154,727
618,746
428,320
785,137
782,422
226,174
992,899
768,730
220,245
824,491
126,593
996,720
528,808
355,323
626,948
565,341
833,64
145,980
859,111
991,14
796,735
949,976
751,78
817,728
251,553
147,433
833,303
217,131
283,890
524,547
996,73
389,618
658,851
137,650
418,989
987,7
704,670
118,715
998,272
694,864
80,450
750,47
451,846
224,611
390,607
16,256
573,474
200,982
593,329
305,609
989,986
211,181
4,530
981,707
438,744
180,221
430,241
74,643
474,247
788,63
792,21
121,62
713,155
224,273
400,709
437,258
192,243
321,368
472,122
328,576
394,984
146,289
344,267
334,226
354,242
560,526
181,151
759,758
206,569
144,394
883,594
340,936
48,127
398,571
803,644
297,168
545,199
928,380
904,655
443,659
445,105
927,528
563,757
92,842
441,815
741,934
838,41
501,59
989,286
781,589
708,305
349,453
6,57
874,601
274,785
528,809
912,679
200,517
513,930
283,442
101,228
182,604
191,981
145,948
123,899
347,492
110,425
783,64
408,797
396,834
242,87
679,247
379,943
340,76
619,780
853,529
263,592
502,368
49,88
251,250
246,72
535,767
211,611
753,138
610,647
818,6
247,545
71,380
424,913
498,652
613,510
217,418
295,826
386,620
819,919
984,921
62,500
415,735
206,121
47,618
162,703
805,676
150,507
202,215
769,229
75,732
372,47
318,901
253,281
926,560
949,98
271,827
933,17
243,456
817,348
489,606
343,288
945,609
529,768
817,536
124,991
860,463
436,5
531,80
695,999
677,955
144,136
801,944
990,773
747,838
356,947
505,539
576,844
563,145
699,538
629,682
865,640
671,622
980,521
222,607
515,573
572,175
924,842
849,742
56,939
180,877
923,360
201,647
894,923
534,350
872,899
568,996
137,879
853,454
925,320
937,786
198,64
778,472
757,559
66,514
982,912
315,163
770,96
911,140
128,854
923,501
534,87
956,36
388,583
891,607
721,778
163,546
498,278
586,839
207,206
474,488
552,777
52,738
962,64
86,537
93,706
731,843
330,726
307,727
623,328
553,675
327,917
677,93
84,753
171,681
25,441
141,891
832,806
136,453
101,451
658,349
610,3
277,883
586,297
640,79
376,439
490,270
358,787
506,778
220,750
673,894
845,231
531,48
248,902
122,763
186,525
111,38
485,922
112,593
622,30
617,250
796,137
384,782
592,924
654,936
63,875
268,40
231,706
463,75
42,437
872,219
890,156
947,741
592,890
135,138
154,271
738,113
811,635
32,29
358,583
842,89
536,858
35,740
58,208
656,854
386,253
283,163
498,950
46,812
52,197
295,183
739,887
552,732
340,579
782,837
346,726
734,523
746,538
565,99
688,147
513,596
208,261
479,994
884,662
179,522
978,814
80,897
200,967
627,278
889,986
493,627
998,710
270,131
486,493
184,396
209,195
869,487
793,856
654,819
709,929
497,972
685,332
301,823
728,70
626,681
397,625
70,462
118,446
906,196
72,635
893,192
553,9
901,338
985,124
885,556
124,43
35,286
409,891
279,209
921,858
958,868
712,206
522,57
770,785
704,484
614,327
836,516
829,838
696,944
373,599
116,895
137,53
836,601
641,30
498,16
80,281
201,947
735,339
191,196
759,434
478,150
692,317
978,482
903,118
984,499
969,296
695,376
149,655
493,422
76,582
42,514
947,710
18,847
485,743
683,316
603,211
209,863
918,106
748,160
828,926
585,40
205,774
9,293
913,655
955,403
328,147
482,577
549,287
890,976
504,526
781,37
520,277
366,551
205,577
855,949
634,122
441,606
535,929
726,91
86,292
377,11
993,289
475,894
824,111
867,726
106,241
306,736
149,525
597,47
968,774
494,677
471,298
218,213
11,157
126,142
805,493
647,250
237,932
691,277
179,736
806,386
797,77
680,254
942,703
479,660
403,906
916,696
271,989
137,150
804,226
698,345
799,451
863,695
169,563
543,164
996,758
526,288
509,706
912,92
855,453
432,473
347,715
433,898
815,535
887,688
778,655
72,698
99,396
679,783
185,642
168,334
254,762
410,990
716,867
939,26
217,26
181,749
604,962
891,602
273,350
248,559
698,639
81,239
162,959
51,248
836,17
243,421
959,369
896,376
681,196
586,673
913,654
122,81
285,86
197,423
345,73
154,947
993,459
395,229
3,627
324,279
327,528
824,886
405,457
872,912
584,396
572,95
767,710
660,351
173,213
205,421
209,928
375,608
238,914
568,114
555,311
433,372
425,226
18,202
381,823
113,120
377,174
749,619
696,85
792,42
838,205
53,798
425,364
576,999
758,151
906,453
763,866
351,688
68,193
606,633
598,783
313,972
975,447
733,81
422,75
552,804
680,914
337,688
134,23
126,442
105,556
263,743
452,957
166,459
256,935
420,536
675,941
200,63
285,439
956,52
359,115
736,812
764,163
969,851
686,317
354,50
883,593
46,406
539,158
873,559
401,245
8,432
326,110
376,946
651,853
426,835
280,310
622,218
351,910
826,888
507,62
135,406
288,270
839,866
778,52
92,315
582,867
499,538
725,887
590,285
287,539
8,641
268,804
387,278
569,789
955,126
869,810
185,567
725,381
276,154
600,801
194,23
714,834
205,586
521,904
648,49
674,161
35,782
633,941
484,215
641,220
734,577
894,262
616,147
242,351
30,788
975,262
190,585
298,250
144,981
840,177
81,588
490,480
827,426
964,247
481,797
785,752
116,931
919,824
965,455
636,160
190,822
686,443
528,451
894,365
334,397
742,323
350,42
285,486
85,392
939,625
757,161
772,511
276,33
81,626
944,665
768,589
214,280
375,615
682,344
682,825
35,932
843,835
961,771
233,308
727,38
911,460
859,504
359,669
769,570
562,633
161,97
596,614
81,872
14,82
723,201
933,116
414,325
656,382
232,287
557,632
207,27
589,466
349,316
15,256
61,435
823,645
79,686
923,90
693,870
134,258
28,192
834,529
281,417
320,687
322,860
133,648
103,373
528,930
107,857
127,586
417,674
654,11
791,521
358,979
814,104
58,204
888,164
745,806
29,267
560,703
515,838
792,566
260,648
616,747
373,143
664,149
756,835
357,911
501,933
72,11
498,338
841,586
713,950
716,185
838,375
526,748
390,991
932,69
306,359
495,495
955,297
892,788
168,132
11,166
845,125
214,364
981,446
933,997
814,379
566,395
34,130
589,87
536,290
160,30
469,777
678,197
848,513
148,560
511,675
236,91
116,10
206,152
302,840
626,280
542,73
499,684
849,264
665,699
648,413
224,922
956,324
491,805
274,944
491,213
297,415
970,977
326,236
165,539
824,626
229,179
941,650
712,680
915,463
41,445
112,473
160,900
604,396
274,117
267,227
166,679
615,148
284,981
363,480
697,708
536,184
140,970
760,294
803,292
197,530
795,843
615,12
532,58
614,431
658,556
716,637
305,924
778,659
634,91
745,659
409,665
899,888
996,962
707,694
521,602
442,728
939,810
9,194
645,182
286,345
878,487
514,7
638,482
891,110
398,810
329,577
746,951
860,562
654,913
745,28
844,191
142,465
244,695
557,14
433,495
185,460
579,793
608,200
404,390
302,841
697,694
295,560
774,52
761,657
684,960
654,883
434,145
139,150
496,767
482,168
694,459
598,509
188,202
245,726
369,798
955,454
631,487
702,624
989,50
18,23
514,318
787,441
688,270
134,354
618,21
235,476
379,804
92,920
765,393
742,744
863,53
224,324
749,652
542,846
898,194
163,110
316,661
954,211
231,663
324,195
424,562
580,129
563,169
767,340
912,21
161,930
893,886
598,719
446,294
137,419
883,205
787,8
935,903
107,248
110,155
991,189
136,964
36,767
863,983
987,581
150,248
497,245
983,676
571,355
325,151
105,935
682,415
139,86
727,934
472,855
811,341
102,22
654,912
613,964
774,173
179,444
430,615
456,862
438,666
158,136
273,225
12,836
205,788
405,203
196,819
492,981
61,370
617,487
51,931
30,388
640,732
490,521
476,624
536,400
514,536
869,90
791,410
990,209
715,913
846,941
45,847
141,13
239,801
905,618
836,714
30,586
491,236
443,863
135,477
111,844
445,988
884,360
551,255
264,997
353,186
3,971
139,757
938,759
724,971
230,633
784,748
203,965
415,182
695,150
186,762
425,869
538,471
223,222
91,540
360,676
603,647
126,559
74,612
489,641
376,791
674,145
27,9
816,527
219,852
89,672
116,542
464,12
552,555
715,701
783,9
216,78
133,127
683,963
942,911
754,530
193,134
123,963
836,215
774,258
255,548
428,959
489,215
986,153
696,748
57,956
350,48
58,509
565,72
25,225
177,792
936,927
625,495
822,544
10,70
512,674
493,1000
567,690
392,774
869,80
148,1000
689,330
205,215
83,290
459,729
272,177
543,800
184,906
87,922
153,509
422,313
132,928
984,494
205,755
755,307
46,771
748,218
990,699
451,637
896,459
129,713
673,179
519,214
198,565
429,172
403,449
455,715
141,36
355,340
773,633
580,682
230,716
995,331
472,465
539,498
388,826
327,107
970,464
793,595
345,21
257,471
147,98
223,808
866,172
218,674
565,82
751,395
684,639
540,923
396,852
577,519
293,235
540,941
923,116
800,370
696,34
83,362
151,533
789,439
175,565
482,671
236,688
98,319
791,983
578,536
568,227
594,513
302,195
125,667
213,671
41,427
478,822
875,360
451,924
805,14
79,776
248,956
582,629
440,406
984,456
438,690
470,513
965,146
227,252
673,950
717,834
471,297
408,579
160,86
1000,369
417,57
904,243
734,568
429,784
467,789
601,794
565,154
802,307
587,772
20,577
544,117
92,85
986,174
235,336
965,345
282,5
510,791
202,212
611,771
471,560
450,808
269,743
11,436
595,872
124,516
143,871
561,467
109,433
223,586
242,181
343,189
213,300
651,906
414,491
3,101
883,956
18,137
344,692
317,927
336,870
590,304
629,637
725,253
656,603
1,45
657,655
225,287
149,184
448,39
735,776
749,57
238,811
378,788
877,552
703,42
728,135
996,124
937,472
329,354
517,718
424,893
747,733
40,882
571,959
72,685
112,627
263,221
632,438
924,260
309,413
618,653
848,151
100,996
560,39
582,517
449,441
294,885
244,813
378,671
525,248
27,471
978,303
346,446
446,881
484,953
524,238
906,206
542,945
392,359
226,101
376,356
681,499
984,857
643,794
146,883
112,532
816,613
637,156
218,878
874,72
715,649
614,30
62,6
69,476
35,245
726,856
980,621
108,315
974,569
525,954
323,32
909,221
139,206
477,76
720,304
462,994
285,497
289,267
840,33
496,723
501,168
850,636
564,653
511,130
799,283
738,44
825,54
176,873
444,995
534,219
983,162
471,193
810,7
697,922
467,380
175,791
131,406
265,618
507,932
861,825
983,607
153,191
947,822
771,637
373,617
358,862
164,986
980,578
913,96
17,680
323,201
705,184
259,774
140,554
398,965
93,610
317,388
567,344
65,240
420,379
972,327
481,557
405,256
969,647
195,648
454,131
652,917
763,655
192,362
582,17
489,129
12,957
920,506
778,72
834,990
423,362
879,758
183,848
489,166
277,772
144,816
409,561
210,291
339,931
193,15
116,220
903,431
371,532
73,484
317,422
686,177
356,563
702,770
733,544
20,757
312,357
285,410
45,794
481,96
838,272
359,130
194,29
699,639
445,160
582,859
187,934
908,439
548,857
573,964
21,53
38,149
559,841
214,515
317,392
813,418
1,82
815,109
760,437
32,969
623,341
33,667
858,611
512,410
715,963
257,876
287,562
594,932
111,787
806,381
627,743
11,488
934,914
169,64
423,766
220,890
57,392
637,913
214,43
554,464
454,524
190,176
280,81
196,104
606,688
996,204
284,520
284,146
848,448
70,879
383,155
183,689
767,255
589,630
869,897
90,339
483,718
882,366
691,419
309,128
86,261
525,483
922,629
319,221
258,104
392,737
581,426
511,258
629,622
562,857
41,780
635,618
264,315
582,305
322,747
640,94
971,958
495,126
941,83
727,514
401,716
502,674
164,834
880,377
657,372
5,742
270,244
392,125
477,861
198,338
901,388
862,331
945,533
367,652
843,356
385,535
753,385
877,551
579,153
859,121
442,440
944,955
227,613
217,651
286,179
711,95
956,667
937,917
265,478
98,520
652,694
225,636
648,362
485,250
334,726
317,933
602,614
297,379
151,726
905,843
295,848
74,394
227,78
990,725
342,821
691,694
226,679
857,281
401,480
431,844
993,294
362,129
190,535
943,526
942,387
983,45
748,840
178,773
972,548
482,934
595,814
649,277
903,503
212,243
661,490
513,202
952,98
657,46
751,911
237,223
169,893
678,961
602,800
120,549
237,860
845,621
780,1
128,261
571,913
4,239
545,710
86,545
348,968
267,111
650,535
31,904
466,19
624,933
447,6
599,632
691,685
986,851
679,980
652,946
325,183
47,401
967,906
872,102
214,213
950,645
544,251
925,239
369,14
543,809
394,874
270,400
182,729
601,981
570,602
207,465
219,775
454,631
283,874
76,460
467,419
775,341
627,422
470,519
628,419
512,782
105,425
68,29
244,150
655,384
329,344
623,528
239,454
137,56
93,299
560,307
513,654
719,748
408,945
527,20
431,263
114,987
86,891
274,978
102,883
137,342
371,942
221,646
9,461
276,887
847,977
29,399
974,465
40,372
460,744
815,104
48,20
761,913
759,548
731,763
769,913
666,681
666,603
446,641
228,693
993,744
794,769
936,328
64,463
598,797
94,599
436,603
711,950
868,348
624,20
331,195
112,498
712,648
510,514
61,666
411,826
278,609
27,554
973,213
300,976
43,83
335,10
208,609
390,291
919,629
11,373
159,911
401,397
902,331
128,737
534,396
657,593
304,745
51,939
554,111
141,461
29,493
242,866
672,778
348,737
844,987
957,539
247,695
402,792
263,285
169,247
727,998
783,378
184,369
244,146
814,236
768,491
643,216
152,205
484,797
682,257
441,360
153,598
832,819
88,719
724,579
467,287
296,75
50,298
467,813
557,157
135,144
661,741
676,783
363,612
191,838
232,233
974,947
610,539
869,892
506,604
361,860
837,110
765,241
631,181
431,544
242,560
335,30
836,213
697,223
321,954
269,417
427,82
185,168
593,892
749,715
21,60
351,237
479,784
802,97
262,990
906,445
696,273
488,491
147,463
40,711
128,318
608,836
922,793
918,590
931,635
474,191
739,709
757,324
787,404
149,163
892,715
409,961
434,507
769,657
133,636
572,255
596,312
923,89
894,98
800,758
957,81
343,720
169,635
593,126
985,337
579,88
733,366
593,370
16,502
637,311
188,279
171,647
303,580
460,839
772,215
310,257
411,375
426,258
426,704
556,569
106,588
76,377
685,789
463,620
64,126
694,495
28,991
875,720
20,515
256,682
910,802
950,754
822,576
244,874
601,514
659,987
615,54
662,403
965,775
177,672
13,888
275,89
415,612
518,343
122,71
691,760
9,226
596,942
275,114
385,510
778,77
729,645
971,339
385,675
824,573
724,491
349,793
141,581
773,718
725,864
250,466
977,878
723,40
221,478
569,669
892,393
313,110
216,336
36,195
898,62
476,891
889,842
191,583
442,824
465,450
199,265
465,761
812,237
462,32
694,214
5,734
930,107
44,494
675,622
948,363
889,93
692,444
827,635
436,122
93,173
990,515
649,464
771,426
685,933
134,660
494,385
695,362
460,923
242,33
834,829
576,801
215,840
329,783
321,82
878,31
437,448
34,287
522,1
123,510
40,267
115,238
275,705
802,647
905,531
176,132
665,71
42,131
616,933
370,969
545,236
848,802
89,40
404,688
705,653
926,711
995,869
176,435
875,154
187,56
907,950
737,86
616,493
857,155
777,494
216,348
80,434
984,33
540,161
138,943
328,571
547,454
856,558
507,596
500,697
795,84
883,880
461,842
15,851
990,925
107,50
293,909
270,755
555,322
34,939
263,144
803,316
866,632
608,507
639,150
776,900
510,337
456,795
377,516
332,598
662,240
512,616
143,537
40,149
82,851
327,570
691,993
886,471
83,782
157,709
422,77
687,936
572,743
650,43
2,433
293,535
298,920
64,919
805,353
321,742
710,211
441,449
972,728
226,823
244,407
293,448
624,691
921,348
863,680
987,252
431,836
366,234
730,311
132,387
703,1000
1,599
384,893
882,192
720,707
192,903
346,596
804,288
352,746
519,252
566,350
846,195
220,366
132,326
354,999
157,821
182,766
129,745
505,558
197,71
920,72
987,917
487,972
141,237
181,536
431,135
525,683
169,846
965,252
152,818
710,849
423,819
311,317
29,89
531,509
949,580
414,884
600,986
33,411
597,897
448,122
494,826
679,62
201,524
167,757
217,341
639,418
584,89
917,582
51,831
862,937
142,917
623,203
267,380
682,585
968,847
517,344
267,155
127,716
694,594
643,116
900,893
115,690
952,977
49,959
330,117
714,521
85,94
162,434
309,937
447,478
923,556
575,400
868,673
326,84
99,561
220,489
532,158
707,701
902,117
900,765
393,195
969,635
574,29
694,852
905,143
521,598
112,29
194,562
850,552
390,381
512,772
647,20
820,589
72,366
795,499
573,400
110,562
407,278
994,940
431,949
771,280
910,936
329,758
65,294
295,997
230,424
922,496
556,283
118,222
807,661
221,242
426,366
447,703
438,208
406,190
674,524
79,595
115,109
758,835
133,114
961,731
469,136
468,219
504,880
649,331
762,672
783,978
589,438
311,984
825,556
526,367
595,657
556,738
101,337
993,41
541,5
106,822
175,980
119,835
706,730
694,807
956,359
350,120
62,528
417,884
139,841
439,612
806,90
61,605
397,396
110,517
398,130
707,403
858,889
68,327
500,649
717,957
607,224
646,964
162,904
379,131
928,666
615,941
916,689
468,402
283,38
79,497
858,884
147,949
758,423
253,613
690,982
219,636
532,283
472,425
139,689
963,685
761,473
885,666
325,365
374,33
102,451
7,398
473,610
147,55
916,791
396,186
411,650
177,215
742,923
677,12
643,696
978,703
629,220
240,683
461,643
931,670
319,799
623,86
637,895
344,24
830,525
796,326
126,996
614,236
89,661
317,604
338,248
833,98
55,762
532,132
199,742
841,654
19,746
320,369
707,526
469,195
193,226
165,101
161,711
922,299
273,136
883,482
350,739
150,698
706,478
420,267
812,351
25,745
300,66
234,322
285,800
905,649
617,313
580,730
25,399
793,628
786,38
782,896
105,145
728,630
381,770
936,412
790,883
206,17
27,14
571,79
838,926
62,593
786,320
439,867
384,689
727,421
871,222
159,403
95,755
220,868
52,502
74,731
363,306
548,866
315,369
178,774
479,364
338,172
673,280
703,903
883,926
255,569
977,965
952,135
578,933
154,187
673,853
549,809
827,943
201,776
940,465
420,771
196,101
464,988
979,141
236,792
397,99
625,358
524,460
667,267
870,719
872,769
613,651
689,391
406,725
823,312
715,900
24,622
7,82
604,241
163,267
269,46
776,634
274,197
712,767
425,134
849,858
482,531
842,991
966,325
320,881
236,917
584,335
571,823
171,658
940,881
386,958
19,457
383,809
43,79
384,258
624,541
163,953
354,651
613,465
862,667
610,749
566,664
186,882
159,210
900,425
830,855
737,798
417,204
287,613
461,992
871,741
970,286
754,17
983,226
885,779
105,210
561,726
333,647
646,686
909,117
725,831
425,864
159,608
638,50
241,768
435,480
424,603
835,236
950,757
356,330
483,335
495,140
304,779
90,956
235,593
335,752
177,616
246,276
765,399
424,414
735,712
244,492
786,604
42,283
281,614
269,970
521,53
759,742
516,685
335,240
457,709
946,357
296,973
170,53
714,831
682,156
900,322
393,912
718,929
483,470
844,231
473,383
227,360
348,132
719,640
183,248
371,335
603,352
316,297
659,610
248,916
626,720
102,534
895,619
231,461
220,103
525,589
277,97
450,18
572,486
203,5
558,516
505,658
722,17
780,224
929,383
963,946
348,457
444,297
516,359
789,161
706,198
137,995
803,253
548,385
682,909
668,475
45,739
467,634
647,152
380,831
449,340
904,433
870,193
622,54
408,584
983,850
230,612
412,317
418,428
149,688
985,863
702,684
371,727
533,56
159,317
138,954
680,8
511,960
178,23
54,366
40,543
276,933
454,984
703,940
542,431
721,824
570,177
899,444
413,439
475,846
775,21
671,222
356,564
892,32
791,361
667,678
58,525
888,184
846,321
114,278
908,110
520,352
90,333
244,754
366,95
30,949
590,828
169,901
966,92
1000,489
392,794
543,780
714,865
930,118
463,48
157,39
868,185
336,396
625,963
767,966
801,536
282,783
353,659
846,449
163,624
473,231
872,257
789,480
993,832
879,264
605,329
447,507
671,226
848,5
434,885
57,666
733,914
291,409
41,31
529,976
990,98
495,317
731,885
89,130
921,776
252,126
312,283
956,481
70,224
815,597
962,881
250,93
328,412
658,37
298,189
996,312
777,666
961,743
461,860
843,993
291,808
736,605
816,952
91,818
994,364
439,668
182,789
423,479
631,546
684,465
783,856
903,430
589,246
410,381
100,597
884,995
984,696
905,638
553,827
514,507
205,661
505,899
358,490
692,649
314,543
372,359
240,544
123,551
588,940
924,986
252,418
950,395
248,268
312,625
388,93
258,600
698,853
193,978
515,584
850,169
919,722
305,513
976,708
328,101
489,443
59,204
942,867
141,309
253,700
691,837
543,736
249,291
141,704
861,412
769,356
317,254
494,980
7,47
56,2
84,518
280,520
571,308
968,966
627,875
154,937
251,494
112,996
92,894
991,320
566,581
422,197
438,489
989,773
777,911
157,204
755,717
871,70
376,141
749,218
966,870
303,430
214,807
82,438
38,3
431,807
435,966
813,711
675,778
697,649
200,852
292,633
57,97
920,253
142,707
205,8
123,809
45,536
146,257
676,868
612,552
452,128
88,686
897,833
6,354
496,530
66,390
473,504
754,277
361,408
23,265
560,73
849,869
10,604
6,612
46,795
47,512
202,874
877,600
878,292
962,774
128,566
462,513
242,36
466,380
344,580
184,452
647,555
1000,685
924,751
367,844
273,600
945,704
993,260
352,455
882,116
639,284
949,525
753,422
356,345
920,688
93,111
115,863
433,269
501,18
970,417
149,726
99,416
470,523
400,110
298,168
474,615
282,571
587,441
757,850
995,201
151,683
560,919
492,186
407,257
163,84
561,31
472,854
181,435
126,947
933,167
300,272
118,322
57,485
995,970
602,914
977,704
390,917
561,297
768,818
50,969
118,745
787,502
535,877
615,500
648,604
198,291
461,630
41,144
224,699
824,757
709,413
205,322
312,530
26,456
650,561
868,212
653,833
613,282
492,713
244,544
349,239
771,827
257,605
217,636
793,672
965,620
923,249
645,843
178,893
233,247
105,787
125,44
602,845
425,324
974,358
875,920
521,524
496,371
757,361
3,451
901,689
597,187
486,372
475,220
743,70
11,294
118,612
341,867
429,715
672,324
581,6
187,995
924,599
527,992
429,63
884,103
803,888
600,872
381,921
278,347
89,319
468,344
160,231
398,564
511,415
231,735
65,263
62,586
133,661
386,232
112,465
949,804
178,214
316,39
553,595
440,566
695,364
956,202
363,620
394,420
424,28
638,409
683,276
560,399
75,333
917,32
976,808
766,766
521,152
220,557
886,719
855,118
48,460
680,465
490,576
63,671
948,983
116,179
789,709
751,803
851,590
914,293
467,901
99,490
286,585
931,612
177,190
108,628
744,460
621,247
426,29
404,563
96,202
346,190
566,68
485,302
681,572
259,374
516,454
418,657
702,490
496,570
419,769
43,176
98,902
964,246
909,112
484,312
315,700
293,730
574,769
217,419
521,736
281,1000
964,302
607,824
448,748
642,823
966,670
733,869
282,237
849,959
24,560
578,925
491,208
746,80
747,614
591,719
829,516
190,882
354,7
402,559
860,318
375,337
992,83
608,719
94,936
179,694
812,508
22,519
383,392
939,277
596,311
342,903
795,876
745,425
576,620
371,975
213,521
918,82
188,949
65,202
21,361
967,555
574,51
580,144
759,153
740,288
24,28
460,724
863,884
125,223
705,886
968,657
121,922
46,31
722,988
7,623
513,203
470,450
300,396
381,511
977,956
824,850
365,492
268,721
592,431
991,33
276,581
427,836
405,852
539,7
998,574
466,168
303,356
730,114
373,861
682,915
674,481
644,529
198,987
385,829
569,478
523,391
519,176
682,421
549,472
676,189
260,975
908,617
847,346
586,410
738,180
816,888
574,917
688,718
814,562
586,466
22,500
587,768
151,739
409,421
377,443
864,533
921,261
564,504
431,211
349,289
557,27
973,947
359,295
541,289
224,222
336,507
491,945
686,849
846,304
673,718
336,576
119,160
703,160
456,951
34,377
152,442
177,514
360,770
341,977
593,214
765,692
369,339
232,91
514,316
700,791
580,474
948,615
224,45
152,930
114,136
459,966
198,396
214,397
571,459
194,769
516,791
900,417
85,554
392,681
347,499
478,498
526,859
847,430
648,502
930,741
167,94
401,741
787,681
420,761
616,565
643,772
700,847
191,173
517,86
18,379
102,830
318,281
829,431
3,377
361,541
543,924
366,83
819,355
172,513
595,977
941,841
71,351
23,453
958,155
801,65
158,570
4,779
537,615
547,156
194,935
262,449
52,581
702,123
605,240
691,127
783,924
449,973
842,86
203,537
743,318
532,355
861,635
29,726
406,868
32,173
534,294
928,99
450,361
335,446
613,825
30,95
820,752
977,29
32,829
527,513
364,872
493,987
692,150
726,839
827,375
664,935
955,622
667,481
253,673
206,127
251,579
771,640
3,211
395,110
135,221
147,608
195,799
322,183
567,726
338,14
825,621
634,618
775,173
789,68
990,443
260,27
136,489
195,746
998,549
302,271
835,607
178,929
795,982
199,697
517,169
795,461
754,505
182,151
513,27
686,445
884,16
788,30
871,798
498,48
468,592
75,96
745,326
984,154
435,615
910,883
283,950
408,127
250,943
279,232
922,913
534,479
933,619
161,769
798,911
908,3
244,115
462,879
456,415
146,365
753,254
84,964
726,373
258,665
296,312
239,856
396,477
381,693
332,7
396,180
366,364
279,124
880,882
60,974
413,545
619,566
922,414
395,199
18,659
466,654
486,190
769,669
406,490
342,119
967,585
701,614
988,981
624,11
294,801
945,495
130,647
459,935
662,759
695,886
818,452
706,488
815,553
801,740
941,65
174,340
122,42
24,83
654,358
528,27
338,115
891,390
363,939
14,9
415,995
651,531
639,795
121,44
133,185
483,309
642,217
422,547
972,703
36,977
643,40
329,192
586,428
386,766
916,472
570,523
409,791
264,129
674,358
602,605
67,543
78,541
902,950
263,715
814,781
425,866
700,11
705,652
242,759
871,423
440,695
261,43
861,713
748,420
10,375
802,827
878,322
868,515
32,532
251,868
596,553
422,834
386,389
175,637
761,206
483,963
574,951
375,505
560,258
164,852
810,126
522,822
679,777
736,58
123,373
965,527
854,261
150,854
52,598
282,168
673,788
772,208
983,508
556,883
431,268
845,356
859,745
188,369
575,502
12,624
567,421
514,596
480,694
583,757
580,220
712,146
659,417
182,205
149,609
631,347
392,871
84,183
620,737
30,410
93,653
535,190
322,320
948,66
978,317
758,515
527,427
662,166
43,269
610,950
150,936
765,957
914,668
514,238
125,51
565,477
428,552
600,747
549,531
704,322
725,377
364,428
575,169
452,643
168,198
959,462
645,351
703,458
810,688
923,932
57,853
297,676
154,873
275,892
110,706
692,962
216,775
895,154
204,16
847,919
237,385
11,346
509,457
855,73
756,558
596,767
115,352
857,6
524,216
326,90
819,363
441,944
102,581
440,51
623,777
828,893
157,100
101,477
433,342
415,964
719,488
788,53
708,96
221,999
473,414
210,741
143,277
365,112
799,774
226,434
483,197
223,196
582,7
735,149
892,276
754,220
870,615
198,582
435,703
789,593
619,788
914,64
357,702
496,312
975,562
835,353
660,53
501,936
751,327
647,62
953,586
421,346
186,127
260,283
821,766
467,933
857,144
730,17
256,853
49,824
866,246
704,777
28,839
573,693
574,8
806,767
239,650
11889
8593
11452
8013
11935
10371
10063
8055
8889
10110
10925
10811
8094
11108
11505
9663
9064
12010
9236
9983
9294
9423
11821
8023
11393
9623
9086
8862
11538
8081
9366
8374
10958
9994
9719
9826
9520
9005
11926
10499
9933
11838
11804
8585
10244
9618
9274
9253
10840
8094
11274
10476
9216
8073
9651
9206
11259
8281
8719
11030
8379
8017
11843
11091
8801
10951
8379
11604
10674
8190
8799
11281
9969
9311
11412
9588
11433
11484
11619
10659
10892
9207
10347
11429
8268
8791
11864
10163
10308
10102
10689
11977
11125
8995
8693
11116
10464
11905
11390
8946
10496
11211
10283
10507
8830
9896
8444
10484
11583
9628
10365
9604
9237
8359
11563
8704
10540
9548
11588
10239
9123
8902
10202
9596
8758
11498
9110
8558
10108
11593
10648
8259
8506
11523
8824
9175
10820
9408
9774
8258
10738
9787
8172
8750
9999
9754
11563
10032
11655
8271
9221
10653
8928
11549
11434
9903
10192
10318
10343
8112
11811
8948
10056
10266
11762
8474
11318
10335
8672
10446
10800
11918
8139
10114
8295
11851
8926
10723
8054
9765
8546
10466
10361
10202
8722
8678
11644
11168
9732
8692
9061
9817
8602
9781
11578
8308
10132
10460
8483
8220
