4268,6268
8511,10511
2215,4215
6556,8556
3859,5859
9856,11856
8621,10621
2368,4368
7700,9700
4044,7044
8413,10413
4187,6187
6760,8760
4899,6899
6187,8187
9933,11933
8581,10581
4475,6475
5782,7782
8613,10613
6184,8184
5205,7205
5159,7159
4270,6270
4713,6713
5772,8772
2421,4421
7417,9417
5183,7183
3103,5103
2134,4134
3052,5052
5986,7986
437,2437
7213,9213
182,2182
2107,4107
1161,3161
5361,7361
6283,8283
8246,10246
6721,8721
1407,3407
5175,7175
5446,7446
7365,9365
9400,11400
9223,11223
7518,10518
3070,5070
6667,8667
1017,3017
4232,6232
278,2278
6982,8982
3181,5181
9502,11502
8158,10158
7801,9801
6608,8608
1499,3499
439,2439
3614,5614
2496,5496
50,2050
8452,10452
3005,5005
3491,5491
2896,4896
3270,6270
7918,9918
5974,7974
9261,11261
7207,9207
2758,4758
2653,4653
3403,5403
2054,4054
1088,3088
863,2863
4154,6154
9097,11097
3342,6342
6788,8788
5422,7422
7741,9741
3859,5859
6793,8793
9966,12966
8161,10161
9077,11077
6911,8911
3673,5673
991,2991
5706,8706
4875,6875
7372,9372
1134,4134
9307,11307
101,2101
1350,4350
5290,7290
8527,10527
5907,7907
8185,10185
6208,8208
6626,8626
1084,3084
7963,9963
376,2376
5080,7080
9173,11173
8202,11202
5735,7735
2404,4404
9663,11663
3212,5212
6345,8345
6332,8332
8536,10536
3689,5689
1844,3844
3290,5290
7964,9964
9629,11629
5085,7085
8450,10450
3945,5945
519,2519
5825,7825
7497,9497
1050,4050
2973,4973
1332,4332
9045,11045
7278,10278
8402,10402
4417,6417
8786,10786
7820,9820
4093,6093
6898,8898
8863,10863
5058,8058
2707,4707
2741,4741
5879,7879
8256,11256
6712,8712
6341,8341
2437,4437
6946,8946
5916,8916
7591,9591
3146,5146
5435,7435
2207,4207
9938,11938
1514,3514
3216,6216
7049,9049
5867,7867
2541,4541
2781,4781
2367,4367
806,2806
7472,9472
8449,10449
2667,4667
9425,11425
5121,7121
3239,5239
8810,10810
7152,10152
9681,11681
5955,7955
6431,8431
9868,11868
3002,5002
268,2268
1842,4842
3585,5585
1192,3192
7439,9439
6680,8680
6750,9750
964,2964
9214,11214
5667,7667
6966,9966
1808,3808
8861,10861
2683,4683
2359,4359
3276,6276
6690,9690
7859,9859
7713,9713
2756,4756
4021,6021
6951,8951
3465,5465
2626,4626
6229,8229
8791,10791
5940,8940
609,2609
4354,6354
8611,10611
5017,7017
85,2085
9318,12318
6077,8077
5753,7753
937,2937
4842,7842
4917,6917
8780,10780
7351,9351
6902,8902
4118,6118
6394,8394
6663,8663
7043,9043
7919,9919
1648,3648
9629,11629
9594,12594
1104,4104
4185,6185
5376,8376
3474,6474
2883,4883
2341,4341
2165,4165
3946,5946
1737,3737
4500,7500
989,2989
5817,7817
6313,8313
163,2163
7189,9189
2274,5274
4166,6166
9280,11280
9443,11443
8594,10594
5110,7110
2646,5646
1579,3579
6175,8175
5191,7191
7137,9137
169,2169
7103,9103
6044,8044
9128,11128
983,2983
449,2449
2120,4120
3405,5405
5614,7614
8314,10314
5962,7962
8280,11280
8266,10266
7027,9027
1486,3486
5607,7607
1507,3507
2770,4770
311,2311
4222,6222
5859,7859
6370,8370
9749,11749
6412,8412
5785,7785
922,2922
9592,11592
9929,11929
3505,5505
2390,4390
2832,5832
8878,10878
8195,10195
7762,9762
7813,9813
3700,5700
9091,11091
9869,11869
2254,4254
6943,8943
3942,6942
1292,3292
1067,3067
6692,8692
2849,4849
8624,10624
335,2335
5021,7021
7919,9919
3254,5254
2327,4327
1569,3569
3055,5055
6612,9612
564,3564
2654,4654
925,2925
5372,7372
282,3282
3766,5766
170,2170
2029,4029
6953,8953
9835,11835
7735,9735
4369,6369
9082,11082
5197,7197
4654,6654
2961,4961
2220,5220
341,2341
680,2680
1866,4866
1524,4524
6380,8380
3481,5481
4397,6397
8101,10101
8983,10983
1837,3837
66,3066
6771,8771
3895,5895
870,3870
1223,3223
9233,11233
7355,9355
3900,6900
5016,8016
7834,9834
8312,10312
7161,9161
4214,6214
3085,5085
2651,4651
1880,3880
8260,10260
7138,9138
6947,8947
8112,11112
6405,8405
2272,4272
3192,6192
8579,10579
3938,5938
8592,11592
9930,12930
4628,6628
5043,7043
3778,5778
9153,11153
8998,10998
1653,3653
922,2922
7,2007
803,2803
979,2979
862,2862
820,2820
888,3888
241,2241
3566,5566
5868,8868
7528,9528
218,2218
9301,11301
9078,12078
1130,3130
1827,3827
7236,10236
6449,8449
1423,3423
1780,3780
8200,10200
7832,9832
4241,6241
4022,6022
3589,5589
1964,3964
762,3762
6713,8713
2103,4103
795,2795
7907,9907
7744,9744
9711,11711
1000,3000
4769,6769
3412,5412
752,2752
4159,6159
8690,10690
7700,9700
9861,11861
1188,4188
4332,7332
6146,8146
8439,10439
5892,8892
6638,8638
572,2572
7050,10050
2426,4426
2535,4535
3928,5928
6752,8752
399,2399
3302,5302
645,2645
2970,5970
2646,5646
5356,7356
1372,3372
2155,4155
1101,3101
8558,10558
7137,9137
6242,8242
4848,7848
5692,7692
1844,3844
5686,7686
4933,6933
7504,9504
9591,11591
2078,4078
339,2339
8251,10251
7149,9149
9213,11213
8724,11724
5730,8730
2611,4611
822,3822
1688,3688
9350,11350
6911,8911
2908,4908
8841,10841
5073,7073
5892,8892
3083,5083
9704,11704
627,2627
6300,9300
8524,10524
2273,4273
5276,7276
899,2899
298,2298
6023,8023
9315,11315
7788,10788
7305,9305
7264,9264
6376,8376
5362,7362
7869,9869
3474,6474
1364,3364
8226,11226
5843,7843
5978,7978
7705,9705
4240,6240
6053,8053
9129,11129
9334,11334
215,2215
4873,6873
2831,4831
8175,10175
516,3516
2747,4747
1706,3706
8206,10206
2979,4979
366,3366
6595,8595
2052,5052
579,2579
2747,4747
4387,6387
6807,8807
4039,6039
1335,3335
8366,10366
5412,8412
9791,11791
862,2862
3480,6480
1517,3517
1242,4242
1820,3820
3146,5146
9648,12648
7661,9661
3619,5619
1085,3085
2230,4230
7513,9513
4431,6431
1005,3005
7943,9943
1222,3222
8342,10342
8267,10267
1521,3521
4942,6942
2187,4187
6943,8943
6818,8818
4580,6580
5680,7680
5294,7294
7357,9357
6462,9462
9801,11801
5588,7588
4822,6822
368,2368
7349,9349
2810,4810
4165,6165
2012,4012
9951,11951
1309,3309
4699,6699
8472,11472
9354,12354
5969,7969
807,2807
3583,5583
8952,11952
5479,7479
894,3894
4375,6375
3627,5627
1209,3209
6482,8482
6482,8482
2222,4222
1768,3768
4630,6630
3721,5721
2652,5652
3974,5974
7565,9565
178,2178
6959,8959
6071,8071
3593,5593
8331,10331
1618,3618
8240,10240
8025,10025
2962,4962
6408,9408
317,2317
43,2043
8844,11844
7261,9261
9315,11315
2705,4705
7978,9978
5439,7439
4323,6323
2876,4876
9386,11386
2135,4135
6843,8843
2781,4781
4331,6331
4171,6171
4790,6790
8297,10297
3030,6030
5461,7461
1080,4080
6233,8233
2520,5520
2024,4024
9894,12894
9573,11573
6795,8795
2089,4089
8865,10865
1147,3147
2567,4567
8102,10102
2852,4852
5735,7735
6105,8105
4928,6928
5338,7338
451,2451
1080,4080
7431,9431
7853,9853
9723,11723
1600,3600
9059,11059
2599,4599
2498,4498
273,2273
9112,11112
5623,7623
8935,10935
6813,8813
9086,11086
9271,11271
5559,7559
4295,6295
7962,10962
3782,5782
3813,5813
9643,11643
6062,8062
1013,3013
7347,9347
6162,9162
4498,6498
2263,4263
8557,10557
4983,6983
2089,4089
4486,6486
6540,9540
9261,11261
2139,4139
6222,9222
7103,9103
5485,7485
6962,8962
1324,3324
7394,9394
2973,4973
3934,5934
8700,11700
4653,6653
8648,10648
4896,7896
3903,5903
7465,9465
2006,4006
8409,10409
5181,7181
7365,9365
94,2094
8532,11532
7742,9742
4923,6923
2260,4260
7151,9151
5717,7717
3291,5291
4308,7308
6196,8196
9067,11067
4491,6491
7664,9664
6682,8682
5022,8022
132,3132
7951,9951
1258,3258
2618,4618
3840,6840
4087,6087
4551,6551
5879,7879
6755,8755
792,3792
9669,11669
391,2391
5566,7566
4308,7308
1668,4668
611,2611
7191,9191
3268,5268
5157,7157
2046,5046
5909,7909
9029,11029
2363,4363
4213,6213
2328,5328
5929,7929
8270,10270
1900,3900
1300,3300
7042,9042
7133,9133
565,2565
7192,9192
5689,7689
2150,4150
5055,7055
1422,4422
6213,8213
3876,6876
644,2644
7896,10896
3931,5931
4697,6697
9578,11578
1351,3351
8913,10913
9607,11607
9240,12240
3728,5728
8762,10762
4088,6088
6372,9372
7667,9667
6608,8608
7736,9736
3326,5326
6217,8217
5795,7795
6724,8724
7795,9795
3424,5424
2288,4288
5471,7471
2702,4702
4541,6541
4778,6778
6130,8130
6654,9654
1293,3293
5456,7456
1476,4476
1057,3057
7388,9388
6763,8763
6980,8980
1932,4932
3737,5737
2398,4398
2907,4907
7309,9309
6129,8129
442,2442
4458,7458
5893,7893
7140,10140
413,2413
2917,4917
8231,10231
6162,9162
9101,11101
6445,8445
1639,3639
7167,9167
9174,12174
4845,6845
5159,7159
3167,5167
4431,6431
5568,8568
2334,5334
3071,5071
6679,8679
8394,11394
1500,4500
9101,11101
2430,5430
3880,5880
2972,4972
7704,10704
4072,6072
7449,9449
5623,7623
4795,6795
4623,6623
4324,6324
9306,12306
7481,9481
7187,9187
8259,10259
3995,5995
2155,4155
5852,7852
3291,5291
8955,10955
8336,10336
1568,3568
4175,6175
2556,5556
5960,7960
8125,10125
3832,5832
9974,11974
5391,7391
9308,11308
7951,9951
560,2560
2014,4014
9662,11662
3488,5488
5791,7791
5286,8286
6884,8884
5688,8688
9889,11889
6673,8673
2162,4162
9507,11507
978,3978
8110,10110
6951,8951
2875,4875
8885,10885
5163,7163
8901,10901
1721,3721
8632,10632
9920,11920
5020,7020
4363,6363
2334,5334
9545,11545
6476,8476
7024,9024
3783,5783
2185,4185
6113,8113
7461,9461
3748,5748
6134,8134
6355,8355
9006,12006
4449,6449
1588,3588
3223,5223
3610,5610
4882,6882
2916,5916
7985,9985
8384,10384
66,3066
3017,5017
7971,9971
7820,9820
692,2692
8244,11244
692,2692
2158,4158
6444,9444
7880,9880
4704,7704
5925,7925
7637,9637
4559,6559
1886,3886
1427,3427
6706,8706
5892,8892
8984,10984
4526,6526
5961,7961
5622,8622
6045,8045
326,2326
7138,9138
1707,3707
6551,8551
7492,9492
9567,11567
5127,7127
5666,7666
7880,9880
8916,11916
4989,6989
1681,3681
9151,11151
3659,5659
3385,5385
3099,5099
513,2513
4529,6529
5492,7492
7813,9813
7590,10590
1903,3903
5073,7073
4880,6880
2687,4687
8910,11910
9636,12636
4033,6033
1182,4182
8768,10768
5517,7517
884,2884
2903,4903
1496,3496
7449,9449
3456,6456
1914,4914
9415,11415
7946,9946
3736,5736
9251,11251
7131,9131
3352,5352
4346,6346
2807,4807
8020,10020
9420,12420
3735,5735
3844,5844
9550,11550
3215,5215
6036,9036
8698,10698
5441,7441
3398,5398
5240,7240
6474,9474
2013,4013
8490,11490
3024,6024
7595,9595
5340,8340
2134,4134
6414,9414
4555,6555
7065,9065
6641,8641
3723,5723
5019,7019
582,3582
37,2037
4318,6318
6262,8262
8419,10419
3183,5183
6924,9924
6737,8737
2783,4783
4138,6138
245,2245
4090,6090
7780,9780
3148,5148
4189,6189
3851,5851
6599,8599
900,3900
5783,7783
3198,6198
9785,11785
3440,5440
9686,11686
4534,6534
1360,3360
5865,7865
3249,5249
2288,4288
5425,7425
2878,4878
2161,4161
7861,9861
4373,6373
805,2805
757,2757
7908,10908
9677,11677
1625,3625
7075,9075
5291,7291
5006,7006
2471,4471
1484,3484
6731,8731
2471,4471
1357,3357
9550,11550
3097,5097
3848,5848
9613,11613
3668,5668
7078,9078
4849,6849
9437,11437
6122,8122
7403,9403
5642,7642
1070,3070
2279,4279
3147,5147
7844,9844
7558,9558
528,3528
2798,4798
4161,6161
401,2401
753,2753
5965,7965
462,3462
9151,11151
6084,9084
7700,9700
8113,10113
1629,3629
790,2790
5541,7541
5866,7866
2211,4211
6840,9840
2796,5796
2561,4561
7953,9953
9098,11098
9440,11440
9814,11814
7264,9264
9295,11295
7865,9865
1474,3474
5368,7368
2404,4404
3948,6948
2137,4137
3483,5483
9205,11205
458,2458
2349,4349
4749,6749
5244,8244
1121,3121
3818,5818
5835,7835
8635,10635
1755,3755
4123,6123
462,3462
9922,11922
470,2470
9582,12582
6235,8235
612,3612
9264,12264
2522,4522
7867,9867
7877,9877
4326,7326
1302,4302
1957,3957
2356,4356
5811,7811
3535,5535
4894,6894
8805,10805
1875,3875
2605,4605
6743,8743
5641,7641
8831,10831
6902,8902
7918,9918
3828,6828
1598,3598
1548,4548
4552,6552
1233,3233
1638,4638
2008,4008
4799,6799
8067,10067
8791,10791
9173,11173
2357,4357
158,2158
6066,9066
3863,5863
6756,9756
9419,11419
3867,5867
7713,9713
309,2309
4828,6828
3546,6546
4927,6927
9463,11463
4262,6262
3288,6288
8527,10527
2671,4671
1255,3255
3385,5385
6126,9126
8477,10477
406,2406
6307,8307
8540,10540
1376,3376
356,2356
9259,11259
3461,5461
7761,9761
6104,8104
3791,5791
1235,3235
8313,10313
6019,8019
4227,6227
1552,3552
2455,4455
7609,9609
6252,9252
9904,11904
1359,3359
5204,7204
1266,4266
989,2989
1624,3624
3924,6924
2338,4338
9515,11515
9258,12258
7681,9681
6643,8643
7098,10098
4356,7356
8260,10260
1048,3048
1944,4944
8718,11718
2195,4195
293,2293
9225,11225
784,2784
1328,3328
2014,4014
7484,9484
721,2721
658,2658
2030,4030
4737,6737
3942,6942
8754,11754
6874,8874
714,3714
5398,7398
7210,9210
3449,5449
132,3132
3732,6732
2388,5388
3425,5425
8077,10077
4707,6707
8803,10803
3884,5884
1183,3183
234,3234
3043,5043
9472,11472
7063,9063
1871,3871
2395,4395
4350,7350
1225,3225
7611,9611
2777,4777
198,3198
1960,3960
9474,12474
2888,4888
4130,6130
4790,6790
8801,10801
6432,9432
578,2578
2031,4031
7814,9814
3875,5875
5487,7487
7455,9455
1050,4050
1233,3233
4814,6814
6428,8428
8422,10422
5238,8238
2281,4281
4623,6623
8588,10588
1838,3838
4105,6105
7621,9621
4580,6580
2944,4944
5876,7876
3330,6330
1444,3444
7061,9061
1751,3751
1357,3357
8145,10145
4071,6071
7928,9928
1093,3093
8533,10533
5448,8448
6917,8917
5112,8112
5043,7043
8647,10647
8899,10899
2023,4023
9596,11596
3224,5224
5868,8868
9649,11649
8427,10427
1109,3109
7970,9970
7663,9663
2593,4593
6962,8962
3148,5148
6896,8896
5947,7947
4290,7290
1949,3949
3090,6090
2695,4695
4306,6306
4087,6087
8827,10827
4685,6685
1369,3369
4735,6735
4964,6964
9857,11857
4118,6118
2081,4081
1653,3653
9001,11001
5558,7558
2126,4126
6296,8296
3653,5653
7367,9367
5386,7386
547,2547
4477,6477
6118,8118
1082,3082
462,3462
294,3294
8145,10145
7761,9761
2001,4001
3461,5461
2940,5940
8190,11190
7045,9045
6302,8302
3617,5617
7697,9697
3989,5989
5508,8508
4239,6239
5550,8550
9282,12282
2112,5112
8011,10011
9722,11722
9805,11805
4549,6549
3702,6702
1962,4962
806,2806
5256,8256
7649,9649
7532,9532
1106,3106
6525,8525
3879,5879
7450,9450
9987,11987
2181,4181
3110,5110
7496,9496
5348,7348
5195,7195
5978,7978
9859,11859
192,3192
3755,5755
9989,11989
655,2655
5248,7248
5531,7531
6967,8967
9770,11770
7650,10650
4389,6389
6899,8899
6651,8651
2543,4543
31,2031
9710,11710
9279,11279
9650,11650
4405,6405
5159,7159
5851,7851
8173,10173
8494,10494
5842,7842
6203,8203
2991,4991
7636,9636
1954,3954
601,2601
8344,10344
7910,9910
9692,11692
2034,5034
2028,5028
5681,7681
7969,9969
2951,4951
1651,3651
1245,3245
8566,10566
8342,10342
3371,5371
1679,3679
4048,6048
6833,8833
9243,11243
3355,5355
6027,8027
8642,10642
9026,11026
8770,10770
8131,10131
6350,8350
8879,10879
7923,9923
5264,7264
7467,9467
2194,4194
656,2656
1214,3214
1664,3664
1007,3007
4477,6477
3225,5225
3059,5059
9708,12708
379,2379
2260,4260
5901,7901
6806,8806
4052,6052
3868,5868
2766,5766
2903,4903
6909,8909
4045,6045
9092,11092
9377,11377
1570,3570
9770,11770
1856,3856
8359,10359
5891,7891
1640,3640
9076,11076
1495,3495
1659,3659
5762,7762
7994,9994
5373,7373
6174,9174
6778,8778
3266,5266
84,3084
3442,5442
9618,12618
5550,8550
3421,5421
6841,8841
4915,6915
2879,4879
674,2674
7434,10434
9784,11784
6589,8589
2603,4603
5223,7223
8188,10188
8233,10233
6438,9438
1252,3252
3020,5020
2754,5754
8659,10659
8886,11886
4272,7272
7119,9119
7299,9299
719,2719
6409,8409
6898,8898
5054,7054
6898,8898
9800,11800
6084,9084
1336,3336
7665,9665
4624,6624
6094,8094
4964,6964
9033,11033
5452,7452
7372,9372
3345,5345
9449,11449
5421,7421
1137,3137
3428,5428
4010,6010
7257,9257
3177,5177
8008,10008
3176,5176
9332,11332
6143,8143
6835,8835
3931,5931
2968,4968
3578,5578
8138,10138
5182,7182
9436,11436
7770,10770
7046,9046
9127,11127
7184,9184
6497,8497
9947,11947
6354,9354
5633,7633
4567,6567
3731,5731
8147,10147
9559,11559
7677,9677
9046,11046
7484,9484
698,2698
9227,11227
3192,6192
6509,8509
15,2015
8544,11544
9997,11997
6605,8605
9105,11105
8904,11904
1497,3497
9375,11375
8121,10121
4199,6199
9810,12810
4260,7260
1988,3988
3638,5638
3054,6054
6758,8758
6413,8413
4364,6364
1905,3905
6793,8793
545,2545
2305,4305
2284,4284
5122,7122
108,3108
7753,9753
1360,3360
3813,5813
2369,4369
9364,11364
9395,11395
8895,10895
5280,8280
2224,4224
9135,11135
929,2929
3481,5481
3057,5057
3818,5818
3973,5973
1949,3949
5802,8802
1536,4536
2283,4283
2951,4951
7136,9136
9032,11032
8700,11700
9108,12108
7601,9601
1784,3784
5999,7999
1808,3808
9930,12930
1546,3546
30,3030
3849,5849
3268,5268
8601,10601
2935,4935
9527,11527
1559,3559
4480,6480
5701,7701
6768,9768
157,2157
6251,8251
5024,7024
1056,4056
8279,10279
6675,8675
3458,5458
7208,9208
681,2681
4337,6337
7712,9712
6878,8878
1173,3173
5587,7587
3600,6600
4726,6726
6430,8430
2905,4905
3081,5081
7637,9637
6485,8485
2452,4452
1051,3051
9345,11345
1781,3781
7032,10032
5294,7294
375,2375
6829,8829
4702,6702
2122,4122
1730,3730
9246,12246
7287,9287
1386,4386
9728,11728
7338,10338
5724,8724
3441,5441
2394,5394
5414,7414
9885,11885
3760,5760
3392,5392
1340,3340
575,2575
4759,6759
2297,4297
2927,4927
8275,10275
5969,7969
1674,4674
4716,7716
1749,3749
1134,4134
7488,10488
3981,5981
3560,5560
4074,7074
1591,3591
6041,8041
2168,4168
3011,5011
1065,3065
3155,5155
38,2038
817,2817
1665,3665
1686,4686
9455,11455
4306,6306
8827,10827
5812,7812
509,2509
2179,4179
394,2394
2727,4727
5095,7095
475,2475
7644,10644
862,2862
2336,4336
5327,7327
7407,9407
491,2491
271,2271
6167,8167
4311,6311
348,3348
8561,10561
5719,7719
718,2718
4177,6177
1772,3772
1292,3292
6448,8448
7380,10380
5279,7279
6654,9654
2342,4342
1051,3051
4778,6778
8463,10463
4327,6327
748,2748
5735,7735
6011,8011
4510,6510
6216,9216
7514,9514
8147,10147
8030,10030
4215,6215
4927,6927
8012,10012
3325,5325
244,2244
8670,11670
4632,7632
6361,8361
7574,9574
1662,4662
8458,10458
922,2922
4635,6635
5860,7860
3250,5250
6852,9852
8080,10080
5222,7222
2440,4440
9253,11253
9505,11505
443,2443
2225,4225
5067,7067
3872,5872
5973,7973
2666,4666
6264,9264
6686,8686
4506,7506
2782,4782
3173,5173
6087,8087
9136,11136
7671,9671
2889,4889
5028,8028
3904,5904
6725,8725
4029,6029
9797,11797
5827,7827
7457,9457
6784,8784
6623,8623
3654,6654
4473,6473
765,2765
7513,9513
6392,8392
6163,8163
1211,3211
9551,11551
1909,3909
9225,11225
8672,10672
3979,5979
43,2043
952,2952
9185,11185
1547,3547
5966,7966
186,3186
317,2317
2149,4149
4553,6553
8364,11364
2434,4434
2793,4793
3903,5903
2939,4939
7722,10722
4203,6203
1891,3891
508,2508
5761,7761
7340,9340
224,2224
1006,3006
5378,7378
3439,5439
4208,6208
1502,3502
7620,10620
6622,8622
2543,4543
7655,9655
484,2484
9073,11073
3286,5286
3078,6078
4126,6126
7796,9796
3583,5583
1451,3451
7556,9556
1958,3958
3613,5613
2191,4191
3249,5249
4682,6682
9687,11687
2825,4825
7740,10740
1957,3957
1271,3271
468,3468
2641,4641
6725,8725
3931,5931
8160,11160
9984,12984
7126,9126
9761,11761
5467,7467
6594,9594
677,2677
6036,9036
1024,3024
8547,10547
4537,6537
8811,10811
162,3162
7697,9697
9903,11903
5950,7950
8789,10789
8366,10366
2343,4343
4095,6095
1530,4530
1630,3630
4705,6705
667,2667
2947,4947
522,3522
3909,5909
1628,3628
775,2775
6413,8413
7741,9741
5936,7936
5463,7463
5630,7630
7491,9491
5415,7415
2011,4011
7837,9837
5614,7614
979,2979
2778,5778
1196,3196
277,2277
1689,3689
190,2190
5216,7216
4149,6149
146,2146
6317,8317
6158,8158
4388,6388
1088,3088
9194,11194
7251,9251
4385,6385
6075,8075
3735,5735
1561,3561
8565,10565
5178,8178
8408,10408
1992,4992
4322,6322
9705,11705
7387,9387
6868,8868
6189,8189
7825,9825
1552,3552
1979,3979
9660,12660
2432,4432
2028,5028
6918,9918
5346,8346
208,2208
4492,6492
9616,11616
4390,6390
9422,11422
8016,11016
1621,3621
8625,10625
1545,3545
1577,3577
9687,11687
2818,4818
6384,9384
6382,8382
3879,5879
1221,3221
6451,8451
7606,9606
8495,10495
4707,6707
1197,3197
4693,6693
3191,5191
3949,5949
1928,3928
185,2185
8095,10095
7969,9969
4721,6721
5467,7467
2872,4872
8035,10035
4810,6810
9678,12678
5156,7156
8404,10404
6335,8335
312,3312
772,2772
3065,5065
6616,8616
2977,4977
5358,8358
8709,10709
7987,9987
3071,5071
2003,4003
2816,4816
7671,9671
1100,3100
7728,10728
9676,11676
1190,3190
3105,5105
197,2197
7448,9448
5410,7410
6038,8038
3641,5641
8212,10212
2099,4099
4271,6271
3699,5699
1768,3768
6873,8873
8791,10791
9521,11521
7057,9057
6357,8357
1233,3233
5139,7139
8147,10147
2575,4575
1257,3257
6512,8512
2534,4534
4806,7806
1119,3119
5470,7470
5926,7926
6279,8279
2701,4701
5780,7780
8512,10512
6957,8957
764,2764
1150,3150
6925,8925
597,2597
4637,6637
3642,6642
2974,4974
1000,3000
180,3180
6835,8835
885,2885
6067,8067
7503,9503
1013,3013
3913,5913
8622,11622
4165,6165
3851,5851
1548,4548
2342,4342
4914,7914
826,2826
1280,3280
5185,7185
4763,6763
5176,7176
6717,8717
5116,7116
891,2891
7359,9359
5987,7987
8365,10365
4906,6906
5967,7967
2415,4415
5794,7794
1515,3515
6313,8313
8267,10267
149,2149
8386,10386
3075,5075
2908,4908
7719,9719
7443,9443
1275,3275
5330,7330
3630,6630
1220,3220
2488,4488
8124,11124
1989,3989
9617,11617
5573,7573
7270,9270
9930,12930
4168,6168
1477,3477
5478,8478
4383,6383
3910,5910
3717,5717
2088,5088
8456,10456
6362,8362
9278,11278
6046,8046
3719,5719
674,2674
6571,8571
7144,9144
5035,7035
1895,3895
8366,10366
9217,11217
5862,8862
4004,6004
8502,11502
7486,9486
9866,11866
3354,6354
4272,7272
5461,7461
6881,8881
3825,5825
7052,9052
1040,3040
9814,11814
7457,9457
6885,8885
7509,9509
2859,4859
3070,5070
9666,12666
3081,5081
9371,11371
1770,4770
6036,9036
3994,5994
9561,11561
6633,8633
1296,4296
1908,4908
9920,11920
310,2310
6295,8295
5038,7038
2675,4675
4031,6031
3717,5717
7695,9695
9974,11974
3731,5731
595,2595
1319,3319
4790,6790
737,2737
7913,9913
1557,3557
6062,8062
7840,9840
8396,10396
8244,11244
3985,5985
4232,6232
7651,9651
7476,10476
3912,6912
3206,5206
1966,3966
2726,4726
5518,7518
9779,11779
4024,6024
8464,10464
8636,10636
3635,5635
6524,8524
8659,10659
5443,7443
7415,9415
4896,7896
9810,12810
3219,5219
9471,11471
8311,10311
1928,3928
3845,5845
7400,9400
2930,4930
1568,3568
3761,5761
538,2538
6807,8807
241,2241
7760,9760
8739,10739
9416,11416
8407,10407
658,2658
6513,8513
4861,6861
6154,8154
7344,10344
6545,8545
4449,6449
8748,11748
111,2111
548,2548
4286,6286
1370,3370
2824,4824
3518,5518
8397,10397
1397,3397
7432,9432
6117,8117
1750,3750
5124,8124
2982,5982
8369,10369
3856,5856
615,2615
1134,4134
2539,4539
6132,9132
4629,6629
9159,11159
8928,11928
3855,5855
5362,7362
3285,5285
4701,6701
239,2239
755,2755
5906,7906
5025,7025
4633,6633
3504,6504
3142,5142
8333,10333
8536,10536
1766,3766
9856,11856
9402,12402
4741,6741
7526,9526
3406,5406
304,2304
2294,4294
4975,6975
6299,8299
88,2088
114,3114
5992,7992
4351,6351
8569,10569
5087,7087
7824,10824
969,2969
4336,6336
7588,9588
9635,11635
457,2457
3102,6102
6820,8820
7022,9022
4441,6441
4023,6023
7608,10608
2033,4033
8519,10519
1547,3547
3752,5752
2692,4692
6879,8879
901,2901
2272,4272
9667,11667
3275,5275
5915,7915
5887,7887
3102,6102
6880,8880
3047,5047
8874,11874
2444,4444
9262,11262
7796,9796
6052,8052
7082,9082
7062,10062
7248,10248
5619,7619
575,2575
5530,7530
8086,10086
479,2479
2426,4426
9533,11533
8654,10654
4946,6946
8588,10588
2326,4326
7200,10200
2884,4884
5355,7355
6037,8037
9670,11670
4040,6040
2707,4707
3270,6270
9253,11253
3691,5691
5777,7777
2893,4893
8623,10623
9352,11352
1743,3743
460,2460
8488,10488
4161,6161
395,2395
4958,6958
4010,6010
3544,5544
3180,6180
3275,5275
9687,11687
7320,10320
241,2241
2364,5364
4006,6006
6599,8599
280,2280
1938,4938
364,2364
6927,8927
2037,4037
8896,10896
5510,7510
3617,5617
2453,4453
6462,9462
2360,4360
2119,4119
8302,10302
4094,6094
3200,5200
8358,11358
2935,4935
785,2785
4460,6460
8734,10734
7987,9987
4978,6978
4789,6789
1619,3619
3046,5046
6621,8621
78,3078
8600,10600
7767,9767
4777,6777
4330,6330
7020,10020
6702,9702
2085,4085
608,2608
1268,3268
7211,9211
7841,9841
8893,10893
6478,8478
1231,3231
6587,8587
2837,4837
6929,8929
556,2556
409,2409
7043,9043
7270,9270
5241,7241
8128,10128
7747,9747
9468,12468
28,2028
7674,10674
3135,5135
4991,6991
713,2713
736,2736
3069,5069
7786,9786
9493,11493
4253,6253
6133,8133
3329,5329
3846,6846
9617,11617
4881,6881
7680,10680
9210,12210
175,2175
9122,11122
6107,8107
524,2524
5862,8862
2543,4543
4209,6209
5172,8172
8017,10017
8802,11802
8012,10012
1552,3552
4984,6984
3948,6948
6458,8458
2122,4122
8847,10847
9459,11459
7006,9006
7371,9371
2168,4168
7091,9091
7595,9595
6987,8987
3833,5833
2352,5352
287,2287
9821,11821
7134,10134
4734,7734
1819,3819
4790,6790
9195,11195
3170,5170
2131,4131
3616,5616
4014,7014
581,2581
1707,3707
2871,4871
1089,3089
4304,6304
8923,10923
4278,7278
7755,9755
2709,4709
4190,6190
4766,6766
5519,7519
7555,9555
4754,6754
1472,3472
815,2815
8596,10596
2910,5910
2518,4518
3430,5430
1464,4464
373,2373
5472,8472
5574,8574
596,2596
5963,7963
92,2092
3319,5319
8238,11238
6534,9534
2999,4999
6210,9210
8213,10213
8470,10470
4825,6825
4697,6697
593,2593
7578,10578
4136,6136
7924,9924
7850,9850
2504,4504
5556,8556
8189,10189
1817,3817
6594,9594
2327,4327
9557,11557
7415,9415
9595,11595
7863,9863
591,2591
5927,7927
5398,7398
6244,8244
1638,4638
6033,8033
7075,9075
4943,6943
4791,6791
3207,5207
8830,10830
9804,12804
4151,6151
8002,10002
3396,6396
686,2686
8636,10636
3887,5887
9729,11729
1651,3651
6450,9450
3664,5664
2241,4241
6515,8515
2541,4541
2620,4620
3494,5494
7028,9028
9341,11341
5387,7387
4147,6147
4060,6060
3337,5337
4136,6136
5702,7702
7445,9445
8770,10770
5546,7546
5197,7197
3128,5128
8014,10014
2536,4536
8485,10485
4086,7086
2304,5304
6614,8614
3841,5841
4259,6259
2567,4567
1692,4692
4760,6760
3683,5683
5768,7768
80,2080
6463,8463
5281,7281
7451,9451
5222,7222
1575,3575
8329,10329
7053,9053
6495,8495
8456,10456
63,2063
4653,6653
8859,10859
9059,11059
1305,3305
824,2824
2532,5532
3141,5141
2611,4611
1573,3573
3030,6030
1637,3637
5041,7041
8590,10590
7150,9150
6711,8711
8375,10375
4002,7002
5572,7572
7824,10824
1329,3329
1322,3322
6204,9204
4772,6772
9334,11334
9312,12312
884,2884
728,2728
5236,7236
7399,9399
2812,4812
9554,11554
1971,3971
5961,7961
988,2988
2943,4943
424,2424
3562,5562
9683,11683
2874,5874
8970,11970
6424,8424
113,2113
8765,10765
6230,8230
3491,5491
4047,6047
2752,4752
3935,5935
3217,5217
7722,10722
9067,11067
938,2938
3351,5351
293,2293
9531,11531
950,2950
3136,5136
2975,4975
1537,3537
4806,7806
1910,3910
6659,8659
9807,11807
7529,9529
692,2692
4086,7086
1412,3412
456,3456
7206,10206
835,2835
6228,9228
5606,7606
6777,8777
4499,6499
1845,3845
7975,9975
631,2631
1759,3759
4577,6577
7526,9526
9023,11023
7641,9641
3215,5215
1825,3825
7820,9820
3906,6906
2885,4885
7546,9546
6264,9264
3621,5621
3756,6756
3434,5434
8347,10347
7737,9737
9761,11761
7526,9526
5192,7192
403,2403
6369,8369
8270,10270
5420,7420
4963,6963
8631,10631
1887,3887
7531,9531
8686,10686
7047,9047
3612,6612
4878,7878
938,2938
4616,6616
127,2127
758,2758
1430,3430
3765,5765
4866,7866
4961,6961
1144,3144
1598,3598
9148,11148
100,2100
7533,9533
1461,3461
823,2823
1781,3781
1828,3828
1310,3310
3,2003
3038,5038
4329,6329
3420,6420
8161,10161
9938,11938
8059,10059
3207,5207
4177,6177
9564,12564
6474,9474
4788,7788
636,3636
8591,10591
4655,6655
5214,8214
9583,11583
2955,4955
5758,7758
5974,7974
6568,8568
341,2341
8610,11610
6563,8563
2553,4553
5052,8052
2911,4911
5257,7257
6938,8938
6330,9330
9643,11643
2978,4978
5425,7425
9897,11897
7660,9660
7800,10800
309,2309
2525,4525
6120,9120
1925,3925
6403,8403
5122,7122
372,3372
5040,8040
4619,6619
4825,6825
1438,3438
409,2409
9790,11790
2695,4695
6833,8833
8855,10855
187,2187
9281,11281
8811,10811
4457,6457
8821,10821
9514,11514
9336,12336
1318,3318
2257,4257
1120,3120
2246,4246
8559,10559
8031,10031
1458,4458
2345,4345
8852,10852
7497,9497
798,3798
571,2571
9240,12240
5178,8178
9587,11587
1906,3906
9511,11511
6568,8568
2410,4410
6503,8503
5086,7086
736,2736
8599,10599
8503,10503
7483,9483
1460,3460
4084,6084
6385,8385
4276,6276
7412,9412
5527,7527
8793,10793
7034,9034
2742,5742
9362,11362
2469,4469
728,2728
5266,7266
6816,9816
9012,12012
2351,4351
4717,6717
1638,4638
9326,11326
8674,10674
4035,6035
3929,5929
7436,9436
8781,10781
6712,8712
6499,8499
7652,9652
7315,9315
7991,9991
1459,3459
6266,8266
2056,4056
5814,8814
7982,9982
1928,3928
2139,4139
9309,11309
1866,4866
7430,9430
7295,9295
9142,11142
598,2598
3516,6516
9120,12120
7537,9537
803,2803
7015,9015
6791,8791
4870,6870
582,3582
53,2053
7802,9802
9287,11287
5150,7150
5847,7847
6619,8619
9006,12006
4445,6445
5155,7155
1618,3618
1437,3437
8432,10432
4861,6861
5825,7825
6544,8544
196,2196
6956,8956
7160,9160
8651,10651
1538,3538
5428,7428
8392,10392
1274,3274
6094,8094
5181,7181
4256,6256
2616,5616
3400,5400
4986,7986
9075,11075
965,2965
6013,8013
9857,11857
7970,9970
979,2979
8735,10735
4053,6053
8409,10409
4134,7134
1892,3892
6044,8044
4138,6138
2204,4204
2058,5058
2427,4427
6979,8979
7293,9293
8993,10993
8648,10648
7506,10506
194,2194
3305,5305
4012,6012
6099,8099
9221,11221
9331,11331
6663,8663
1068,4068
3544,5544
4310,6310
825,2825
9755,11755
7586,9586
2485,4485
3455,5455
2984,4984
6410,8410
1850,3850
1760,3760
2642,4642
1164,4164
7073,9073
4149,6149
6112,8112
3039,5039
6927,8927
9565,11565
6530,8530
7026,10026
4603,6603
3257,5257
7916,9916
9641,11641
9206,11206
8748,11748
5073,7073
3726,6726
6061,8061
7461,9461
536,2536
4109,6109
6180,9180
3969,5969
6229,8229
5541,7541
5376,8376
704,2704
5613,7613
8922,11922
3567,5567
304,2304
6327,8327
7025,9025
9038,11038
8389,10389
3513,5513
2654,4654
2500,4500
896,2896
2145,4145
3180,6180
3109,5109
5933,7933
1710,4710
3588,6588
2248,4248
7426,9426
1866,4866
6674,8674
3299,5299
8550,11550
1178,3178
6980,8980
4132,6132
3709,5709
1709,3709
2055,4055
5229,7229
1888,3888
3181,5181
6845,8845
1009,3009
69,2069
6338,8338
4274,6274
3183,5183
3900,6900
130,2130
5403,7403
9555,11555
1395,3395
3616,5616
4204,6204
8972,10972
8672,10672
2397,4397
4537,6537
5317,7317
1182,4182
5871,7871
7760,9760
7065,9065
3542,5542
8774,10774
6343,8343
265,2265
6327,8327
2460,5460
4410,7410
3527,5527
1608,4608
2173,4173
4404,7404
1445,3445
1529,3529
493,2493
1844,3844
9774,12774
3258,6258
199,2199
3387,5387
8819,10819
7166,9166
9253,11253
5928,8928
8055,10055
1993,3993
6148,8148
9599,11599
9537,11537
112,2112
1085,3085
5775,7775
7687,9687
2610,5610
7283,9283
4661,6661
2275,4275
6024,9024
7031,9031
4823,6823
5067,7067
6960,9960
8021,10021
4631,6631
4294,6294
5620,7620
9859,11859
3532,5532
1151,3151
5329,7329
7417,9417
6576,9576
3184,5184
9469,11469
3896,5896
3836,5836
1445,3445
7255,9255
9044,11044
4438,6438
989,2989
6593,8593
5629,7629
8030,10030
3658,5658
4,2004
9841,11841
5271,7271
9440,11440
5237,7237
4675,6675
4617,6617
2545,4545
2254,4254
1175,3175
9822,12822
581,2581
7657,9657
8761,10761
1048,3048
9674,11674
1068,4068
5339,7339
1817,3817
5921,7921
2090,4090
3289,5289
6457,8457
7425,9425
5827,7827
4092,7092
4193,6193
1589,3589
8683,10683
5260,7260
5947,7947
5308,7308
5760,8760
170,2170
7096,9096
5806,7806
1832,3832
1738,3738
7629,9629
2761,4761
297,2297
8372,10372
5457,7457
7547,9547
4752,7752
428,2428
3504,6504
3706,5706
5420,7420
8341,10341
169,2169
4481,6481
4733,6733
1151,3151
4715,6715
9072,12072
3085,5085
1960,3960
5991,7991
7455,9455
1744,3744
4526,6526
2527,4527
2773,4773
391,2391
3017,5017
8560,10560
3715,5715
3829,5829
1104,4104
3815,5815
2576,4576
7271,9271
8251,10251
8303,10303
1857,3857
367,2367
5232,8232
2543,4543
9276,12276
5841,7841
5866,7866
2892,5892
6503,8503
9481,11481
6637,8637
1877,3877
980,2980
8254,10254
6371,8371
6862,8862
3598,5598
8580,11580
1080,4080
4102,6102
5873,7873
6038,8038
103,2103
7474,9474
6340,8340
7759,9759
9871,11871
2101,4101
2839,4839
4190,6190
8128,10128
5520,8520
9082,11082
8141,10141
4449,6449
8402,10402
2187,4187
9524,11524
921,2921
9987,11987
5235,7235
9069,11069
859,2859
1874,3874
4017,6017
8948,10948
5088,8088
6787,8787
7984,9984
9777,11777
88,2088
6046,8046
7658,9658
5528,7528
4211,6211
765,2765
8250,11250
2338,4338
7222,9222
3705,5705
5910,8910
4096,6096
5867,7867
9489,11489
2671,4671
7194,10194
140,2140
15,2015
875,2875
2771,4771
5836,7836
4537,6537
9681,11681
355,2355
1649,3649
7550,9550
8096,10096
6500,8500
6389,8389
4925,6925
6157,8157
4295,6295
1892,3892
77,2077
6188,8188
4944,7944
359,2359
5825,7825
9993,11993
5442,8442
1319,3319
5706,8706
2863,4863
5982,8982
4902,7902
8134,10134
53,2053
1012,3012
7,2007
1708,3708
720,3720
2402,4402
8836,10836
4395,6395
1054,3054
3199,5199
998,2998
1412,3412
2347,4347
4760,6760
2838,5838
6316,8316
9820,11820
2546,4546
4874,6874
4600,6600
932,2932
9342,12342
1428,4428
822,3822
5840,7840
966,3966
8203,10203
7173,9173
1391,3391
1551,3551
630,3630
5526,8526
5387,7387
7161,9161
5509,7509
6502,8502
5871,7871
1641,3641
1068,4068
7797,9797
3983,5983
9832,11832
8151,10151
6632,8632
4668,7668
2764,4764
9154,11154
8437,10437
8024,10024
5201,7201
1314,4314
8839,10839
5932,7932
9535,11535
7135,9135
1742,3742
141,2141
1539,3539
5435,7435
4673,6673
7243,9243
6686,8686
231,2231
30,3030
4637,6637
2936,4936
76,2076
2314,4314
3065,5065
8655,10655
9089,11089
4393,6393
2442,5442
2392,4392
7241,9241
8344,10344
5967,7967
3016,5016
6107,8107
4472,6472
8516,10516
5755,7755
6443,8443
1640,3640
5360,7360
2460,5460
1683,3683
6806,8806
7257,9257
6604,8604
3982,5982
3834,6834
8246,10246
1004,3004
1432,3432
4959,6959
911,2911
5776,7776
3580,5580
571,2571
2685,4685
5224,7224
5939,7939
9148,11148
7380,10380
1765,3765
8157,10157
5015,7015
9579,11579
9108,12108
4807,6807
2578,4578
2732,4732
2190,5190
4595,6595
5091,7091
7042,9042
2652,5652
2845,4845
5236,7236
5829,7829
3721,5721
2398,4398
2166,5166
2577,4577
5702,7702
8581,10581
5565,7565
4564,6564
6629,8629
9653,11653
85,2085
7385,9385
2068,4068
1902,4902
2864,4864
281,2281
1012,3012
8370,11370
7370,9370
6440,8440
7218,10218
5469,7469
7885,9885
4792,6792
5216,7216
7008,10008
1548,4548
5750,7750
2265,4265
3450,6450
9798,12798
2513,4513
3333,5333
2230,4230
1948,3948
1637,3637
8311,10311
4615,6615
7899,9899
7897,9897
6966,9966
4663,6663
6935,8935
9030,12030
4211,6211
1127,3127
1615,3615
7063,9063
1198,3198
1641,3641
1540,3540
200,2200
3204,6204
1034,3034
129,2129
3448,5448
8891,10891
3108,6108
4594,6594
5011,7011
3,2003
1106,3106
9033,11033
1903,3903
5205,7205
549,2549
4626,7626
1202,3202
6006,9006
2288,4288
6652,8652
650,2650
2379,4379
5292,8292
7579,9579
1753,3753
9539,11539
380,2380
7914,10914
3740,5740
8395,10395
9924,12924
4205,6205
4028,6028
4977,6977
3498,6498
9994,11994
9301,11301
6376,8376
3634,5634
5047,7047
1918,3918
1306,3306
7061,9061
8076,11076
7002,10002
8378,10378
3938,5938
1440,4440
8278,10278
1819,3819
4586,6586
238,2238
2634,5634
955,2955
8783,10783
885,2885
1201,3201
5628,8628
3316,5316
8994,11994
5625,7625
4074,7074
8881,10881
7418,9418
660,3660
3069,5069
2747,4747
3756,6756
4917,6917
1062,4062
8468,10468
6233,8233
5196,8196
5131,7131
1739,3739
9235,11235
5875,7875
5107,7107
7671,9671
7662,10662
3758,5758
2417,4417
7479,9479
1476,4476
8977,10977
4566,7566
4781,6781
3783,5783
2473,4473
325,2325
7148,9148
2416,4416
4604,6604
3324,6324
2735,4735
6664,8664
705,2705
6721,8721
6176,8176
4559,6559
8497,10497
6152,8152
6585,8585
5690,7690
4723,6723
8139,10139
2297,4297
3146,5146
1571,3571
7160,9160
7136,9136
9835,11835
1218,4218
1683,3683
7521,9521
1040,3040
8076,11076
2461,4461
3709,5709
1946,3946
5100,8100
3395,5395
2380,4380
4707,6707
6738,9738
8721,10721
4344,7344
2805,4805
6781,8781
9307,11307
7544,9544
6187,8187
4274,6274
6812,8812
7238,9238
1569,3569
3963,5963
6407,8407
2102,4102
7247,9247
8117,10117
211,2211
5372,7372
9879,11879
3687,5687
281,2281
8037,10037
9073,11073
5092,7092
702,3702
8577,10577
6704,8704
7228,9228
5796,8796
8540,10540
9634,11634
8990,10990
2285,4285
4719,6719
8543,10543
6957,8957
8952,11952
6625,8625
2479,4479
3807,5807
2855,4855
9609,11609
3374,5374
7215,9215
4243,6243
1986,4986
3220,5220
8101,10101
4151,6151
4446,7446
8822,10822
231,2231
9147,11147
9861,11861
7116,10116
4541,6541
1206,4206
28,2028
5978,7978
5539,7539
1841,3841
4215,6215
1237,3237
8201,10201
872,2872
7160,9160
9306,12306
8857,10857
643,2643
5540,7540
6748,8748
6141,8141
3134,5134
9888,12888
644,2644
4113,6113
1459,3459
1566,4566
6204,9204
5474,7474
6192,9192
2527,4527
1684,3684
2975,4975
1752,4752
3511,5511
2604,5604
458,2458
3225,5225
385,2385
720,3720
4701,6701
7241,9241
2390,4390
1663,3663
2401,4401
5081,7081
6001,8001
453,2453
4158,7158
5076,8076
1653,3653
4470,7470
2029,4029
2001,4001
8756,10756
3692,5692
9047,11047
1020,4020
3080,5080
4176,7176
5240,7240
3664,5664
5835,7835
9788,11788
4330,6330
812,2812
8200,10200
9763,11763
9857,11857
1003,3003
8747,10747
8159,10159
3228,6228
9518,11518
5192,7192
2985,4985
5619,7619
2760,5760
7168,9168
3674,5674
9203,11203
680,2680
9101,11101
5603,7603
843,2843
9877,11877
4996,6996
8321,10321
6939,8939
8871,10871
5833,7833
6919,8919
3204,6204
1737,3737
2166,5166
4186,6186
145,2145
7726,9726
3025,5025
1614,4614
7786,9786
8560,10560
6291,8291
2782,4782
5661,7661
6702,9702
8172,11172
3379,5379
1123,3123
1544,3544
8014,10014
4325,6325
453,2453
1645,3645
6550,8550
229,2229
1686,4686
5909,7909
4678,6678
6951,8951
9690,12690
8274,11274
2987,4987
6186,9186
6097,8097
1829,3829
6024,9024
2684,4684
853,2853
8751,10751
6786,9786
7396,9396
1097,3097
9728,11728
6232,8232
3692,5692
466,2466
258,3258
1474,3474
1542,4542
2809,4809
8152,10152
3092,5092
3010,5010
4525,6525
6590,8590
4161,6161
2041,4041
8333,10333
3511,5511
3482,5482
7907,9907
1276,3276
4218,7218
4188,7188
7031,9031
9175,11175
3081,5081
7889,9889
1457,3457
1040,3040
5262,8262
7724,9724
4604,6604
4123,6123
6500,8500
9956,11956
4095,6095
2074,4074
1062,4062
4375,6375
4593,6593
5067,7067
8863,10863
6984,9984
8651,10651
2267,4267
6480,9480
9278,11278
1077,3077
56,2056
57,2057
5019,7019
653,2653
6173,8173
8928,11928
4151,6151
3487,5487
6526,8526
4475,6475
1776,4776
1925,3925
853,2853
8832,11832
8592,11592
5258,7258
9051,11051
2946,5946
4554,7554
8771,10771
5213,7213
5644,7644
8126,10126
7532,9532
2215,4215
2429,4429
9033,11033
7505,9505
5134,7134
6305,8305
4821,6821
1857,3857
816,3816
4515,6515
8507,10507
7719,9719
7474,9474
5662,7662
4160,6160
629,2629
7045,9045
312,3312
2426,4426
253,2253
6901,8901
9000,12000
8795,10795
214,2214
3381,5381
4414,6414
6826,8826
8113,10113
4340,6340
6150,9150
7295,9295
8134,10134
3953,5953
6118,8118
4112,6112
3467,5467
6379,8379
76,2076
5205,7205
4193,6193
3368,5368
6984,9984
7131,9131
1116,4116
1647,3647
7586,9586
1621,3621
4884,7884
5076,8076
309,2309
4342,6342
3933,5933
877,2877
1858,3858
3437,5437
6678,9678
9842,11842
3814,5814
915,2915
6681,8681
2128,4128
6051,8051
4990,6990
3039,5039
2771,4771
9099,11099
1914,4914
3145,5145
9933,11933
9420,12420
1815,3815
6032,8032
6013,8013
9414,12414
2157,4157
7311,9311
5319,7319
3319,5319
9015,11015
55,2055
8555,10555
2755,4755
4396,6396
8550,11550
857,2857
9486,12486
2521,4521
927,2927
261,2261
1649,3649
9636,12636
5759,7759
8637,10637
5180,7180
5607,7607
5549,7549
6035,8035
3625,5625
2823,4823
7195,9195
800,2800
2129,4129
6540,9540
7887,9887
4156,6156
1772,3772
8415,10415
2669,4669
255,2255
1835,3835
5335,7335
2530,4530
3202,5202
4187,6187
6105,8105
9595,11595
3490,5490
740,2740
1458,4458
6289,8289
3758,5758
2104,4104
666,3666
8173,10173
8699,10699
8135,10135
5412,8412
5522,7522
2919,4919
8832,11832
2007,4007
1802,3802
2804,4804
6788,8788
5284,7284
3067,5067
1869,3869
2652,5652
2642,4642
458,2458
619,2619
4911,6911
6324,9324
2449,4449
9589,11589
5952,8952
2946,5946
1766,3766
1029,3029
6986,8986
5639,7639
6364,8364
1379,3379
4422,7422
448,2448
4033,6033
9896,11896
2877,4877
8018,10018
3213,5213
8684,10684
1361,3361
3104,5104
8097,10097
3293,5293
4952,6952
304,2304
5757,7757
155,2155
8732,10732
3651,5651
3333,5333
1785,3785
8506,10506
1937,3937
352,2352
7099,9099
3520,5520
61,2061
590,2590
27,2027
5386,7386
7210,9210
7466,9466
3209,5209
1339,3339
2345,4345
2062,4062
9019,11019
1591,3591
7490,9490
3268,5268
3550,5550
4467,6467
9199,11199
8815,10815
6253,8253
6322,8322
6636,9636
7930,9930
2612,4612
8105,10105
7627,9627
8333,10333
5957,7957
267,2267
6408,9408
339,2339
1226,3226
5038,7038
6451,8451
1080,4080
7672,9672
9139,11139
4488,7488
2057,4057
5358,8358
2995,4995
446,2446
8863,10863
8469,10469
8755,10755
2184,5184
1250,3250
8228,10228
815,2815
4620,7620
4440,7440
4660,6660
2074,4074
5391,7391
7523,9523
9847,11847
7231,9231
1094,3094
4967,6967
449,2449
9531,11531
6446,8446
2629,4629
6150,9150
5616,8616
3489,5489
4538,6538
1008,4008
907,2907
3131,5131
9927,11927
9807,11807
1699,3699
3987,5987
6771,8771
6543,8543
6553,8553
6841,8841
7891,9891
8233,10233
2802,5802
5032,7032
2156,4156
3254,5254
702,3702
5177,7177
7892,9892
7985,9985
2685,4685
7993,9993
6471,8471
6428,8428
8625,10625
71,2071
5127,7127
2261,4261
2505,4505
3869,5869
3662,5662
9323,11323
6071,8071
2894,4894
7454,9454
2811,4811
5950,7950
5400,8400
9707,11707
3346,5346
789,2789
4656,7656
6136,8136
1055,3055
5925,7925
4082,6082
9437,11437
9674,11674
5999,7999
2756,4756
64,2064
7628,9628
8200,10200
6999,8999
2022,5022
9596,11596
2430,5430
1737,3737
3169,5169
3241,5241
1624,3624
3779,5779
4222,6222
2236,4236
209,2209
7904,9904
533,2533
5111,7111
8148,11148
7119,9119
9603,11603
1441,3441
8794,10794
6354,9354
6225,8225
8208,11208
4162,6162
6972,9972
5047,7047
653,2653
7053,9053
2768,4768
1933,3933
2829,4829
2779,4779
9503,11503
5637,7637
4820,6820
4424,6424
9197,11197
2913,4913
198,3198
6258,9258
5285,7285
3132,6132
1179,3179
3806,5806
6811,8811
6242,8242
4844,6844
6074,8074
7712,9712
7257,9257
7058,9058
7699,9699
8026,10026
2105,4105
8775,10775
2899,4899
5560,7560
1177,3177
7856,9856
8400,11400
5672,7672
6794,8794
7738,9738
7498,9498
9569,11569
9950,11950
8517,10517
738,3738
8779,10779
75,2075
2112,5112
7758,10758
9855,11855
2862,5862
7475,9475
8836,10836
1201,3201
1632,4632
4941,6941
9084,12084
4828,6828
1994,3994
8465,10465
5146,7146
1469,3469
4324,6324
1167,3167
4273,6273
9082,11082
3062,5062
8546,10546
6467,8467
3219,5219
1617,3617
5495,7495
3367,5367
1830,4830
7881,9881
2416,4416
684,3684
7707,9707
3513,5513
6024,9024
7365,9365
7653,9653
8589,10589
7300,9300
9016,11016
256,2256
6176,8176
4273,6273
8248,10248
8629,10629
8181,10181
2299,4299
1185,3185
2500,4500
876,3876
9672,12672
6748,8748
5258,7258
1802,3802
2408,4408
6569,8569
86,2086
8131,10131
9498,12498
7618,9618
1418,3418
4560,7560
1843,3843
1462,3462
5433,7433
3491,5491
9404,11404
1210,3210
9397,11397
6079,8079
9848,11848
3156,6156
3907,5907
7114,9114
5333,7333
6892,8892
5804,7804
4703,6703
573,2573
4174,6174
6520,8520
689,2689
5433,7433
9452,11452
325,2325
571,2571
2018,4018
1679,3679
9856,11856
5590,7590
5818,7818
1965,3965
1382,3382
1392,4392
3081,5081
2099,4099
5767,7767
2729,4729
3283,5283
9384,12384
607,2607
9880,11880
9627,11627
4453,6453
2436,5436
2844,5844
8932,10932
1358,3358
2616,5616
855,2855
4203,6203
1149,3149
3252,6252
2027,4027
9450,12450
8394,11394
5064,8064
2005,4005
1760,3760
3125,5125
4742,6742
5331,7331
1934,3934
353,2353
7667,9667
3736,5736
4085,6085
4302,7302
5673,7673
5388,8388
9339,11339
6746,8746
1352,3352
4765,6765
8518,10518
4037,6037
40,2040
9528,12528
6083,8083
6137,8137
6364,8364
3107,5107
1668,4668
8620,10620
2909,4909
7569,9569
525,2525
4164,7164
9941,11941
293,2293
6183,8183
3910,5910
1135,3135
4817,6817
2188,4188
4484,6484
5002,7002
3677,5677
1397,3397
9530,11530
9090,12090
9290,11290
6072,9072
609,2609
5486,7486
5884,7884
906,3906
6391,8391
8098,10098
6274,8274
7620,10620
569,2569
6377,8377
4810,6810
3081,5081
4254,7254
6518,8518
9232,11232
9630,12630
5353,7353
1866,4866
4745,6745
251,2251
3484,5484
4463,6463
1226,3226
965,2965
2644,4644
209,2209
3027,5027
276,3276
7534,9534
4171,6171
182,2182
5569,7569
5295,7295
3734,5734
1474,3474
4699,6699
3749,5749
603,2603
6878,8878
6564,9564
7584,10584
2294,4294
5424,8424
9435,11435
3970,5970
3375,5375
6804,9804
2032,4032
6576,9576
6627,8627
2398,4398
702,3702
1514,3514
7637,9637
7959,9959
6941,8941
129,2129
5152,7152
3292,5292
8531,10531
5592,8592
2281,4281
9232,11232
7051,9051
6335,8335
6087,8087
4176,7176
231,2231
9245,11245
8662,10662
8171,10171
4879,6879
3735,5735
7901,9901
1068,4068
7632,10632
9297,11297
8308,10308
7763,9763
5341,7341
5583,7583
3763,5763
419,2419
5789,7789
6000,9000
5662,7662
3978,6978
757,2757
3350,5350
3792,6792
1537,3537
2919,4919
7569,9569
4679,6679
5070,8070
2416,4416
1201,3201
9504,12504
8812,10812
6529,8529
3003,5003
4966,6966
5404,7404
7560,10560
4564,6564
1963,3963
260,2260
2451,4451
5811,7811
8871,10871
2732,4732
6192,9192
6224,8224
7577,9577
2585,4585
2937,4937
2679,4679
3029,5029
921,2921
4967,6967
2071,4071
200,2200
6475,8475
5932,7932
6438,9438
30,3030
6545,8545
984,3984
5509,7509
8206,10206
9958,11958
1271,3271
1983,3983
3144,6144
9412,11412
1782,4782
6409,8409
6399,8399
3957,5957
283,2283
3757,5757
3723,5723
6829,8829
8964,11964
7938,10938
6862,8862
7586,9586
4360,6360
9114,12114
1399,3399
6268,8268
1942,3942
6429,8429
1911,3911
299,2299
1499,3499
7665,9665
1239,3239
1054,3054
3630,6630
4068,7068
5297,7297
6114,9114
7639,9639
1280,3280
7496,9496
6698,8698
6131,8131
5485,7485
3376,5376
54,3054
9740,11740
7449,9449
7011,9011
7819,9819
3467,5467
2227,4227
8404,10404
196,2196
4560,7560
2739,4739
7394,9394
8062,10062
5237,7237
100,2100
9560,11560
2410,4410
6537,8537
2259,4259
6704,8704
6074,8074
1228,3228
1537,3537
9046,11046
166,2166
1311,3311
3475,5475
4320,7320
3613,5613
7694,9694
6484,8484
137,2137
81,2081
5878,7878
4845,6845
7620,10620
8686,10686
1560,4560
5289,7289
7537,9537
9762,12762
3020,5020
1262,3262
7520,9520
4304,6304
1847,3847
1574,3574
1816,3816
3234,6234
2117,4117
526,2526
9949,11949
2840,4840
7979,9979
2396,4396
6511,8511
2444,4444
8991,10991
7399,9399
9489,11489
2472,5472
6104,8104
2381,4381
4386,7386
7563,9563
2965,4965
8454,11454
7514,9514
708,3708
3101,5101
8794,10794
4842,7842
4645,6645
6068,8068
5174,7174
9793,11793
6547,8547
4612,6612
6085,8085
9469,11469
8148,11148
7964,9964
9957,11957
5324,7324
6360,9360
7440,10440
586,2586
1105,3105
9967,11967
5678,7678
9744,12744
1376,3376
4343,6343
2507,4507
4533,6533
2898,5898
4021,6021
5267,7267
8886,11886
9149,11149
2639,4639
109,2109
1622,3622
9424,11424
8091,10091
2206,4206
3893,5893
4321,6321
7061,9061
731,2731
1599,3599
5254,7254
8686,10686
5077,7077
9488,11488
4592,6592
7744,9744
621,2621
6080,8080
2785,4785
5890,7890
3883,5883
1091,3091
1893,3893
9821,11821
4221,6221
7762,9762
1506,4506
8678,10678
1782,4782
8812,10812
5135,7135
8751,10751
997,2997
6540,9540
9735,11735
4746,7746
3547,5547
6442,8442
1272,4272
449,2449
460,2460
4009,6009
8902,10902
2743,4743
4955,6955
5881,7881
6599,8599
9525,11525
2419,4419
5520,8520
1114,3114
7635,9635
3304,5304
3832,5832
7793,9793
7444,9444
6010,8010
928,2928
3252,6252
1695,3695
6196,8196
1724,3724
9834,12834
514,2514
2033,4033
2082,5082
8491,10491
5693,7693
1230,4230
5408,7408
7136,9136
2999,4999
856,2856
9223,11223
6557,8557
4329,6329
9693,11693
7703,9703
4423,6423
569,2569
6619,8619
5561,7561
5596,7596
9437,11437
6489,8489
8682,11682
9805,11805
8472,11472
9927,11927
6156,9156
9409,11409
7138,9138
2326,4326
3926,5926
3705,5705
5734,7734
7347,9347
6497,8497
638,2638
9177,11177
4811,6811
9284,11284
9418,11418
2594,4594
3603,5603
4558,6558
2938,4938
7910,9910
2690,4690
4187,6187
5332,7332
8463,10463
4356,7356
6323,8323
6797,8797
9812,11812
2794,4794
7192,9192
3212,5212
8139,10139
9068,11068
2086,4086
1674,4674
7993,9993
5269,7269
2285,4285
9014,11014
4589,6589
7059,9059
4307,6307
6907,8907
5210,7210
3363,5363
391,2391
267,2267
2325,4325
2190,5190
1285,3285
8398,10398
1218,4218
4733,6733
5831,7831
6669,8669
273,2273
3086,5086
4249,6249
1069,3069
8041,10041
1392,4392
1171,3171
5356,7356
6243,8243
8693,10693
9653,11653
3686,5686
8968,10968
7997,9997
5877,7877
9769,11769
6366,9366
305,2305
5541,7541
1597,3597
9505,11505
865,2865
9663,11663
8074,10074
1586,3586
548,2548
5699,7699
5434,7434
1893,3893
792,3792
4870,6870
3875,5875
5474,7474
5576,7576
9674,11674
5088,8088
5878,7878
9032,11032
2112,5112
722,2722
2334,5334
3498,6498
65,2065
2093,4093
8024,10024
7555,9555
4358,6358
6582,9582
7870,9870
346,2346
309,2309
951,2951
3944,5944
6632,8632
881,2881
1444,3444
9815,11815
3331,5331
9524,11524
716,2716
8905,10905
764,2764
9937,11937
4709,6709
9996,12996
2402,4402
5565,7565
229,2229
4837,6837
8778,11778
3275,5275
7437,9437
8144,10144
8904,11904
6827,8827
6106,8106
467,2467
771,2771
4616,6616
7753,9753
9620,11620
5940,8940
9588,12588
549,2549
5271,7271
9013,11013
5428,7428
5529,7529
8986,10986
90,3090
7522,9522
3292,5292
6228,9228
9025,11025
8397,10397
1945,3945
6918,9918
8270,10270
2497,4497
4873,6873
1041,3041
4152,7152
9975,11975
2287,4287
1477,3477
3438,6438
416,2416
787,2787
6393,8393
8674,10674
836,2836
6997,8997
756,3756
5811,7811
7764,10764
1156,3156
3123,5123
7998,10998
1886,3886
5334,8334
7193,9193
2660,4660
3889,5889
2276,4276
2330,4330
2471,4471
7385,9385
7966,9966
2431,4431
8375,10375
715,2715
7853,9853
9050,11050
2543,4543
4641,6641
3089,5089
9604,11604
4771,6771
3347,5347
8805,10805
9456,12456
6186,9186
8329,10329
7866,10866
4042,6042
2489,4489
2036,4036
4437,6437
4545,6545
9014,11014
4977,6977
2773,4773
178,2178
174,3174
1887,3887
1497,3497
5591,7591
2979,4979
3806,5806
4200,7200
4473,6473
5497,7497
2349,4349
1305,3305
4605,6605
8782,10782
9938,11938
2321,4321
7354,9354
6585,8585
3176,5176
3467,5467
6921,8921
7715,9715
4215,6215
9801,11801
7123,9123
40,2040
8711,10711
5813,7813
3648,6648
1545,3545
790,2790
8649,10649
6332,8332
8280,11280
1012,3012
956,2956
4648,6648
7576,9576
1638,4638
7365,9365
2258,4258
1122,4122
3870,6870
7966,9966
5748,8748
2084,4084
5679,7679
8034,11034
1108,3108
3567,5567
3585,5585
4032,7032
9637,11637
8583,10583
2563,4563
3286,5286
404,2404
2273,4273
8484,11484
305,2305
5847,7847
9273,11273
952,2952
9908,11908
7121,9121
1116,4116
135,2135
5535,7535
6037,8037
4671,6671
2849,4849
4108,6108
5625,7625
1029,3029
1080,4080
4322,6322
1688,3688
2926,4926
1765,3765
2513,4513
2333,4333
6529,8529
5897,7897
9981,11981
8724,11724
1879,3879
6064,8064
990,3990
3716,5716
5039,7039
982,2982
8720,10720
7498,9498
7678,9678
431,2431
5151,7151
153,2153
8268,11268
4220,6220
1729,3729
6556,8556
3584,5584
3901,5901
7868,9868
6064,8064
924,3924
9497,11497
8482,10482
7138,9138
807,2807
8376,11376
8562,11562
5146,7146
6059,8059
6443,8443
8705,10705
6029,8029
514,2514
3041,5041
3594,6594
8362,10362
2207,4207
3200,5200
1019,3019
6857,8857
4040,6040
7053,9053
1500,4500
2464,4464
5945,7945
2484,5484
1190,3190
2956,4956
6537,8537
9028,11028
946,2946
2185,4185
7566,10566
9808,11808
705,2705
8125,10125
2508,5508
5831,7831
1418,3418
1985,3985
6150,9150
8862,11862
5959,7959
4237,6237
4055,6055
6014,8014
7602,10602
67,2067
8049,10049
9505,11505
2259,4259
4377,6377
4909,6909
8412,11412
3033,5033
5689,7689
4405,6405
3698,5698
6539,8539
8025,10025
814,2814
7585,9585
7255,9255
7566,10566
9731,11731
4903,6903
6618,9618
2221,4221
5926,7926
6128,8128
293,2293
3225,5225
2576,4576
9730,11730
9832,11832
999,2999
9014,11014
838,2838
6765,8765
24,3024
7933,9933
9264,12264
3151,5151
4589,6589
3951,5951
6528,9528
5894,7894
9379,11379
4573,6573
814,2814
7126,9126
3957,5957
8132,10132
2010,5010
2022,5022
1383,3383
3688,5688
1237,3237
5701,7701
4540,6540
6550,8550
2860,4860
2125,4125
1659,3659
4470,7470
9818,11818
3928,5928
3032,5032
28,2028
2387,4387
6215,8215
1764,4764
5496,8496
6674,8674
9044,11044
5784,8784
3780,6780
1546,3546
4389,6389
7524,10524
7928,9928
9350,11350
2825,4825
3676,5676
8652,11652
5377,7377
6909,8909
8225,10225
8645,10645
4857,6857
4282,6282
2466,5466
2950,4950
8669,10669
1850,3850
9379,11379
29,2029
9149,11149
321,2321
4506,7506
7175,9175
6443,8443
2422,4422
5878,7878
4071,6071
5912,7912
476,2476
873,2873
311,2311
6415,8415
5297,7297
4935,6935
7530,10530
6587,8587
2932,4932
922,2922
6333,8333
6134,8134
7521,9521
2196,5196
2789,4789
8999,10999
4480,6480
9779,11779
1943,3943
8502,11502
3801,5801
8877,10877
8910,11910
911,2911
9450,12450
4462,6462
4045,6045
493,2493
866,2866
3652,5652
3267,5267
339,2339
3345,5345
3725,5725
9778,11778
4926,7926
2837,4837
6933,8933
3439,5439
6054,9054
1323,3323
7782,10782
6878,8878
3038,5038
575,2575
7241,9241
4060,6060
1145,3145
5029,7029
7843,9843
9744,12744
9272,11272
1485,3485
7507,9507
864,3864
7529,9529
5032,7032
2575,4575
9885,11885
6725,8725
4277,6277
7473,9473
231,2231
6897,8897
1960,3960
6523,8523
9641,11641
2756,4756
2739,4739
8765,10765
9058,11058
5172,8172
8622,11622
9109,11109
5477,7477
9526,11526
306,3306
3906,6906
2836,4836
5058,8058
4373,6373
540,3540
3289,5289
7517,9517
772,2772
4129,6129
4883,6883
8973,10973
5165,7165
7316,9316
4848,7848
9805,11805
1600,3600
1456,3456
2164,4164
7115,9115
2178,5178
4221,6221
8129,10129
4198,6198
8565,10565
2973,4973
6342,9342
5430,8430
4992,7992
1287,3287
956,2956
4830,7830
1941,3941
9760,11760
9236,11236
2504,4504
4969,6969
8376,11376
1330,3330
5470,7470
4226,6226
7512,10512
7432,9432
7871,9871
2266,4266
4276,6276
4631,6631
9770,11770
766,2766
9901,11901
4498,6498
5766,8766
5189,7189
6064,8064
8898,11898
4294,6294
1374,4374
5770,7770
4368,7368
8968,10968
771,2771
4750,6750
83,2083
1288,3288
9961,11961
212,2212
3923,5923
7803,9803
8989,10989
7508,9508
1891,3891
197,2197
1877,3877
1427,3427
4971,6971
1705,3705
5974,7974
9868,11868
6882,9882
6593,8593
4762,6762
4645,6645
5034,8034
4555,6555
8985,10985
1868,3868
7408,9408
8278,10278
4776,7776
5021,7021
6542,8542
5439,7439
6772,8772
8648,10648
8423,10423
9387,11387
4477,6477
8309,10309
2741,4741
4846,6846
9316,11316
1404,4404
1569,3569
4472,6472
6551,8551
2100,5100
4126,6126
2431,4431
8042,10042
1807,3807
6661,8661
9827,11827
8525,10525
4313,6313
8224,10224
6638,8638
6465,8465
9980,11980
2612,4612
2544,5544
8453,10453
8835,10835
862,2862
973,2973
7299,9299
917,2917
6830,8830
2034,5034
7463,9463
6203,8203
625,2625
5354,7354
7304,9304
894,3894
2111,4111
5658,8658
2771,4771
4587,6587
5384,7384
4610,6610
9782,11782
1475,3475
9833,11833
7901,9901
8375,10375
2326,4326
3275,5275
1636,3636
7094,9094
6565,8565
4202,6202
4624,6624
4446,7446
9024,12024
3710,5710
6256,8256
8062,10062
1071,3071
7902,10902
3903,5903
4212,7212
8143,10143
7789,9789
583,2583
8903,10903
8075,10075
7896,10896
854,2854
3880,5880
4238,6238
7588,9588
21,2021
7374,10374
6732,9732
8034,11034
5234,7234
9599,11599
7255,9255
4885,6885
9595,11595
8800,10800
913,2913
3346,5346
4393,6393
8484,11484
1533,3533
8902,10902
744,3744
4405,6405
7436,9436
4442,6442
8235,10235
6438,9438
1176,4176
1443,3443
652,2652
748,2748
5605,7605
499,2499
4100,6100
4558,6558
4201,6201
8114,10114
9987,11987
3405,5405
3703,5703
1889,3889
4085,6085
5754,8754
9812,11812
1783,3783
3338,5338
4269,6269
3493,5493
5206,7206
3823,5823
3839,5839
242,2242
2750,4750
2202,5202
7138,9138
4826,6826
9211,11211
2341,4341
3762,6762
9136,11136
6149,8149
4491,6491
7731,9731
3849,5849
51,2051
2064,5064
6403,8403
2626,4626
3700,5700
4225,6225
2446,4446
9997,11997
8617,10617
226,2226
146,2146
2738,4738
1357,3357
5215,7215
620,2620
3026,5026
9728,11728
1429,3429
6464,8464
4145,6145
7747,9747
9492,12492
9859,11859
3855,5855
6311,8311
7851,9851
5507,7507
2651,4651
8187,10187
8084,10084
2298,5298
4503,6503
7516,9516
9082,11082
2360,4360
7510,9510
2111,4111
7863,9863
4627,6627
4808,6808
3789,5789
9694,11694
9920,11920
2795,4795
5942,7942
7273,9273
9602,11602
9739,11739
1869,3869
6062,8062
7694,9694
7297,9297
2368,4368
2732,4732
4564,6564
8143,10143
7474,9474
5400,8400
630,3630
7096,9096
156,3156
3469,5469
1720,3720
959,2959
4159,6159
450,3450
1551,3551
1502,3502
6149,8149
6160,8160
2351,4351
9058,11058
1854,4854
757,2757
8304,11304
1980,4980
8471,10471
1400,3400
6152,8152
2865,4865
9166,11166
6330,9330
1802,3802
8857,10857
8523,10523
4739,6739
8870,10870
9842,11842
5913,7913
1996,3996
8379,10379
8240,10240
3770,5770
8815,10815
7866,10866
3624,6624
1742,3742
3283,5283
1754,3754
1293,3293
9355,11355
4752,7752
4956,7956
5705,7705
7312,9312
3368,5368
1692,4692
2234,4234
5047,7047
579,2579
1,2001
8262,11262
8459,10459
1799,3799
7318,9318
9345,11345
7914,10914
506,2506
7741,9741
644,2644
2716,4716
989,2989
2217,4217
2142,5142
2077,4077
9356,11356
6243,8243
8262,11262
9984,12984
9921,11921
610,2610
1305,3305
7270,9270
2875,4875
4162,6162
8651,10651
1064,3064
9413,11413
9455,11455
9516,12516
5643,7643
7813,9813
2343,4343
3346,5346
1834,3834
3071,5071
976,2976
1170,4170
2671,4671
5855,7855
5339,7339
7977,9977
2059,4059
4529,6529
2243,4243
9448,11448
3810,6810
3058,5058
127,2127
7271,9271
4708,6708
1174,3174
7690,9690
863,2863
5277,7277
9567,11567
7001,9001
4165,6165
309,2309
6775,8775
396,3396
9669,11669
9403,11403
1643,3643
2210,4210
7696,9696
4299,6299
3611,5611
8121,10121
8715,10715
7071,9071
6573,8573
7566,10566
2670,5670
502,2502
7131,9131
6437,8437
2293,4293
2133,4133
3980,5980
9761,11761
9601,11601
8748,11748
5620,7620
2960,4960
6947,8947
7885,9885
9669,11669
492,3492
8469,10469
7084,9084
1855,3855
321,2321
2261,4261
3999,5999
47,2047
1312,3312
164,2164
6487,8487
928,2928
6542,8542
4637,6637
7935,9935
4126,6126
4397,6397
4539,6539
4316,6316
5288,7288
9151,11151
9329,11329
8510,10510
7855,9855
8168,10168
1077,3077
7041,9041
9990,12990
3970,5970
7411,9411
7615,9615
5086,7086
8094,11094
9770,11770
4626,7626
7559,9559
8259,10259
4371,6371
440,2440
945,2945
5241,7241
1050,4050
2133,4133
6393,8393
9830,11830
9130,11130
1366,3366
5240,7240
3943,5943
1536,4536
5712,8712
262,2262
1819,3819
5794,7794
7400,9400
3835,5835
7878,10878
819,2819
6353,8353
3683,5683
1834,3834
8309,10309
6412,8412
6677,8677
1586,3586
3518,5518
3564,6564
1778,3778
457,2457
9257,11257
2161,4161
1545,3545
274,2274
7863,9863
5395,7395
791,2791
5939,7939
683,2683
1976,3976
2876,4876
7901,9901
7450,9450
1726,3726
5526,8526
4803,6803
8790,11790
7594,9594
5638,7638
7681,9681
9921,11921
1695,3695
7930,9930
808,2808
2844,5844
9645,11645
8067,10067
349,2349
3385,5385
297,2297
5085,7085
81,2081
5930,7930
4914,7914
8663,10663
5308,7308
8961,10961
7269,9269
9165,11165
369,2369
6241,8241
448,2448
5043,7043
8784,11784
959,2959
7294,9294
7661,9661
8242,10242
2709,4709
8145,10145
421,2421
7052,9052
7896,10896
4592,6592
5669,7669
4938,7938
2956,4956
8208,11208
1817,3817
3545,5545
4960,6960
4987,6987
8340,11340
9051,11051
248,2248
3786,6786
3501,5501
3546,6546
7849,9849
5885,7885
3347,5347
3734,5734
1341,3341
3907,5907
3824,5824
3942,6942
5580,8580
2096,4096
8781,10781
4349,6349
2364,5364
9477,11477
3499,5499
5594,7594
5895,7895
2136,5136
650,2650
3836,5836
9018,12018
6386,8386
9907,11907
3665,5665
8755,10755
2918,4918
6541,8541
9469,11469
8610,11610
5136,8136
5729,7729
1690,3690
3859,5859
6380,8380
833,2833
2047,4047
811,2811
6464,8464
4328,6328
3860,5860
432,3432
1583,3583
7618,9618
7274,9274
880,2880
3643,5643
9420,12420
7471,9471
3290,5290
5778,8778
5583,7583
2279,4279
8552,10552
8318,10318
9430,11430
4173,6173
8941,10941
6801,8801
4315,6315
2445,4445
4381,6381
5609,7609
4254,7254
3576,6576
724,2724
8811,10811
8549,10549
9246,12246
6951,8951
3086,5086
2261,4261
514,2514
5118,8118
9832,11832
3005,5005
5525,7525
8690,10690
2020,4020
611,2611
6188,8188
25,2025
8815,10815
6059,8059
583,2583
4760,6760
9040,11040
1289,3289
130,2130
9969,11969
7747,9747
2825,4825
781,2781
6740,8740
1565,3565
8998,10998
9121,11121
9024,12024
7917,9917
6081,8081
6944,8944
8409,10409
6182,8182
2399,4399
4316,6316
3436,5436
1805,3805
269,2269
3338,5338
670,2670
3823,5823
8392,10392
9150,12150
453,2453
4244,6244
2528,4528
1390,3390
3092,5092
420,3420
9396,12396
2792,4792
4447,6447
9263,11263
1615,3615
1775,3775
7822,9822
6848,8848
7469,9469
2199,4199
3520,5520
4230,7230
9876,12876
6993,8993
5854,7854
2385,4385
4656,7656
4669,6669
8915,10915
4208,6208
1561,3561
163,2163
9414,12414
7106,9106
9667,11667
7803,9803
9232,11232
4635,6635
9389,11389
9380,11380
668,2668
7067,9067
2328,5328
2285,4285
7410,10410
4365,6365
9193,11193
9600,12600
7375,9375
2318,4318
4975,6975
4187,6187
779,2779
3621,5621
1845,3845
8824,10824
4832,6832
8384,10384
4914,7914
6002,8002
1276,3276
1804,3804
2089,4089
3761,5761
8883,10883
9724,11724
4095,6095
8191,10191
3703,5703
6707,8707
4903,6903
7331,9331
5213,7213
3740,5740
7500,10500
3066,6066
3776,5776
5788,7788
438,3438
2588,4588
1446,4446
3782,5782
4493,6493
6752,8752
8432,10432
1794,4794
7150,9150
2706,5706
1896,4896
917,2917
4473,6473
4099,6099
9487,11487
7420,9420
7776,10776
9920,11920
8245,10245
9840,12840
1064,3064
9620,11620
4522,6522
8716,10716
5626,7626
5029,7029
3527,5527
7056,10056
5701,7701
9608,11608
5934,8934
9035,11035
7677,9677
9132,12132
9687,11687
4736,6736
2745,4745
2903,4903
7378,9378
666,3666
6530,8530
9462,12462
6062,8062
9940,11940
401,2401
1855,3855
1143,3143
1619,3619
3087,5087
6261,8261
1523,3523
6582,9582
5662,7662
620,2620
5806,7806
3061,5061
1826,3826
3365,5365
8482,10482
6227,8227
3852,6852
8745,10745
7024,9024
1396,3396
9400,11400
7473,9473
6376,8376
2399,4399
2414,4414
3914,5914
2257,4257
8070,11070
8431,10431
2262,5262
4039,6039
5158,7158
5345,7345
2994,5994
2755,4755
3652,5652
8748,11748
3827,5827
1551,3551
1091,3091
1517,3517
3701,5701
3596,5596
9913,11913
8640,11640
5973,7973
7433,9433
5566,7566
2705,4705
172,2172
2558,4558
5806,7806
8593,10593
1518,4518
5705,7705
7579,9579
96,3096
2877,4877
1673,3673
3676,5676
4952,6952
1146,4146
1583,3583
4861,6861
2596,4596
3761,5761
9976,11976
2958,5958
4777,6777
9192,12192
4008,7008
6693,8693
7434,10434
6583,8583
9206,11206
2940,5940
5091,7091
8342,10342
510,3510
8673,10673
7443,9443
5488,7488
4001,6001
6478,8478
1502,3502
6764,8764
9568,11568
8152,10152
9596,11596
5510,7510
9339,11339
9351,11351
9824,11824
2880,5880
4646,6646
1283,3283
9233,11233
3924,6924
1647,3647
4340,6340
3783,5783
7763,9763
2601,4601
4202,6202
3680,5680
5213,7213
4086,7086
1174,3174
6714,9714
50,2050
5394,8394
3111,5111
1789,3789
7671,9671
8720,10720
2226,5226
8135,10135
1336,3336
3995,5995
6441,8441
4523,6523
3475,5475
1705,3705
6354,9354
6968,8968
1268,3268
5457,7457
9498,12498
4262,6262
7482,10482
6043,8043
8317,10317
6125,8125
1064,3064
4550,6550
1907,3907
9431,11431
2622,5622
863,2863
8658,11658
6022,8022
7373,9373
2650,4650
3160,5160
1138,3138
4456,6456
1628,3628
3156,6156
9848,11848
8855,10855
8385,10385
7601,9601
3824,5824
3005,5005
3961,5961
2251,4251
1562,3562
1872,4872
5655,7655
3597,5597
8160,11160
40,2040
1860,4860
1787,3787
1479,3479
109,2109
203,2203
7178,9178
3091,5091
2083,4083
2183,4183
3441,5441
4840,6840
1180,3180
4262,6262
8728,10728
2899,4899
9658,11658
2084,4084
4680,7680
3662,5662
7428,10428
5805,7805
7227,9227
5801,7801
3013,5013
9636,12636
2302,4302
1963,3963
559,2559
8402,10402
2874,5874
2405,4405
305,2305
4343,6343
8290,10290
6608,8608
4992,7992
3409,5409
433,2433
2445,4445
8597,10597
8894,10894
8305,10305
7662,10662
9059,11059
452,2452
4398,7398
1737,3737
5430,8430
6310,8310
8050,10050
8551,10551
8109,10109
3164,5164
526,2526
8286,11286
8143,10143
2489,4489
3666,6666
1180,3180
3617,5617
753,2753
8138,10138
7657,9657
170,2170
9920,11920
7258,9258
2225,4225
9083,11083
1073,3073
1778,3778
3542,5542
446,2446
1852,3852
404,2404
4754,6754
4096,6096
591,2591
1564,3564
7760,9760
9293,11293
1183,3183
7693,9693
4093,6093
37,2037
271,2271
4644,7644
7503,9503
7579,9579
2458,4458
5449,7449
5258,7258
262,2262
9315,11315
4004,6004
7804,9804
239,2239
276,3276
7573,9573
8185,10185
3357,5357
7641,9641
3893,5893
2904,5904
173,2173
6295,8295
7368,10368
4635,6635
3940,5940
7076,9076
7500,10500
8034,11034
170,2170
6481,8481
8701,10701
9878,11878
7458,10458
6700,8700
8820,11820
8174,10174
3063,5063
2752,4752
8550,11550
2891,4891
7308,10308
1083,3083
74,2074
170,2170
1740,4740
808,2808
7286,9286
9567,11567
1545,3545
4873,6873
211,2211
6628,8628
9585,11585
6618,9618
2292,5292
6255,8255
3092,5092
8673,10673
7068,10068
6743,8743
5214,8214
6558,9558
4532,6532
4108,6108
8005,10005
5987,7987
3095,5095
7717,9717
9379,11379
9096,12096
4387,6387
5852,7852
9322,11322
7948,9948
6661,8661
9818,11818
154,2154
1897,3897
4435,6435
608,2608
3735,5735
5463,7463
7694,9694
1611,3611
16,2016
4571,6571
9602,11602
4484,6484
7796,9796
7142,9142
6002,8002
1562,3562
5980,7980
409,2409
5061,7061
3038,5038
7058,9058
458,2458
9023,11023
8352,11352
6395,8395
3851,5851
8370,11370
3308,5308
1331,3331
5141,7141
5552,7552
3808,5808
8401,10401
2781,4781
1662,4662
4719,6719
563,2563
4909,6909
9988,11988
1555,3555
3843,5843
101,2101
1360,3360
640,2640
2780,4780
1087,3087
2815,4815
1180,3180
4192,6192
8911,10911
6338,8338
9743,11743
382,2382
1548,4548
2453,4453
7747,9747
1529,3529
7450,9450
7433,9433
1260,4260
8055,10055
3957,5957
5569,7569
3404,5404
7368,10368
9766,11766
7500,10500
6575,8575
499,2499
812,2812
3846,6846
2035,4035
6770,8770
1962,4962
8707,10707
6542,8542
2337,4337
7653,9653
5364,8364
9515,11515
3017,5017
6751,8751
2584,4584
4138,6138
1086,4086
6200,8200
6631,8631
3597,5597
3289,5289
5354,7354
1695,3695
705,2705
6833,8833
189,2189
3330,6330
3372,6372
7922,9922
6038,8038
5597,7597
6782,8782
728,2728
2497,4497
4156,6156
5072,7072
7114,9114
5135,7135
9543,11543
4530,7530
6465,8465
6541,8541
5085,7085
7770,10770
7101,9101
3192,6192
2527,4527
4232,6232
2212,4212
5718,8718
4456,6456
7105,9105
3815,5815
894,3894
732,3732
9038,11038
8143,10143
618,3618
2875,4875
5594,7594
8017,10017
9490,11490
1440,4440
6556,8556
8704,10704
9448,11448
2767,4767
3414,6414
5825,7825
8179,10179
2047,4047
9236,11236
6722,8722
5951,7951
9690,12690
3004,5004
8726,10726
8052,11052
7168,9168
5423,7423
9700,11700
6557,8557
8759,10759
5906,7906
7820,9820
6514,8514
1327,3327
1600,3600
2422,4422
1593,3593
9203,11203
5066,7066
1524,4524
7234,9234
2931,4931
1388,3388
9220,11220
1932,4932
7907,9907
9675,11675
8739,10739
2387,4387
1369,3369
5055,7055
4272,7272
388,2388
149,2149
930,3930
2103,4103
5784,8784
1535,3535
5384,7384
47,2047
5930,7930
4894,6894
3977,5977
7062,10062
4675,6675
1727,3727
7396,9396
607,2607
6480,9480
5247,7247
2584,4584
3027,5027
3501,5501
9096,12096
7856,9856
3506,5506
3495,5495
9938,11938
2447,4447
6734,8734
8566,10566
1847,3847
1180,3180
2277,4277
7328,9328
1643,3643
2640,5640
5213,7213
4604,6604
9468,12468
7173,9173
1912,3912
5675,7675
8968,10968
8079,10079
35,2035
145,2145
4491,6491
2543,4543
9467,11467
8675,10675
8341,10341
3501,5501
5661,7661
1973,3973
4922,6922
2461,4461
5113,7113
3534,6534
7147,9147
7011,9011
8228,10228
6122,8122
7654,9654
5881,7881
8104,10104
7399,9399
8582,10582
3139,5139
297,2297
7528,9528
7598,9598
6226,8226
1012,3012
5327,7327
5718,8718
3315,5315
5059,7059
1379,3379
3767,5767
4997,6997
8151,10151
4008,7008
9498,12498
1167,3167
2581,4581
2634,5634
4334,6334
804,3804
8705,10705
4196,6196
3402,6402
9067,11067
2238,5238
8094,11094
1073,3073
5768,7768
5730,8730
6378,9378
3649,5649
6269,8269
2103,4103
9188,11188
5925,7925
3567,5567
6646,8646
8471,10471
4559,6559
596,2596
8989,10989
681,2681
7452,10452
9064,11064
6897,8897
7735,9735
7543,9543
4209,6209
2704,4704
3951,5951
3496,5496
7674,10674
4561,6561
9991,11991
2471,4471
9642,12642
4158,7158
9455,11455
5677,7677
8086,10086
8142,11142
3910,5910
8993,10993
649,2649
7184,9184
6149,8149
2180,4180
5486,7486
1095,3095
9313,11313
3675,5675
254,2254
3812,5812
1913,3913
8532,11532
3621,5621
4679,6679
4289,6289
2784,5784
5808,8808
3934,5934
7844,9844
4011,6011
6516,9516
7646,9646
1472,3472
9416,11416
6154,8154
7695,9695
1441,3441
6089,8089
3405,5405
5045,7045
9972,12972
6661,8661
5740,7740
5962,7962
9526,11526
4711,6711
9017,11017
2279,4279
4429,6429
908,2908
6722,8722
3708,6708
445,2445
6913,8913
6205,8205
4476,7476
3550,5550
249,2249
5476,7476
9491,11491
5974,7974
1528,3528
8128,10128
8146,10146
4131,6131
9986,11986
9566,11566
9154,11154
2580,5580
6796,8796
6389,8389
1214,3214
1858,3858
7631,9631
8817,10817
3724,5724
4399,6399
3892,5892
2360,4360
6349,8349
8880,11880
8444,10444
9666,12666
4411,6411
2817,4817
4959,6959
8774,10774
5528,7528
4100,6100
5773,7773
9008,11008
5769,7769
7793,9793
3326,5326
289,2289
3184,5184
2765,4765
9397,11397
6021,8021
7543,9543
1340,3340
7607,9607
7134,10134
784,2784
7605,9605
8758,10758
545,2545
4313,6313
242,2242
7625,9625
2776,4776
551,2551
5145,7145
323,2323
2594,4594
1471,3471
8530,10530
1499,3499
3315,5315
4693,6693
2572,4572
213,2213
7172,9172
5399,7399
7043,9043
528,3528
4584,7584
6325,8325
7958,9958
2339,4339
7733,9733
6768,9768
6478,8478
2536,4536
8700,11700
601,2601
1934,3934
2730,5730
3658,5658
6693,8693
4680,7680
3434,5434
1785,3785
6124,8124
6821,8821
5756,7756
7264,9264
9987,11987
7341,9341
300,3300
3240,6240
709,2709
4221,6221
8548,10548
6540,9540
9142,11142
3890,5890
3614,5614
7995,9995
5587,7587
3576,6576
5373,7373
6976,8976
2511,4511
6854,8854
9515,11515
9259,11259
8010,11010
5686,7686
9379,11379
4905,6905
4668,7668
7706,9706
7162,9162
6524,8524
13,2013
732,3732
5647,7647
2950,4950
8434,10434
5388,8388
528,3528
8758,10758
9582,12582
5151,7151
6085,8085
1948,3948
6983,8983
9855,11855
7563,9563
4460,6460
582,3582
8696,10696
4471,6471
7564,9564
3325,5325
8339,10339
7806,10806
3550,5550
2995,4995
3865,5865
412,2412
3771,5771
6163,8163
3711,5711
524,2524
3030,6030
1977,3977
5638,7638
8171,10171
5289,7289
5852,7852
1893,3893
7302,10302
7623,9623
6634,8634
2593,4593
5056,7056
8751,10751
3059,5059
3907,5907
9752,11752
6680,8680
7298,9298
9142,11142
8868,11868
6163,8163
5166,8166
1814,3814
2484,5484
4214,6214
5588,7588
6066,9066
1768,3768
8791,10791
2350,4350
6626,8626
3078,6078
722,2722
1075,3075
3349,5349
8050,10050
981,2981
1524,4524
4038,7038
9703,11703
1335,3335
5083,7083
6086,8086
4181,6181
3888,6888
6544,8544
9676,11676
3725,5725
9282,12282
7560,10560
539,2539
7726,9726
4731,6731
6890,8890
6356,8356
1668,4668
1392,4392
6140,8140
4396,6396
2120,4120
4064,6064
690,3690
1404,4404
181,2181
7305,9305
726,3726
9733,11733
8164,10164
5534,7534
2393,4393
2708,4708
8697,10697
9336,12336
9169,11169
8215,10215
432,3432
7085,9085
7809,9809
4470,7470
2067,4067
3725,5725
6710,8710
7657,9657
5940,8940
3259,5259
3223,5223
2455,4455
4520,6520
7975,9975
8646,11646
1747,3747
7383,9383
7998,10998
8718,11718
8466,11466
8303,10303
2015,4015
2502,5502
741,2741
5540,7540
8795,10795
1601,3601
8434,10434
3645,5645
1763,3763
7704,10704
1705,3705
9790,11790
6814,8814
3989,5989
397,2397
133,2133
8446,10446
831,2831
9972,12972
6040,8040
7275,9275
7645,9645
9662,11662
1280,3280
1060,3060
3347,5347
477,2477
5111,7111
2581,4581
5885,7885
904,2904
9012,12012
4937,6937
8585,10585
3520,5520
2483,4483
6381,8381
3417,5417
7524,10524
5888,7888
4479,6479
1529,3529
3118,5118
5666,7666
2384,4384
1598,3598
5385,7385
5469,7469
806,2806
3621,5621
6337,8337
434,2434
2287,4287
9767,11767
5770,7770
3456,6456
4090,6090
6212,8212
8342,10342
5279,7279
6317,8317
4271,6271
8458,10458
7536,10536
3708,6708
8188,10188
1989,3989
511,2511
926,2926
9822,12822
4975,6975
2599,4599
5661,7661
1090,3090
6352,8352
1009,3009
6125,8125
6662,8662
8164,10164
6816,9816
4475,6475
9940,11940
749,2749
3531,5531
7092,10092
4555,6555
178,2178
5072,7072
188,2188
7320,10320
57,2057
2086,4086
9581,11581
274,2274
4335,6335
7532,9532
7966,9966
784,2784
2955,4955
1555,3555
1980,4980
3086,5086
4815,6815
3535,5535
5720,7720
5240,7240
3930,6930
1657,3657
651,2651
6047,8047
8642,10642
1461,3461
4161,6161
634,2634
280,2280
1892,3892
9221,11221
2398,4398
5881,7881
8223,10223
6765,8765
9781,11781
2145,4145
8342,10342
2001,4001
6083,8083
1668,4668
4473,6473
5826,8826
3712,5712
6394,8394
7033,9033
9187,11187
7869,9869
9594,12594
5892,8892
7657,9657
9876,12876
884,2884
7632,10632
3747,5747
4394,6394
6108,9108
614,2614
2218,4218
2323,4323
9132,12132
498,3498
1472,3472
1129,3129
481,2481
4624,6624
3601,5601
1060,3060
5623,7623
8155,10155
4810,6810
6351,8351
503,2503
5277,7277
3615,5615
7368,10368
9340,11340
4601,6601
8643,10643
430,2430
4652,6652
9938,11938
6580,8580
5142,8142
8549,10549
8930,10930
1935,3935
7357,9357
9094,11094
1450,3450
6096,9096
4962,7962
6235,8235
1665,3665
3262,5262
7676,9676
7220,9220
6948,9948
7925,9925
8011,10011
3134,5134
3523,5523
3510,6510
4534,6534
945,2945
9290,11290
6151,8151
8962,10962
8543,10543
3118,5118
2281,4281
838,2838
6892,8892
9210,12210
9442,11442
694,2694
7186,9186
8649,10649
4794,7794
8643,10643
1446,4446
833,2833
2936,4936
568,2568
1013,3013
5795,7795
4784,6784
5898,8898
9723,11723
5218,7218
1980,4980
5014,7014
6726,9726
8726,10726
5746,7746
4843,6843
2364,5364
6849,8849
5637,7637
4957,6957
6527,8527
4970,6970
7760,9760
4876,6876
1381,3381
5250,8250
1134,4134
67,2067
833,2833
4249,6249
7781,9781
2389,4389
1963,3963
3865,5865
5293,7293
7190,9190
7872,10872
6743,8743
2744,4744
1656,4656
6399,8399
8589,10589
3153,5153
6735,8735
4102,6102
7706,9706
7081,9081
4612,6612
5406,8406
7047,9047
9431,11431
5403,7403
2427,4427
971,2971
999,2999
4637,6637
6989,8989
7452,10452
2670,5670
1983,3983
8143,10143
2913,4913
6315,8315
6983,8983
9403,11403
5622,8622
7008,10008
2562,5562
5904,8904
6159,8159
7778,9778
3240,6240
9026,11026
4201,6201
5726,7726
4492,6492
1352,3352
7974,10974
8245,10245
2354,4354
9914,11914
315,2315
3131,5131
6916,8916
5389,7389
6920,8920
5028,8028
4308,7308
5097,7097
8726,10726
8177,10177
8795,10795
7241,9241
4686,7686
4166,6166
2883,4883
5732,7732
4929,6929
9924,12924
4928,6928
7408,9408
3161,5161
6641,8641
2187,4187
5446,7446
1962,4962
4030,6030
8389,10389
6874,8874
118,2118
9201,11201
4885,6885
129,2129
7223,9223
2915,4915
118,2118
7295,9295
2942,4942
598,2598
4199,6199
4650,7650
5742,8742
8135,10135
4730,6730
5347,7347
501,2501
9213,11213
4160,6160
8281,10281
4973,6973
5181,7181
1532,3532
7604,9604
4495,6495
4557,6557
8719,10719
5910,8910
4731,6731
7643,9643
5633,7633
4102,6102
8444,10444
6970,8970
5651,7651
1373,3373
7181,9181
5447,7447
5255,7255
847,2847
7471,9471
3591,5591
7537,9537
7820,9820
6382,8382
9547,11547
3737,5737
7568,9568
1884,4884
7929,9929
1906,3906
1802,3802
2462,4462
2029,4029
2097,4097
7121,9121
2521,4521
7061,9061
4560,7560
9882,12882
7555,9555
1101,3101
7578,10578
2871,4871
2747,4747
5381,7381
1402,3402
6290,8290
7354,9354
7809,9809
9393,11393
9077,11077
9945,11945
2654,4654
2037,4037
3708,6708
4655,6655
3750,6750
7216,9216
5553,7553
1153,3153
462,3462
6145,8145
9409,11409
1956,4956
4009,6009
8590,10590
9461,11461
2415,4415
4575,6575
6878,8878
1828,3828
6727,8727
3027,5027
5262,8262
8633,10633
7780,9780
8296,10296
341,2341
8370,11370
5236,7236
7516,9516
7362,10362
2645,4645
1725,3725
1969,3969
2,2002
2627,4627
147,2147
5669,7669
2524,4524
1272,4272
9147,11147
9906,12906
8204,10204
3231,5231
5086,7086
1602,4602
1573,3573
9707,11707
3425,5425
7721,9721
5121,7121
9317,11317
9703,11703
6891,8891
4865,6865
4224,7224
2207,4207
1975,3975
6614,8614
790,2790
7231,9231
7574,9574
9268,11268
718,2718
3498,6498
1651,3651
6955,8955
4327,6327
6812,8812
4008,7008
2145,4145
2911,4911
9673,11673
9016,11016
3752,5752
8148,11148
8940,11940
4876,6876
6079,8079
4334,6334
5518,7518
1980,4980
5487,7487
352,2352
6151,8151
3571,5571
5128,7128
6424,8424
8443,10443
9669,11669
8851,10851
2157,4157
4321,6321
846,3846
19,2019
6215,8215
314,2314
581,2581
6523,8523
6425,8425
8480,10480
1151,3151
7131,9131
1099,3099
5025,7025
2061,4061
1953,3953
2406,5406
3175,5175
3782,5782
684,3684
5780,7780
443,2443
8294,10294
2451,4451
9033,11033
1282,3282
4597,6597
1350,4350
6830,8830
4603,6603
412,2412
7843,9843
9264,12264
4993,6993
2193,4193
7282,9282
1713,3713
3161,5161
8946,11946
4637,6637
8957,10957
373,2373
1574,3574
5746,7746
1790,3790
2853,4853
7116,10116
987,2987
716,2716
8438,10438
696,3696
8573,10573
4271,6271
8590,10590
6136,8136
9164,11164
3472,5472
1203,3203
9391,11391
8735,10735
102,3102
3285,5285
1615,3615
2940,5940
6412,8412
6476,8476
6696,9696
357,2357
612,3612
3237,5237
4035,6035
1815,3815
2943,4943
360,3360
5635,7635
1812,4812
5025,7025
1591,3591
870,3870
7921,9921
6079,8079
9196,11196
7875,9875
3670,5670
994,2994
120,3120
3810,6810
7735,9735
5976,8976
2840,4840
1217,3217
2573,4573
7267,9267
7657,9657
1727,3727
5570,7570
3063,5063
9389,11389
5654,7654
6008,8008
9444,12444
2942,4942
5553,7553
5700,8700
7236,10236
4782,7782
7482,10482
8597,10597
8821,10821
3958,5958
7926,10926
3670,5670
6951,8951
206,2206
3932,5932
572,2572
6058,8058
553,2553
6164,8164
3053,5053
8719,10719
2625,4625
4388,6388
6233,8233
8464,10464
9696,12696
9219,11219
4030,6030
8815,10815
295,2295
3827,5827
2273,4273
7072,9072
2750,4750
6096,9096
9342,12342
8715,10715
4025,6025
8787,10787
5700,8700
1775,3775
7268,9268
8785,10785
7366,9366
2136,5136
9818,11818
4363,6363
1770,4770
1294,3294
4474,6474
5115,7115
3252,6252
8817,10817
8879,10879
6081,8081
6376,8376
5199,7199
6500,8500
7768,9768
5185,7185
917,2917
3091,5091
7399,9399
5548,7548
4579,6579
3502,5502
2290,4290
4584,7584
448,2448
712,2712
5436,8436
570,3570
9595,11595
1606,3606
696,3696
7118,9118
6870,9870
7096,9096
974,2974
497,2497
6178,8178
7716,10716
6064,8064
4775,6775
5493,7493
4149,6149
7219,9219
8443,10443
2494,4494
8221,10221
5424,8424
5272,7272
32,2032
9469,11469
6495,8495
5998,7998
5452,7452
6738,9738
2236,4236
5901,7901
5829,7829
7489,9489
4169,6169
9379,11379
6270,9270
1110,4110
794,2794
6460,8460
3509,5509
9196,11196
5175,7175
8265,10265
7245,9245
9737,11737
2632,4632
8498,10498
1425,3425
9166,11166
7466,9466
2077,4077
962,2962
7205,9205
9421,11421
4240,6240
5736,8736
1196,3196
2221,4221
909,2909
9479,11479
1687,3687
6510,9510
8887,10887
5007,7007
1389,3389
4943,6943
820,2820
6522,9522
1227,3227
4606,6606
6969,8969
4426,6426
1303,3303
4216,6216
4205,6205
7512,10512
6291,8291
5896,7896
7532,9532
5177,7177
7444,9444
6592,8592
6153,8153
6839,8839
1263,3263
5756,7756
683,2683
8225,10225
325,2325
9004,11004
1270,3270
3111,5111
9873,11873
9739,11739
1574,3574
1379,3379
4360,6360
2378,4378
806,2806
9111,11111
6522,9522
9188,11188
5776,7776
5817,7817
4374,7374
6644,8644
9977,11977
517,2517
4038,7038
1443,3443
7413,9413
7499,9499
6378,9378
5891,7891
3126,6126
1638,4638
2260,4260
7727,9727
2563,4563
3582,6582
2372,4372
543,2543
9473,11473
1637,3637
4422,7422
7225,9225
9297,11297
8740,10740
5613,7613
2776,4776
3146,5146
6632,8632
5117,7117
8311,10311
5857,7857
5645,7645
5359,7359
6306,9306
8428,10428
8946,11946
1326,4326
7188,10188
6166,8166
7936,9936
3233,5233
4736,6736
4707,6707
5620,7620
1652,3652
3739,5739
4413,6413
277,2277
6866,8866
7400,9400
9239,11239
8042,10042
2904,5904
5779,7779
3028,5028
8373,10373
2913,4913
8248,10248
6577,8577
3736,5736
1248,4248
1928,3928
9412,11412
3773,5773
9348,12348
7044,10044
4061,6061
2503,4503
1747,3747
9134,11134
3757,5757
3385,5385
4923,6923
1726,3726
8712,11712
6889,8889
7123,9123
6434,8434
9585,11585
1121,3121
8067,10067
504,3504
754,2754
4991,6991
8754,11754
4995,6995
1542,4542
2985,4985
3461,5461
9259,11259
2049,4049
6821,8821
1399,3399
45,2045
3689,5689
5787,7787
4708,6708
6579,8579
3526,5526
9103,11103
2188,4188
949,2949
8304,11304
641,2641
389,2389
1516,3516
1584,4584
6302,8302
5901,7901
4921,6921
9684,12684
7069,9069
6382,8382
5609,7609
2711,4711
1543,3543
3408,6408
1542,4542
9504,12504
6856,8856
7740,10740
959,2959
8883,10883
9146,11146
4778,6778
3031,5031
4973,6973
9651,11651
5822,7822
9209,11209
6083,8083
8432,10432
1201,3201
2342,4342
1473,3473
3542,5542
792,3792
8516,10516
139,2139
26,2026
6371,8371
9622,11622
8698,10698
4033,6033
5266,7266
3086,5086
9752,11752
8690,10690
2674,4674
5133,7133
6563,8563
1977,3977
3346,5346
4025,6025
9673,11673
7414,9414
9365,11365
9383,11383
9852,12852
113,2113
7193,9193
8018,10018
1158,4158
8709,10709
7571,9571
2040,5040
7735,9735
2897,4897
829,2829
9101,11101
8661,10661
688,2688
8795,10795
6491,8491
825,2825
4340,6340
6137,8137
3566,5566
4621,6621
3438,6438
3128,5128
1915,3915
713,2713
517,2517
9980,11980
8878,10878
2565,4565
8944,10944
8059,10059
2381,4381
3704,5704
245,2245
1565,3565
7352,9352
4098,7098
492,3492
6361,8361
5457,7457
4497,6497
6984,9984
9824,11824
9473,11473
8271,10271
4174,6174
9592,11592
3112,5112
2167,4167
9992,11992
8955,10955
4451,6451
2374,4374
5735,7735
835,2835
7274,9274
451,2451
1232,3232
7324,9324
2903,4903
1385,3385
3960,6960
8891,10891
9110,11110
7574,9574
3053,5053
7764,10764
9645,11645
9342,12342
9781,11781
6539,8539
2598,5598
2743,4743
2793,4793
2460,5460
8966,10966
4165,6165
9919,11919
1903,3903
2628,5628
896,2896
4322,6322
2235,4235
695,2695
9644,11644
4150,6150
165,2165
8327,10327
5956,7956
8539,10539
5278,7278
4659,6659
8497,10497
3658,5658
7301,9301
3760,5760
1516,3516
8990,10990
8585,10585
5267,7267
8464,10464
36,3036
4037,6037
6751,8751
1566,4566
8301,10301
757,2757
5974,7974
7363,9363
8586,11586
7407,9407
6863,8863
3910,5910
7363,9363
3332,5332
8087,10087
9289,11289
8054,10054
8837,10837
4039,6039
422,2422
7559,9559
3167,5167
8901,10901
3515,5515
2272,4272
1543,3543
464,2464
958,2958
4000,6000
5183,7183
3944,5944
6601,8601
2898,5898
5709,7709
5895,7895
6541,8541
9000,12000
5631,7631
478,2478
7000,9000
5352,8352
4959,6959
8083,10083
9101,11101
9439,11439
9570,12570
4627,6627
3376,5376
1925,3925
6949,8949
8280,11280
7867,9867
2977,4977
1944,4944
5377,7377
7646,9646
731,2731
4636,6636
5403,7403
8239,10239
3352,5352
1504,3504
2945,4945
1734,4734
1109,3109
22,2022
8390,10390
2482,4482
5531,7531
8296,10296
4393,6393
1023,3023
1371,3371
3404,5404
6451,8451
436,2436
3733,5733
970,2970
9366,12366
9610,11610
4375,6375
3084,6084
8270,10270
1911,3911
8588,10588
887,2887
8405,10405
2824,4824
3737,5737
8949,10949
9075,11075
5192,7192
2759,4759
1254,4254
8751,10751
6283,8283
1196,3196
9637,11637
7556,9556
4028,6028
2824,4824
7581,9581
4811,6811
6089,8089
3004,5004
3584,5584
5594,7594
9309,11309
5033,7033
7979,9979
1989,3989
4643,6643
3039,5039
8049,10049
6825,8825
6257,8257
8677,10677
2214,5214
2486,4486
9658,11658
789,2789
9770,11770
3239,5239
5637,7637
8122,10122
7764,10764
4954,6954
6231,8231
7652,9652
7678,9678
2572,4572
1365,3365
7058,9058
6247,8247
2827,4827
1061,3061
2167,4167
7113,9113
7718,9718
9443,11443
1449,3449
2699,4699
2531,4531
9820,11820
9319,11319
8818,10818
9368,11368
5284,7284
1833,3833
5529,7529
2603,4603
3541,5541
8082,11082
895,2895
4291,6291
5700,8700
4245,6245
1908,4908
5288,7288
4080,7080
6223,8223
8851,10851
6760,8760
1109,3109
9403,11403
9546,12546
5918,7918
1292,3292
7329,9329
9140,11140
1287,3287
2446,4446
9240,12240
5767,7767
9552,12552
7462,9462
4099,6099
614,2614
3271,5271
9276,12276
8868,11868
378,3378
5777,7777
4273,6273
8971,10971
8614,10614
8817,10817
9793,11793
7382,9382
4624,6624
6708,9708
5975,7975
1525,3525
5953,7953
2532,5532
6985,8985
3338,5338
1256,3256
6213,8213
7342,9342
2261,4261
4514,6514
2088,5088
1195,3195
351,2351
424,2424
3837,5837
4423,6423
3200,5200
2940,5940
5702,7702
523,2523
8522,10522
5771,7771
5524,7524
7600,9600
291870
339924
98317
306231
201578
265997
353140
40491
290968
343123
51722
285330
37350
101809
150692
284901
168196
162849
193792
251935
286328
159985
254286
172859
79393
266497
189732
187352
34640
157879
81264
304927
147301
243803
171364
232722
94975
112035
133065
280434
96989
3931
247181
3914
242350
221702
184736
166994
114368
94748
214534
85043
288975
281392
242803
284691
218534
168653
233950
155206
197404
101928
240889
254734
26545
212830
159929
165989
237488
129585
131804
63122
169751
241315
97479
54070
112392
12693
157921
117735
92937
214431
138637
53327
231530
76385
190663
188652
74563
196551
182658
201397
33111
165481
210779
7527
172901
38654
151868
43122
216129
70259
84960
78204
182273
183782
33849
99373
13242
93591
181087
36989
122432
89309
149423
164468
174425
3
72067
16029
167490
38033
88293
77587
63511
53567
200598
193150
64030
1625
34529
180629
176018
191055
94874
158140
140674
131936
164057
52617
36502
114699
35670
130422
156405
74522
150862
95552
125762
50741
25758
163786
141360
140524
18080
146206
144588
31429
28901
151879
82624
119066
3001
85240
20676
61079
74458
10224
51689
50806
54979
155926
131982
144849
115361
61362
81390
132724
67795
51074
72227
38400
99760
21207
9190
76963
21873
100023
143231
31253
139734
89184
118663
101395
79380
39375
79404
5452
19730
20176
