3609,5609
8402,10402
4609,6609
2667,4667
2365,4365
1000,3000
1193,3193
3608,5608
8921,10921
1386,4386
5416,7416
6954,9954
7798,9798
5688,8688
202,2202
3985,5985
5333,7333
8862,11862
7397,9397
6697,8697
8948,10948
8005,10005
2182,4182
7131,9131
1860,4860
9264,12264
1428,4428
3296,5296
4360,6360
9268,11268
2830,4830
3546,6546
6674,8674
2969,4969
5830,7830
7099,9099
4524,7524
9941,11941
2994,5994
3085,5085
3579,5579
3970,5970
5259,7259
3936,6936
8911,10911
5017,7017
1864,3864
8850,11850
3563,5563
10000,12000
758,2758
8754,11754
5709,7709
3126,6126
4146,7146
9367,11367
2952,5952
9831,11831
3855,5855
1741,3741
265,2265
6027,8027
381,2381
1188,4188
3595,5595
1140,4140
1323,3323
9416,11416
1996,3996
4617,6617
4898,6898
1196,3196
2729,4729
4350,7350
188,2188
2843,4843
7624,9624
5844,8844
6534,9534
3175,5175
7637,9637
6711,8711
1407,3407
1458,4458
2043,4043
8880,11880
1912,3912
370,2370
7919,9919
7558,9558
1995,3995
3904,5904
4597,6597
4514,6514
867,2867
8393,10393
5967,7967
3987,5987
3796,5796
3640,5640
2813,4813
9170,11170
3210,6210
4228,6228
3492,6492
8528,10528
9462,12462
3058,5058
8215,10215
6237,8237
289,2289
5164,7164
4394,6394
3443,5443
498,3498
7823,9823
8912,10912
801,2801
8051,10051
8551,10551
9994,11994
6189,8189
5085,7085
7640,9640
7772,9772
9888,12888
6936,9936
2314,4314
7846,9846
8075,10075
4266,7266
5571,7571
5557,7557
779,2779
711,2711
380,2380
5128,7128
2835,4835
1126,3126
7483,9483
6925,8925
2045,4045
3305,5305
7267,9267
5390,7390
4609,6609
1537,3537
3795,5795
1087,3087
9362,11362
5757,7757
2430,5430
8117,10117
7549,9549
3230,5230
5844,8844
9815,11815
7819,9819
11,2011
3894,6894
8240,10240
3496,5496
3004,5004
3038,5038
7135,9135
2472,5472
5267,7267
555,2555
7353,9353
5131,7131
2843,4843
173,2173
795,2795
9010,11010
6067,8067
2737,4737
1601,3601
1733,3733
4111,6111
1240,3240
7947,9947
22,2022
6264,9264
3256,5256
253,2253
6330,9330
715,2715
331,2331
9718,11718
4764,7764
5327,7327
600,3600
4697,6697
7478,9478
972,3972
455,2455
1043,3043
7904,9904
6746,8746
3496,5496
9141,11141
1888,3888
7804,9804
6339,8339
933,2933
3900,6900
7717,9717
2311,4311
2161,4161
4953,6953
4603,6603
5586,8586
1291,3291
8158,10158
455,2455
8448,11448
8726,10726
9267,11267
1986,4986
2278,4278
8594,10594
9871,11871
4373,6373
7381,9381
6906,9906
2533,4533
9515,11515
131,2131
5049,7049
7939,9939
4208,6208
5581,7581
375,2375
4528,6528
2231,4231
7342,9342
3242,5242
217,2217
4445,6445
5628,8628
1332,4332
2493,4493
5157,7157
1574,3574
3821,5821
5373,7373
9763,11763
6478,8478
2776,4776
9344,11344
2159,4159
9286,11286
7484,9484
1750,3750
2051,4051
8504,10504
5090,7090
5285,7285
4959,6959
7316,9316
5153,7153
4000,6000
59,2059
2781,4781
5007,7007
1756,3756
4623,6623
1828,3828
5931,7931
2092,4092
5364,8364
3628,5628
2016,5016
3831,5831
232,2232
3063,5063
3873,5873
1258,3258
5622,8622
4025,6025
1016,3016
9914,11914
5108,7108
3452,5452
1936,3936
1210,3210
5090,7090
4147,6147
8424,11424
6401,8401
9874,11874
41,2041
7915,9915
2513,4513
9630,12630
7196,9196
6752,8752
8062,10062
1811,3811
1609,3609
6440,8440
1892,3892
3732,6732
653,2653
1401,3401
384,3384
9199,11199
3884,5884
2110,4110
2551,4551
3597,5597
4079,6079
5368,7368
4395,6395
7348,9348
8701,10701
5834,7834
6591,8591
5054,7054
2433,4433
1465,3465
6747,8747
4080,7080
4029,6029
3237,5237
1727,3727
3566,5566
1228,3228
290,2290
8961,10961
4063,6063
5796,8796
3901,5901
6617,8617
4023,6023
6047,8047
9640,11640
6442,8442
185,2185
3102,6102
1159,3159
8315,10315
2353,4353
7463,9463
9693,11693
7290,10290
5687,7687
2706,5706
2063,4063
4066,6066
2281,4281
650,2650
8562,11562
1931,3931
9931,11931
4871,6871
870,3870
5354,7354
3378,6378
7627,9627
4246,6246
8951,10951
4056,7056
3760,5760
6019,8019
5838,8838
5681,7681
5155,7155
1819,3819
4702,6702
4267,6267
9923,11923
4003,6003
7517,9517
2076,5076
3432,6432
8322,11322
9062,11062
7466,9466
493,2493
4485,6485
7583,9583
1031,3031
2320,4320
1521,3521
578,2578
4360,6360
4043,6043
4070,6070
7349,9349
9516,12516
8893,10893
9763,11763
8404,10404
4706,6706
2302,4302
4118,6118
1954,3954
9620,11620
7260,10260
9868,11868
9958,11958
1852,3852
5769,7769
6703,8703
7718,9718
8175,10175
1631,3631
6620,8620
6775,8775
8726,10726
6783,8783
2947,4947
7726,9726
3842,5842
8145,10145
6842,8842
3333,5333
2414,4414
2684,4684
493,2493
5131,7131
6356,8356
2487,4487
6782,8782
126,3126
2367,4367
9911,11911
1317,3317
7470,10470
3324,6324
7150,9150
9714,12714
6349,8349
1277,3277
6454,8454
8563,10563
1467,3467
2296,4296
8476,10476
9748,11748
7762,9762
2601,4601
7076,9076
6122,8122
2858,4858
5357,7357
706,2706
64,2064
3425,5425
3349,5349
794,2794
9324,12324
3811,5811
7246,9246
4243,6243
2195,4195
1398,4398
5805,7805
7792,9792
9421,11421
589,2589
7071,9071
6929,8929
6721,8721
9321,11321
6069,8069
5948,7948
3867,5867
8567,10567
1814,3814
9851,11851
4284,7284
2533,4533
7049,9049
5585,7585
9568,11568
5685,7685
526,2526
4913,6913
7746,10746
7989,9989
4046,6046
7021,9021
9393,11393
7433,9433
2644,4644
3699,5699
8695,10695
5299,7299
3467,5467
3686,5686
4248,7248
9672,12672
4867,6867
5129,7129
4925,6925
7702,9702
6297,8297
9312,12312
8598,11598
2643,4643
5433,7433
6015,8015
7788,10788
7925,9925
5208,8208
3993,5993
8357,10357
6472,8472
7458,10458
3130,5130
3541,5541
9885,11885
1719,3719
740,2740
7016,9016
540,3540
3591,5591
7923,9923
3577,5577
4254,7254
5279,7279
2762,4762
9053,11053
5108,7108
290,2290
574,2574
7636,9636
4435,6435
2963,4963
2176,4176
6812,8812
7014,10014
6635,8635
5484,8484
7209,9209
6263,8263
8795,10795
6736,8736
2492,4492
9209,11209
6847,8847
3406,5406
8408,10408
3014,5014
5747,7747
2961,4961
4614,7614
4869,6869
6379,8379
6394,8394
2025,4025
6540,9540
7231,9231
534,3534
5634,8634
7439,9439
3509,5509
3339,5339
7028,9028
6966,9966
4628,6628
7768,9768
9942,12942
3405,5405
9037,11037
4265,6265
5742,8742
6115,8115
1357,3357
4458,7458
6549,8549
3155,5155
6810,9810
92,2092
4230,7230
8855,10855
7641,9641
2201,4201
9211,11211
8944,10944
2396,4396
2522,4522
1114,3114
5210,7210
2614,4614
2995,4995
7689,9689
6061,8061
2259,4259
8091,10091
3378,6378
3115,5115
2497,4497
1952,3952
155,2155
9457,11457
6596,8596
6889,8889
3235,5235
3339,5339
4904,6904
7661,9661
1136,3136
7627,9627
2121,4121
7632,10632
800,2800
4249,6249
9109,11109
2550,5550
4102,6102
8703,10703
1923,3923
1273,3273
8849,10849
5109,7109
4243,6243
3484,5484
8393,10393
2265,4265
8050,10050
7614,10614
9512,11512
2311,4311
4979,6979
5230,7230
9227,11227
9403,11403
2485,4485
1590,4590
6891,8891
5673,7673
8599,10599
4768,6768
9380,11380
8849,10849
5735,7735
8707,10707
8124,11124
4001,6001
8153,10153
8791,10791
6216,9216
3348,6348
601,2601
5654,7654
7402,9402
9932,11932
2997,4997
6376,8376
5509,7509
2700,5700
2785,4785
946,2946
2320,4320
8631,10631
9332,11332
68,2068
3521,5521
4567,6567
6716,8716
8820,11820
8724,11724
3618,6618
6497,8497
1322,3322
4680,7680
4499,6499
3142,5142
3214,5214
4751,6751
7543,9543
5725,7725
3848,5848
6738,9738
7953,9953
8913,10913
903,2903
5980,7980
3159,5159
9617,11617
2702,4702
2626,4626
9480,12480
7253,9253
7830,10830
1207,3207
4600,6600
1143,3143
809,2809
1564,3564
2404,4404
1853,3853
626,2626
45,2045
5129,7129
382,2382
6964,8964
776,2776
8536,10536
5863,7863
5643,7643
7488,10488
3509,5509
6341,8341
442,2442
5623,7623
8125,10125
2046,5046
2139,4139
7003,9003
5562,8562
819,2819
815,2815
9664,11664
2763,4763
4374,7374
9750,12750
501,2501
6913,8913
7600,9600
2261,4261
7946,9946
7375,9375
2361,4361
3591,5591
432,3432
7279,9279
5390,7390
9929,11929
4031,6031
2708,4708
2902,4902
4916,6916
1356,4356
7339,9339
1243,3243
7977,9977
6726,9726
4578,7578
8947,10947
3293,5293
2685,4685
5409,7409
6367,8367
325,2325
3982,5982
2872,4872
9303,11303
5915,7915
9521,11521
5634,8634
8135,10135
5132,7132
6383,8383
1501,3501
9863,11863
7113,9113
7600,9600
1924,3924
7495,9495
9634,11634
7857,9857
4258,6258
3565,5565
9458,11458
4977,6977
7929,9929
739,2739
3431,5431
8136,11136
217,2217
3198,6198
9137,11137
7498,9498
6983,8983
4450,6450
2354,4354
9354,12354
4423,6423
5560,7560
5411,7411
4863,6863
7652,9652
1125,3125
6017,8017
7113,9113
9632,11632
148,2148
3843,5843
604,2604
4292,6292
936,3936
4996,6996
7525,9525
4380,7380
5708,7708
1339,3339
4404,7404
8607,10607
1242,4242
4005,6005
6432,9432
9910,11910
6862,8862
5775,7775
7372,9372
5012,7012
2602,4602
9728,11728
6988,8988
208,2208
7872,10872
5359,7359
8359,10359
9362,11362
4951,6951
3390,6390
7470,10470
5068,7068
3316,5316
1457,3457
2012,4012
362,2362
5170,7170
5824,7824
404,2404
6359,8359
4819,6819
6766,8766
2224,4224
6543,8543
7096,9096
6028,8028
2059,4059
4150,6150
5338,7338
5764,7764
5145,7145
4324,6324
3456,6456
951,2951
4675,6675
994,2994
5134,7134
8141,10141
8937,10937
5739,7739
6780,9780
7814,9814
7574,9574
8974,10974
1774,3774
1524,4524
8218,10218
3273,5273
4495,6495
98,2098
1097,3097
6092,8092
917,2917
7348,9348
3376,5376
4688,6688
430,2430
4002,7002
5951,7951
213,2213
2238,5238
7955,9955
8645,10645
7858,9858
5167,7167
835,2835
6104,8104
6500,8500
1254,4254
489,2489
7814,9814
1032,4032
7312,9312
9333,11333
160,2160
6075,8075
2728,4728
2938,4938
7538,9538
3957,5957
8561,10561
6178,8178
1046,3046
9834,12834
6411,8411
6474,9474
367,2367
5737,7737
8703,10703
2894,4894
7743,9743
5209,7209
6599,8599
5588,7588
6004,8004
8701,10701
3633,5633
5039,7039
6659,8659
9464,11464
5853,7853
7136,9136
5443,7443
7323,9323
4237,6237
262,2262
7693,9693
9813,11813
7426,9426
2321,4321
6401,8401
4749,6749
8632,10632
5183,7183
2967,4967
6915,8915
1484,3484
4249,6249
7693,9693
2751,4751
9012,12012
8920,10920
8147,10147
3439,5439
2147,4147
3358,5358
7780,9780
9138,12138
5765,7765
398,2398
4291,6291
5055,7055
6897,8897
9133,11133
6008,8008
1288,3288
6997,8997
6883,8883
2162,4162
9090,12090
5416,7416
4958,6958
8193,10193
8019,10019
5865,7865
1680,4680
6767,8767
1259,3259
130,2130
5815,7815
9760,11760
1137,3137
5823,7823
2012,4012
6162,9162
1294,3294
6383,8383
6098,8098
9577,11577
452,2452
5241,7241
2752,4752
2801,4801
2809,4809
3690,6690
4034,6034
345,2345
1755,3755
3432,6432
343,2343
4310,6310
7699,9699
1556,3556
6720,9720
1201,3201
820,2820
6054,9054
1655,3655
4750,6750
7047,9047
1434,4434
2246,4246
6680,8680
4860,7860
7307,9307
1669,3669
5962,7962
3814,5814
2619,4619
2124,5124
8347,10347
1489,3489
5933,7933
9507,11507
1883,3883
3650,5650
6319,8319
2770,4770
1225,3225
3208,5208
9460,11460
7946,9946
2046,5046
4901,6901
2560,4560
1919,3919
67,2067
7763,9763
8544,11544
9314,11314
8050,10050
4175,6175
7369,9369
6145,8145
5600,7600
8287,10287
8318,10318
8628,11628
6615,8615
9090,12090
3987,5987
2997,4997
7238,9238
9967,11967
8186,10186
8811,10811
7104,10104
1180,3180
7760,9760
3279,5279
2159,4159
6254,8254
4382,6382
5654,7654
1249,3249
432,3432
8692,10692
9297,11297
3251,5251
98,2098
410,2410
6924,9924
5211,7211
4711,6711
5129,7129
5623,7623
8836,10836
8211,10211
4797,6797
6801,8801
9827,11827
710,2710
3875,5875
2342,4342
5241,7241
2761,4761
8435,10435
356,2356
5584,7584
4595,6595
7660,9660
8780,10780
659,2659
6824,8824
907,2907
5108,7108
8924,10924
8245,10245
9760,11760
1146,4146
4659,6659
773,2773
6949,8949
2169,4169
5412,8412
3865,5865
5120,7120
5617,7617
9699,11699
8757,10757
6383,8383
4343,6343
822,3822
114,3114
8767,10767
8362,10362
3108,6108
5479,7479
4048,6048
9417,11417
5495,7495
1622,3622
1488,4488
9744,12744
4468,6468
8520,11520
2206,4206
5693,7693
8671,10671
3844,5844
6516,9516
9478,11478
40,2040
6704,8704
8316,11316
8164,10164
3774,6774
8484,11484
476,2476
5027,7027
4378,6378
655,2655
6478,8478
148,2148
8353,10353
1164,4164
3248,5248
1702,3702
2129,4129
3496,5496
2386,4386
3548,5548
1557,3557
1386,4386
6666,9666
8552,10552
8135,10135
6338,8338
3216,6216
3594,6594
7368,10368
2585,4585
2049,4049
9446,11446
4218,7218
3791,5791
946,2946
4010,6010
6395,8395
9302,11302
9906,12906
6013,8013
3502,5502
9913,11913
344,2344
1925,3925
4201,6201
2891,4891
8820,11820
1104,4104
5830,7830
4769,6769
842,2842
547,2547
9969,11969
906,3906
3173,5173
3439,5439
3439,5439
4995,6995
3505,5505
8644,10644
2650,4650
3132,6132
9473,11473
2340,5340
1703,3703
3713,5713
9510,12510
6533,8533
4545,6545
9821,11821
5907,7907
6435,8435
2343,4343
9435,11435
5875,7875
3448,5448
5558,7558
6441,8441
8686,10686
8540,10540
7530,10530
9015,11015
4096,6096
2673,4673
1243,3243
1577,3577
5006,7006
1214,3214
3715,5715
6541,8541
4702,6702
9166,11166
4729,6729
1094,3094
327,2327
5382,8382
6697,8697
2684,4684
3151,5151
6901,8901
4376,6376
2763,4763
9038,11038
7696,9696
3381,5381
5116,7116
190,2190
7450,9450
5586,8586
436,2436
6714,9714
617,2617
66,3066
8787,10787
1503,3503
609,2609
3944,5944
4817,6817
5224,7224
5994,8994
8125,10125
1091,3091
2719,4719
1401,3401
1415,3415
4998,7998
2883,4883
3273,5273
8122,10122
8176,10176
5220,8220
972,3972
1601,3601
8536,10536
1515,3515
1813,3813
4387,6387
8497,10497
6898,8898
9647,11647
42,3042
4911,6911
9705,11705
5309,7309
6652,8652
4198,6198
7196,9196
7915,9915
4355,6355
7534,9534
7992,10992
105,2105
876,3876
2363,4363
1280,3280
828,3828
2588,4588
2677,4677
2633,4633
1342,3342
2093,4093
4843,6843
9162,12162
6965,8965
357,2357
1376,3376
3216,6216
1070,3070
6664,8664
6950,8950
3407,5407
6197,8197
5899,7899
7311,9311
2156,4156
4892,6892
5078,7078
6036,9036
464,2464
7521,9521
8793,10793
1655,3655
2004,5004
4927,6927
7097,9097
6742,8742
9095,11095
9881,11881
7384,9384
8467,10467
9715,11715
4032,7032
8125,10125
3971,5971
6930,9930
5313,7313
7346,9346
9319,11319
3174,6174
5248,7248
6787,8787
8499,10499
3047,5047
6356,8356
3778,5778
9647,11647
2570,4570
2046,5046
4858,6858
4069,6069
7265,9265
74,2074
9686,11686
5936,7936
812,2812
1981,3981
2536,4536
6435,8435
6823,8823
9095,11095
4175,6175
2188,4188
4301,6301
658,2658
9621,11621
630,3630
2690,4690
8817,10817
3063,5063
8486,10486
5863,7863
9016,11016
2471,4471
1902,4902
4801,6801
7633,9633
6037,8037
7870,9870
7890,10890
8796,11796
2907,4907
1026,4026
1097,3097
7282,9282
1393,3393
4714,6714
6132,9132
992,2992
1251,3251
7833,9833
3888,6888
9117,11117
2195,4195
7037,9037
3578,5578
6366,9366
6638,8638
602,2602
5113,7113
1904,3904
27,2027
5412,8412
7432,9432
6464,8464
4024,6024
1558,3558
8303,10303
342,3342
2262,5262
1868,3868
2981,4981
4013,6013
6460,8460
4490,6490
9057,11057
4022,6022
2587,4587
9334,11334
3895,5895
1690,3690
9030,12030
5502,8502
3023,5023
9943,11943
9780,12780
8501,10501
1359,3359
204,3204
5993,7993
3064,5064
4844,6844
9911,11911
4279,6279
3616,5616
9076,11076
1069,3069
3511,5511
9376,11376
343,2343
9647,11647
3503,5503
4229,6229
4712,6712
9420,12420
810,3810
3171,5171
3518,5518
4285,6285
569,2569
4267,6267
1013,3013
4617,6617
5375,7375
4805,6805
9654,12654
4166,6166
3344,5344
3869,5869
4347,6347
832,2832
7818,10818
999,2999
6945,8945
7597,9597
6905,8905
4788,7788
7672,9672
1749,3749
6333,8333
534,3534
1022,3022
1915,3915
9146,11146
7987,9987
8895,10895
4618,6618
3015,5015
1510,3510
4663,6663
4184,6184
3879,5879
9679,11679
7961,9961
4844,6844
2173,4173
9123,11123
7249,9249
9801,11801
8773,10773
7331,9331
4316,6316
6904,8904
8165,10165
8377,10377
5464,7464
5193,7193
8765,10765
8511,10511
5277,7277
8381,10381
5901,7901
4145,6145
543,2543
653,2653
5730,8730
3318,6318
9049,11049
5323,7323
9591,11591
8215,10215
9870,12870
9255,11255
3401,5401
5630,7630
3252,6252
6852,9852
5079,7079
7045,9045
801,2801
349,2349
3524,5524
4666,6666
9726,12726
4252,6252
926,2926
4978,6978
1317,3317
2549,4549
443,2443
6706,8706
7642,9642
5591,7591
1730,3730
6827,8827
3984,6984
461,2461
6609,8609
4365,6365
586,2586
5239,7239
8325,10325
8106,11106
3214,5214
8230,10230
435,2435
3805,5805
2024,4024
3310,5310
5488,7488
8624,10624
5110,7110
943,2943
5811,7811
7468,9468
3583,5583
2457,4457
6410,8410
1635,3635
5733,7733
6515,8515
1181,3181
5839,7839
8135,10135
5684,7684
2856,5856
9887,11887
1283,3283
9426,12426
618,3618
4734,7734
2386,4386
413,2413
6832,8832
7858,9858
5240,7240
3453,5453
2020,4020
7253,9253
508,2508
5575,7575
8709,10709
3661,5661
3833,5833
5569,7569
1638,4638
7667,9667
2269,4269
6700,8700
2911,4911
942,3942
7715,9715
3583,5583
8779,10779
8923,10923
7469,9469
8116,10116
6063,8063
9271,11271
5105,7105
1609,3609
1174,3174
3766,5766
916,2916
9292,11292
835,2835
9718,11718
6723,8723
6083,8083
8122,10122
1035,3035
9704,11704
3518,5518
3355,5355
6571,8571
5193,7193
7356,10356
407,2407
1685,3685
6366,9366
3771,5771
2866,4866
7264,9264
5724,8724
2015,4015
7121,9121
7472,9472
8182,10182
7492,9492
6840,9840
9843,11843
4455,6455
2785,4785
2908,4908
6794,8794
663,2663
2647,4647
2146,4146
5554,7554
6489,8489
924,3924
8819,10819
9381,11381
7607,9607
7087,9087
8575,10575
1930,3930
6199,8199
3198,6198
8886,11886
8597,10597
6141,8141
4308,7308
2911,4911
1450,3450
339,2339
5499,7499
1456,3456
5113,7113
7210,9210
1731,3731
5631,7631
9568,11568
2813,4813
6854,8854
8206,10206
6182,8182
34,2034
816,3816
6333,8333
4823,6823
5764,7764
8568,11568
9435,11435
4138,6138
8690,10690
9590,11590
9069,11069
4757,6757
7211,9211
5904,8904
773,2773
953,2953
1165,3165
2583,4583
463,2463
6870,9870
1413,3413
620,2620
8732,10732
4067,6067
1309,3309
9082,11082
6253,8253
178,2178
8654,10654
2850,5850
652,2652
3654,6654
842,2842
2951,4951
2964,5964
779,2779
9771,11771
428,2428
4506,7506
8291,10291
2396,4396
9735,11735
7893,9893
4418,6418
836,2836
5618,7618
4244,6244
9614,11614
1727,3727
9370,11370
6545,8545
7759,9759
1692,4692
5282,7282
8149,10149
2041,4041
6236,8236
711,2711
3373,5373
8109,10109
5499,7499
476,2476
631,2631
8462,10462
2230,4230
7454,9454
2663,4663
1865,3865
6768,9768
2440,4440
5571,7571
8392,10392
883,2883
8491,10491
269,2269
8539,10539
2579,4579
6045,8045
5759,7759
5661,7661
7464,10464
8935,10935
1322,3322
7683,9683
6026,8026
4789,6789
9020,11020
4354,6354
4705,6705
2338,4338
1850,3850
8651,10651
9270,12270
1954,3954
7316,9316
2021,4021
5384,7384
6444,9444
6752,8752
551,2551
8277,10277
7020,10020
2930,4930
1782,4782
3415,5415
9764,11764
1070,3070
5468,7468
7739,9739
4262,6262
9589,11589
7778,9778
9115,11115
9618,12618
9114,12114
536,2536
2225,4225
2617,4617
4908,7908
3306,6306
7994,9994
3105,5105
3117,5117
5423,7423
5321,7321
5001,7001
3239,5239
8696,10696
2122,4122
5556,8556
5373,7373
8119,10119
5524,7524
1285,3285
9807,11807
9968,11968
6497,8497
7433,9433
6937,8937
5234,7234
1823,3823
6633,8633
3592,5592
6082,8082
3056,5056
8640,11640
8951,10951
7835,9835
4639,6639
7758,10758
8051,10051
2694,5694
240,3240
4366,6366
2744,4744
7715,9715
2071,4071
667,2667
3735,5735
4497,6497
2360,4360
7465,9465
1471,3471
6858,9858
4308,7308
3327,5327
4444,6444
2538,5538
7052,9052
1850,3850
2225,4225
3910,5910
5405,7405
2363,4363
520,2520
945,2945
6467,8467
9083,11083
9449,11449
9982,11982
4758,7758
5968,7968
2567,4567
1058,3058
1301,3301
241,2241
691,2691
8898,11898
1110,4110
5771,7771
2357,4357
4704,7704
8283,10283
8686,10686
5487,7487
4414,6414
7902,10902
8010,11010
8399,10399
4003,6003
4916,6916
5593,7593
9206,11206
8782,10782
671,2671
2872,4872
2959,4959
409,2409
3390,6390
9037,11037
3819,5819
6054,9054
689,2689
4675,6675
971,2971
5988,8988
9200,11200
4091,6091
8366,10366
6604,8604
2570,4570
5235,7235
8618,10618
6463,8463
6994,8994
9369,11369
4321,6321
6414,9414
1530,4530
6430,8430
5901,7901
5112,8112
7577,9577
9058,11058
9855,11855
8119,10119
7022,9022
3394,5394
1813,3813
1893,3893
4488,7488
2756,4756
7490,9490
1308,4308
2518,4518
6846,9846
2299,4299
8386,10386
6802,8802
623,2623
389,2389
1981,3981
4478,6478
2098,4098
509,2509
1042,3042
3489,5489
1218,4218
344,2344
9727,11727
8970,11970
9132,12132
7153,9153
9812,11812
39,2039
658,2658
4824,7824
1077,3077
5801,7801
6548,8548
1672,3672
4273,6273
6565,8565
4511,6511
1139,3139
9614,11614
136,2136
3109,5109
7886,9886
2609,4609
5738,7738
1829,3829
4440,7440
8467,10467
1113,3113
989,2989
5550,8550
9695,11695
9351,11351
2374,4374
3004,5004
4080,7080
3296,5296
7450,9450
6555,8555
9544,11544
6047,8047
196,2196
5516,7516
3076,5076
9272,11272
2829,4829
1390,3390
1304,3304
4311,6311
6815,8815
9932,11932
5654,7654
9596,11596
9186,12186
5265,7265
6720,9720
7306,9306
1218,4218
7988,9988
9045,11045
8402,10402
6873,8873
9840,12840
8485,10485
4762,6762
4633,6633
396,3396
7641,9641
5040,8040
9436,11436
6347,8347
4280,6280
3033,5033
3838,5838
4896,7896
3612,6612
7226,9226
7694,9694
3864,6864
4209,6209
4828,6828
5220,8220
4407,6407
7775,9775
120,3120
3146,5146
7852,9852
3002,5002
1208,3208
1259,3259
49,2049
4923,6923
5232,8232
4841,6841
7913,9913
5091,7091
6026,8026
276,3276
3424,5424
6730,8730
1705,3705
8612,10612
4122,7122
2915,4915
6044,8044
3735,5735
4192,6192
4873,6873
4945,6945
9049,11049
454,2454
8674,10674
8576,10576
1377,3377
5860,7860
1596,4596
6813,8813
8907,10907
636,3636
2006,4006
2851,4851
6926,8926
9140,11140
1412,3412
5115,7115
7593,9593
4842,7842
4300,6300
3550,5550
9925,11925
9141,11141
8984,10984
1172,3172
2794,4794
3236,5236
5920,7920
4274,6274
3368,5368
4261,6261
2770,4770
5940,8940
8664,11664
5221,7221
3938,5938
5880,8880
9939,11939
2907,4907
2317,4317
2068,4068
8781,10781
2425,4425
3831,5831
1716,4716
2829,4829
7967,9967
7959,9959
3501,5501
7320,10320
972,3972
2487,4487
699,2699
6071,8071
6502,8502
9966,12966
8371,10371
8518,10518
3789,5789
2363,4363
7537,9537
2413,4413
3488,5488
6345,8345
7515,9515
844,2844
4350,7350
8051,10051
7753,9753
6876,9876
5842,7842
3286,5286
8402,10402
9424,11424
1838,3838
9720,12720
7271,9271
9304,11304
5995,7995
9119,11119
4562,6562
1134,4134
5680,7680
5920,7920
2619,4619
6058,8058
7297,9297
5670,8670
5588,7588
8158,10158
7949,9949
5818,7818
4261,6261
6379,8379
7285,9285
7843,9843
9247,11247
986,2986
436,2436
2082,5082
8956,10956
5560,7560
3664,5664
6803,8803
3314,5314
8344,10344
1068,4068
2393,4393
5945,7945
2998,4998
8772,11772
9541,11541
5594,7594
7280,9280
7236,10236
9896,11896
5648,7648
1715,3715
7143,9143
3384,6384
636,3636
7475,9475
8480,10480
2994,5994
9298,11298
1039,3039
9066,12066
3476,5476
3898,5898
8381,10381
9054,12054
2201,4201
8919,10919
9755,11755
1004,3004
53,2053
9280,11280
2711,4711
2268,5268
4035,6035
7147,9147
6784,8784
5297,7297
7489,9489
3897,5897
7640,9640
8128,10128
4199,6199
2305,4305
7671,9671
613,2613
9082,11082
1112,3112
890,2890
451,2451
9159,11159
3961,5961
5511,7511
4283,6283
573,2573
3901,5901
6116,8116
9764,11764
2777,4777
7742,9742
6399,8399
8511,10511
4410,7410
3310,5310
4101,6101
4406,6406
4622,6622
4279,6279
2454,5454
9929,11929
6280,8280
9038,11038
3327,5327
6665,8665
2588,4588
9917,11917
7400,9400
580,2580
7862,9862
2049,4049
4609,6609
496,2496
3942,6942
2478,5478
9093,11093
8399,10399
5985,7985
2175,4175
7871,9871
2673,4673
8268,11268
9818,11818
8569,10569
9637,11637
5079,7079
2446,4446
416,2416
4921,6921
1088,3088
3388,5388
9239,11239
38,2038
6323,8323
2212,4212
8532,11532
5974,7974
8404,10404
303,2303
2808,5808
8720,10720
6421,8421
2929,4929
8415,10415
4919,6919
9224,11224
159,2159
2233,4233
3147,5147
4187,6187
8595,10595
7288,9288
5469,7469
5980,7980
2793,4793
7673,9673
6082,8082
7086,10086
3140,5140
2848,4848
4549,6549
9909,11909
2362,4362
5015,7015
9758,11758
4060,6060
466,2466
1784,3784
228,3228
249,2249
1377,3377
7513,9513
42,3042
171,2171
6343,8343
5907,7907
7284,10284
2893,4893
8943,10943
6629,8629
6016,8016
3612,6612
826,2826
2357,4357
2145,4145
5429,7429
7674,10674
2841,4841
3498,6498
4836,7836
3701,5701
437,2437
2679,4679
5431,7431
1997,3997
8648,10648
3912,6912
9198,12198
4074,7074
5597,7597
9055,11055
7648,9648
1625,3625
1540,3540
8508,11508
5631,7631
8375,10375
7671,9671
7197,9197
9383,11383
8093,10093
7095,9095
7695,9695
6327,8327
3382,5382
5711,7711
3559,5559
6568,8568
22,2022
94,2094
7683,9683
832,2832
617,2617
9321,11321
4834,6834
9471,11471
2983,4983
7646,9646
1477,3477
9760,11760
9597,11597
6571,8571
7126,9126
3803,5803
1391,3391
8542,10542
8156,10156
6026,8026
4756,6756
7638,10638
3525,5525
3308,5308
2322,5322
8336,10336
7719,9719
6897,8897
355,2355
9259,11259
9333,11333
8435,10435
7773,9773
8373,10373
3754,5754
2527,4527
4755,6755
7391,9391
9223,11223
4845,6845
1053,3053
5738,7738
7416,10416
2758,4758
8298,11298
4831,6831
9216,12216
9734,11734
847,2847
4505,6505
3778,5778
470,2470
6658,8658
7684,9684
1206,4206
5253,7253
9484,11484
8340,11340
4772,6772
85,2085
9732,12732
503,2503
8912,10912
4795,6795
1890,4890
1733,3733
2945,4945
5874,8874
8287,10287
496,2496
7816,9816
5943,7943
5275,7275
7377,9377
8153,10153
2606,4606
2844,5844
2486,4486
9682,11682
8910,11910
7638,10638
4328,6328
3679,5679
5540,7540
8088,11088
3121,5121
4664,6664
7564,9564
9825,11825
2881,4881
4583,6583
6946,8946
6173,8173
9186,12186
3362,5362
292,2292
8535,10535
950,2950
5902,7902
1782,4782
1142,3142
8687,10687
168,3168
8719,10719
7360,9360
8394,11394
8753,10753
1137,3137
4143,6143
7633,9633
9229,11229
1413,3413
9666,12666
390,3390
6613,8613
5311,7311
3380,5380
3723,5723
5249,7249
5672,7672
2237,4237
5723,7723
694,2694
701,2701
9851,11851
768,3768
4936,6936
4594,6594
9633,11633
8106,11106
7653,9653
1723,3723
1402,3402
30,3030
1947,3947
1751,3751
9400,11400
1003,3003
4409,6409
1744,3744
6343,8343
6257,8257
819,2819
4399,6399
1463,3463
9580,11580
7164,10164
2765,4765
8772,11772
8060,10060
4455,6455
5674,7674
6566,8566
3484,5484
7587,9587
600,3600
9152,11152
1996,3996
88,2088
55,2055
1625,3625
3736,5736
9806,11806
1268,3268
2537,4537
3019,5019
597,2597
6048,9048
8032,10032
844,2844
2048,4048
7320,10320
7571,9571
792,3792
4333,6333
6019,8019
7637,9637
490,2490
4982,6982
1167,3167
1509,3509
8346,11346
1880,3880
2498,4498
145,2145
9594,12594
7358,9358
3411,5411
9716,11716
4024,6024
424,2424
6814,8814
1159,3159
4145,6145
468,3468
7590,10590
3266,5266
5228,7228
6800,8800
1721,3721
9846,12846
547,2547
4213,6213
3977,5977
6284,8284
9103,11103
8329,10329
5310,8310
3549,5549
9488,11488
7399,9399
1404,4404
6218,8218
293,2293
2660,4660
4588,6588
567,2567
3538,5538
2444,4444
5559,7559
6959,8959
2137,4137
2409,4409
6793,8793
1111,3111
2516,4516
3478,5478
6530,8530
9631,11631
580,2580
8515,10515
3021,5021
4722,7722
9735,11735
5095,7095
3481,5481
953,2953
2728,4728
2052,5052
1496,3496
4154,6154
677,2677
6920,8920
6794,8794
2286,5286
6608,8608
9981,11981
5078,7078
1978,3978
3865,5865
1723,3723
9536,11536
2026,4026
5464,7464
6901,8901
3365,5365
4462,6462
1556,3556
3545,5545
4455,6455
4816,6816
3639,5639
4391,6391
855,2855
600,3600
6080,8080
2492,4492
6097,8097
3199,5199
3222,6222
4196,6196
8320,10320
1201,3201
417,2417
7735,9735
9075,11075
267,2267
6964,8964
9952,11952
4218,7218
3308,5308
7878,10878
1258,3258
5055,7055
3805,5805
3461,5461
780,3780
8306,10306
9023,11023
5798,7798
2669,4669
8275,10275
9171,11171
8959,10959
6992,8992
4733,6733
4566,7566
8723,10723
3259,5259
9303,11303
1738,3738
4619,6619
4350,7350
5359,7359
8711,10711
1197,3197
1454,3454
5458,7458
7491,9491
5229,7229
305,2305
5267,7267
4932,7932
1596,4596
610,2610
2360,4360
8159,10159
8752,10752
3504,6504
7792,9792
7462,9462
6706,8706
2452,4452
591,2591
9377,11377
7293,9293
9690,12690
4056,7056
8530,10530
4975,6975
9752,11752
6239,8239
4029,6029
4574,6574
1154,3154
2461,4461
4719,6719
1030,3030
7068,10068
4117,6117
5019,7019
1522,3522
6416,8416
2089,4089
9311,11311
5888,7888
6499,8499
4093,6093
7622,9622
4417,6417
6423,8423
5561,7561
8848,10848
6896,8896
6644,8644
5746,7746
4321,6321
512,2512
6952,8952
6379,8379
6744,9744
7791,9791
7192,9192
8084,10084
4266,7266
7144,9144
8024,10024
413,2413
6362,8362
1388,3388
916,2916
4272,7272
6651,8651
1282,3282
7402,9402
4057,6057
7484,9484
7199,9199
4738,6738
2620,4620
1980,4980
8492,10492
2035,4035
6982,8982
4641,6641
1859,3859
28,2028
1366,3366
4735,6735
1569,3569
3443,5443
2519,4519
1327,3327
8231,10231
1194,4194
1607,3607
1834,3834
5530,7530
3039,5039
7555,9555
7004,9004
6930,9930
128,2128
9593,11593
9880,11880
9350,11350
2200,4200
6208,8208
4481,6481
3037,5037
8846,10846
7,2007
2730,5730
3131,5131
4691,6691
6127,8127
6310,8310
1478,3478
6383,8383
6830,8830
1109,3109
9839,11839
452,2452
399,2399
8671,10671
1689,3689
9377,11377
3181,5181
7879,9879
6387,8387
8243,10243
5735,7735
8121,10121
5119,7119
7120,9120
442,2442
8743,10743
7368,10368
6012,9012
6247,8247
3439,5439
7097,9097
4320,7320
5946,8946
2053,4053
6625,8625
9344,11344
3252,6252
2126,4126
8641,10641
542,2542
613,2613
230,2230
129,2129
8733,10733
5379,7379
5633,7633
5441,7441
7082,9082
7606,9606
7402,9402
4195,6195
4575,6575
9081,11081
4484,6484
8124,11124
3227,5227
1579,3579
8479,10479
68,2068
739,2739
7113,9113
3583,5583
4128,7128
1120,3120
4466,6466
6444,9444
2400,5400
8232,11232
2422,4422
8060,10060
8412,11412
250,2250
7061,9061
5504,7504
6975,8975
1266,4266
6939,8939
7041,9041
6847,8847
6170,8170
7833,9833
5237,7237
3624,6624
1077,3077
2325,4325
4193,6193
1691,3691
377,2377
5527,7527
7491,9491
127,2127
4522,6522
7345,9345
8466,11466
9473,11473
5719,7719
7269,9269
1351,3351
9977,11977
996,3996
8221,10221
6417,8417
143,2143
5756,7756
9365,11365
3561,5561
3558,6558
7696,9696
9720,12720
4317,6317
8367,10367
6539,8539
3934,5934
4420,6420
4352,6352
219,2219
7203,9203
2525,4525
3182,5182
4329,6329
6474,9474
9221,11221
9734,11734
2862,5862
4550,6550
3087,5087
99,2099
6619,8619
1086,4086
3384,6384
5020,7020
9201,11201
6988,8988
2345,4345
3635,5635
7503,9503
7226,9226
1923,3923
4816,6816
6873,8873
8666,10666
5585,7585
3066,6066
8290,10290
8075,10075
3191,5191
4033,6033
62,2062
2156,4156
2170,4170
5417,7417
5968,7968
5363,7363
4181,6181
6454,8454
1852,3852
2287,4287
7713,9713
6934,8934
2335,4335
437,2437
1659,3659
235,2235
48,3048
8375,10375
4551,6551
8560,10560
2384,4384
5155,7155
5895,7895
6521,8521
659,2659
8653,10653
3914,5914
5196,8196
793,2793
4684,6684
7956,10956
7213,9213
6399,8399
1480,3480
5683,7683
5969,7969
2336,4336
826,2826
8262,11262
2925,4925
3027,5027
4134,7134
7503,9503
6224,8224
1302,4302
9486,12486
8301,10301
3939,5939
1142,3142
1176,4176
8907,10907
8754,11754
1862,3862
7685,9685
9789,11789
9853,11853
7345,9345
5751,7751
6087,8087
7140,10140
5647,7647
6096,9096
663,2663
1099,3099
8220,11220
4165,6165
455,2455
7003,9003
2922,5922
7752,10752
9736,11736
4197,6197
171,2171
5625,7625
1067,3067
815,2815
1040,3040
7546,9546
7343,9343
3598,5598
1931,3931
5797,7797
5137,7137
6467,8467
267,2267
5670,8670
8014,10014
5874,8874
6127,8127
8454,11454
9794,11794
4899,6899
6309,8309
3036,6036
7450,9450
7548,10548
8225,10225
2882,4882
7838,9838
8418,11418
8681,10681
6686,8686
9049,11049
2293,4293
3173,5173
9278,11278
859,2859
2451,4451
4667,6667
925,2925
2110,4110
7097,9097
6676,8676
4929,6929
5639,7639
9948,12948
9155,11155
8414,10414
89,2089
4048,6048
5293,7293
7474,9474
3584,5584
8986,10986
1994,3994
8041,10041
8844,11844
8763,10763
2040,5040
8680,10680
6806,8806
9989,11989
3370,5370
822,3822
9951,11951
2124,5124
3755,5755
277,2277
9632,11632
3254,5254
8635,10635
5549,7549
8718,11718
7592,9592
3030,6030
6778,8778
3037,5037
374,2374
3252,6252
4613,6613
5480,7480
5263,7263
2439,4439
9723,11723
4640,6640
2192,4192
4586,6586
8462,10462
9931,11931
1281,3281
4390,6390
5361,7361
9994,11994
5090,7090
304,2304
273,2273
4335,6335
1830,4830
2152,4152
969,2969
1102,3102
6327,8327
2494,4494
3285,5285
8374,10374
2337,4337
5141,7141
4207,6207
7186,9186
8489,10489
9846,12846
4628,6628
7961,9961
426,3426
8170,10170
139,2139
8116,10116
4344,7344
5872,7872
7462,9462
723,2723
7263,9263
3150,6150
6046,8046
2002,4002
5224,7224
1176,4176
9021,11021
5120,7120
9958,11958
2649,4649
7832,9832
6774,9774
4628,6628
7446,10446
5321,7321
6180,9180
5324,7324
30,3030
9053,11053
2412,5412
350,2350
2958,5958
9265,11265
8545,10545
8088,11088
2526,5526
8905,10905
8189,10189
514,2514
3145,5145
3290,5290
4413,6413
5684,7684
5996,7996
4984,6984
8711,10711
1398,4398
7662,10662
3616,5616
4063,6063
5441,7441
2408,4408
7841,9841
9314,11314
8026,10026
1778,3778
2606,4606
4310,6310
4843,6843
1165,3165
1378,3378
1348,3348
2992,4992
772,2772
3946,5946
8054,10054
2373,4373
7806,10806
2708,4708
5097,7097
7300,9300
4075,6075
2903,4903
6541,8541
8064,11064
329,2329
9102,12102
2827,4827
9744,12744
5038,7038
72,3072
3871,5871
4582,6582
5755,7755
3792,6792
8555,10555
8028,11028
4976,6976
5248,7248
6564,9564
5599,7599
7177,9177
1173,3173
4671,6671
5648,7648
8298,11298
5599,7599
5942,7942
9048,12048
9475,11475
2926,4926
2021,4021
2807,4807
414,3414
3287,5287
3165,5165
62,2062
1730,3730
554,2554
9052,11052
1470,4470
5353,7353
1022,3022
1763,3763
2227,4227
1599,3599
8988,11988
8870,10870
1989,3989
4731,6731
9171,11171
6499,8499
1208,3208
6930,9930
7213,9213
9388,11388
9228,12228
424,2424
3504,6504
4465,6465
2652,5652
3780,6780
9979,11979
6566,8566
6346,8346
8672,10672
4501,6501
2707,4707
2496,5496
2259,4259
8694,11694
7945,9945
2993,4993
7828,9828
8481,10481
4649,6649
9741,11741
422,2422
653,2653
3628,5628
3696,6696
8546,10546
5804,7804
5909,7909
7794,10794
9405,11405
7242,10242
6315,8315
3123,5123
1630,3630
2092,4092
3063,5063
6728,8728
8929,10929
1089,3089
4348,6348
4325,6325
117,2117
2777,4777
2165,4165
8044,10044
5308,7308
6993,8993
3345,5345
6590,8590
1925,3925
7757,9757
898,2898
8319,10319
7492,9492
1058,3058
6402,9402
6756,9756
7259,9259
4467,6467
8139,10139
7306,9306
1692,4692
5687,7687
9587,11587
289,2289
9009,11009
8057,10057
3978,6978
5090,7090
2701,4701
1702,3702
4252,6252
6962,8962
8689,10689
8696,10696
5498,7498
9616,11616
5910,8910
7747,9747
5959,7959
2707,4707
417,2417
4174,6174
6288,9288
2856,5856
2488,4488
955,2955
3362,5362
6435,8435
9431,11431
9615,11615
2458,4458
1619,3619
676,2676
7240,9240
5576,7576
9801,11801
2087,4087
4042,6042
7686,10686
3254,5254
8502,11502
499,2499
4419,6419
3175,5175
7689,9689
2901,4901
9045,11045
6742,8742
4357,6357
5743,7743
4517,6517
3952,5952
4646,6646
6254,8254
2247,4247
2881,4881
5671,7671
9923,11923
6922,8922
5729,7729
1163,3163
2918,4918
3306,6306
1966,3966
4615,6615
9030,12030
3572,5572
22,2022
6455,8455
1390,3390
8194,10194
4129,6129
4349,6349
3478,5478
5551,7551
8647,10647
4286,6286
4327,6327
5166,8166
1412,3412
6243,8243
2144,4144
7489,9489
7313,9313
8081,10081
6078,9078
3978,6978
160,2160
6633,8633
2651,4651
3175,5175
6961,8961
4351,6351
4954,6954
6945,8945
5413,7413
9741,11741
9460,11460
7524,10524
8384,10384
8406,11406
8636,10636
5211,7211
1924,3924
6709,8709
7671,9671
5873,7873
6150,9150
4160,6160
1677,3677
8059,10059
4423,6423
7411,9411
4503,6503
4171,6171
5883,7883
791,2791
8052,11052
2985,4985
4557,6557
686,2686
5964,8964
2354,4354
8860,10860
2811,4811
5197,7197
6266,8266
109,2109
5288,7288
4473,6473
3625,5625
5605,7605
8363,10363
7891,9891
3744,6744
9147,11147
819,2819
8040,11040
9634,11634
2747,4747
5632,7632
5532,8532
6801,8801
8885,10885
3923,5923
2001,4001
5853,7853
926,2926
922,2922
9250,11250
4013,6013
8793,10793
9486,12486
7741,9741
3188,5188
6216,9216
1765,3765
519,2519
1654,3654
4772,6772
486,3486
8389,10389
3866,5866
3077,5077
3156,6156
6894,9894
7047,9047
5136,8136
7873,9873
9147,11147
638,2638
4724,6724
2213,4213
212,2212
5224,7224
7640,9640
4275,6275
1369,3369
2863,4863
1400,3400
1174,3174
5789,7789
2078,4078
6815,8815
2744,4744
7941,9941
8750,10750
7740,10740
6428,8428
1764,4764
3264,6264
512,2512
4635,6635
8147,10147
697,2697
1159,3159
7187,9187
8914,10914
4580,6580
9458,11458
1947,3947
2267,4267
7355,9355
5408,7408
2275,4275
9150,12150
9875,11875
6718,8718
4763,6763
9454,11454
6747,8747
3716,5716
2054,4054
9645,11645
9589,11589
3679,5679
3553,5553
6866,8866
77,2077
3184,5184
7431,9431
2056,4056
9520,11520
8260,10260
5836,7836
956,2956
2328,5328
1799,3799
219,2219
6103,8103
9648,12648
7873,9873
4759,6759
6007,8007
70,2070
8269,10269
1770,4770
1736,3736
9836,11836
5970,8970
9950,11950
1574,3574
2658,5658
2282,4282
8485,10485
5811,7811
4898,6898
1267,3267
9014,11014
2993,4993
8022,11022
3034,5034
4762,6762
8128,10128
3011,5011
8564,10564
6419,8419
9859,11859
5553,7553
2081,4081
1745,3745
4171,6171
4278,7278
7908,10908
3323,5323
7757,9757
6254,8254
3547,5547
1440,4440
1566,4566
1680,4680
890,2890
5137,7137
7375,9375
8008,10008
8275,10275
1114,3114
3622,5622
7333,9333
3357,5357
9223,11223
203,2203
4278,7278
1905,3905
6448,8448
3342,6342
2634,5634
2992,4992
791,2791
4816,6816
6500,8500
4172,6172
6743,8743
205,2205
378,3378
9984,12984
8606,10606
8574,11574
8094,11094
5360,7360
2530,4530
6445,8445
714,3714
677,2677
5783,7783
1130,3130
4242,7242
8497,10497
3905,5905
8175,10175
8238,11238
7857,9857
5231,7231
5920,7920
7665,9665
5459,7459
7073,9073
5031,7031
2851,4851
7328,9328
8890,10890
9493,11493
2210,4210
4784,6784
5973,7973
2659,4659
2127,4127
8374,10374
7687,9687
5465,7465
1173,3173
3231,5231
8764,10764
8612,10612
466,2466
7883,9883
1199,3199
2452,4452
3800,5800
2252,4252
6707,8707
5503,7503
3682,5682
1367,3367
9759,11759
1559,3559
5929,7929
6570,9570
9571,11571
2747,4747
7776,10776
1842,4842
6341,8341
1882,3882
8444,10444
6643,8643
2079,4079
8169,10169
125,2125
5622,8622
7634,9634
6569,8569
7989,9989
5169,7169
5002,7002
3195,5195
3716,5716
8984,10984
4093,6093
2898,5898
5800,7800
7245,9245
5558,7558
4708,6708
759,2759
8966,10966
2200,4200
6341,8341
924,3924
4508,6508
8051,10051
2878,4878
5621,7621
1088,3088
1200,4200
447,2447
4876,6876
3775,5775
6848,8848
6271,8271
9666,12666
5424,8424
631,2631
5325,7325
4508,6508
6939,8939
3673,5673
9094,11094
6478,8478
655,2655
5470,7470
5281,7281
9563,11563
280,2280
2229,4229
2698,4698
9721,11721
5895,7895
6468,9468
8273,10273
719,2719
8479,10479
6031,8031
357,2357
4221,6221
1942,3942
3092,5092
7461,9461
489,2489
5698,7698
1906,3906
8882,10882
6028,8028
2183,4183
8931,10931
7601,9601
8436,11436
5412,8412
30,3030
8839,10839
4133,6133
4803,6803
818,2818
2487,4487
9965,11965
5041,7041
8449,10449
8275,10275
6852,9852
6047,8047
9319,11319
4646,6646
3775,5775
4436,6436
44,2044
8393,10393
1888,3888
1605,3605
6692,8692
3039,5039
8071,10071
2173,4173
7017,9017
6070,8070
3877,5877
955,2955
5720,7720
932,2932
4806,7806
1894,3894
7381,9381
7193,9193
3800,5800
5611,7611
5496,8496
3345,5345
5896,7896
8358,11358
4774,6774
1250,3250
4355,6355
6987,8987
3651,5651
7612,9612
292,2292
9133,11133
8014,10014
6585,8585
345,2345
7391,9391
4447,6447
2463,4463
2446,4446
7518,10518
4014,7014
108,3108
2018,4018
3747,5747
2738,4738
5002,7002
517,2517
4152,7152
2438,4438
3972,6972
6472,8472
6201,8201
7362,10362
5015,7015
699,2699
3718,5718
1871,3871
441,2441
7037,9037
5402,7402
1664,3664
3314,5314
387,2387
5045,7045
3517,5517
8333,10333
3686,5686
7013,9013
3495,5495
973,2973
3573,5573
956,2956
4232,6232
779,2779
1210,3210
4373,6373
544,2544
7387,9387
5800,7800
8435,10435
2672,4672
4278,7278
8190,11190
1093,3093
5469,7469
5470,7470
7681,9681
906,3906
3102,6102
9860,11860
2750,4750
2228,4228
3248,5248
2193,4193
9746,11746
7336,9336
2718,5718
4291,6291
9126,12126
8609,10609
8102,10102
4525,6525
2954,4954
8432,10432
8131,10131
1931,3931
2625,4625
1113,3113
3335,5335
5788,7788
6549,8549
2950,4950
2757,4757
5506,7506
5838,8838
1245,3245
1685,3685
8735,10735
4161,6161
680,2680
9004,11004
7744,9744
6298,8298
800,2800
636,3636
8586,11586
2270,4270
2992,4992
1164,4164
4791,6791
4239,6239
6470,8470
7918,9918
2097,4097
4252,6252
5872,7872
6941,8941
6967,8967
1254,4254
3519,5519
5297,7297
9578,11578
245,2245
7782,10782
4587,6587
5589,7589
3075,5075
8159,10159
4320,7320
8587,10587
2435,4435
486,3486
2540,4540
3222,6222
7329,9329
9619,11619
5784,8784
4088,6088
2220,5220
8431,10431
7697,9697
6902,8902
2269,4269
2157,4157
3569,5569
786,3786
2740,4740
9160,11160
6660,9660
7036,9036
592,2592
6382,8382
9420,12420
362,2362
4873,6873
970,2970
1617,3617
1421,3421
2362,4362
3686,5686
5941,7941
8651,10651
940,2940
8860,10860
817,2817
4718,6718
7377,9377
8965,10965
6576,9576
7347,9347
3003,5003
7419,9419
1135,3135
7459,9459
1165,3165
4391,6391
6223,8223
6021,8021
2699,4699
7886,9886
1287,3287
3243,5243
7962,10962
5612,7612
5816,7816
2971,4971
9515,11515
4964,6964
3760,5760
3448,5448
9619,11619
9977,11977
6831,8831
2069,4069
750,3750
5873,7873
29,2029
9094,11094
5503,7503
5337,7337
5346,8346
7553,9553
7406,9406
5670,8670
9857,11857
6978,9978
1059,3059
1092,4092
6037,8037
5393,7393
1654,3654
6017,8017
1670,3670
423,2423
3178,5178
421,2421
5725,7725
8370,11370
6919,8919
5004,8004
2806,4806
7549,9549
1769,3769
464,2464
437,2437
580,2580
1126,3126
8570,10570
8127,10127
2235,4235
9042,12042
2660,4660
1186,3186
8458,10458
4561,6561
2786,4786
365,2365
6974,8974
604,2604
226,2226
614,2614
4694,6694
7223,9223
8370,11370
28,2028
3660,6660
199,2199
9913,11913
3718,5718
1544,3544
7148,9148
4286,6286
6113,8113
4455,6455
2816,4816
9299,11299
6107,8107
7215,9215
8921,10921
8861,10861
224,2224
1,2001
6978,9978
4562,6562
6919,8919
4426,6426
6144,9144
3968,5968
7090,9090
3647,5647
7301,9301
9087,11087
6436,8436
9120,12120
5301,7301
4258,6258
6249,8249
4869,6869
6749,8749
1525,3525
5026,7026
9636,12636
359,2359
2276,4276
4664,6664
1167,3167
5469,7469
620,2620
9392,11392
6652,8652
3389,5389
3368,5368
3119,5119
8027,10027
5252,7252
1503,3503
1488,4488
2277,4277
7570,9570
2282,4282
1022,3022
4091,6091
5095,7095
6957,8957
942,3942
7579,9579
8091,10091
206,2206
6964,8964
5270,7270
1929,3929
4909,6909
4549,6549
8654,10654
4390,6390
2599,4599
1609,3609
5093,7093
5973,7973
7961,9961
4733,6733
6358,8358
2372,4372
1099,3099
6744,9744
2661,4661
7594,9594
3954,6954
8665,10665
9293,11293
1478,3478
8580,11580
6551,8551
5935,7935
4789,6789
2824,4824
5591,7591
6165,8165
2980,4980
4867,6867
6171,8171
7681,9681
9317,11317
1048,3048
4494,7494
602,2602
7600,9600
8372,10372
2838,5838
2592,5592
7360,9360
3889,5889
4415,6415
4848,7848
4593,6593
5008,7008
8077,10077
7720,9720
1961,3961
6178,8178
7978,9978
9764,11764
8972,10972
332,2332
1357,3357
8629,10629
3765,5765
8026,10026
2200,4200
365,2365
6886,8886
731,2731
3134,5134
8651,10651
5616,8616
1056,4056
3158,5158
7058,9058
6855,8855
391,2391
4727,6727
7351,9351
7113,9113
540,3540
4395,6395
6928,8928
731,2731
9088,11088
8034,11034
1839,3839
8233,10233
6619,8619
6512,8512
3319,5319
2611,4611
1358,3358
5909,7909
3950,5950
4153,6153
9494,11494
4369,6369
6225,8225
667,2667
4179,6179
1009,3009
3169,5169
7482,10482
7004,9004
3727,5727
8389,10389
7635,9635
11,2011
6349,8349
5729,7729
4143,6143
7406,9406
5883,7883
1577,3577
5413,7413
206,2206
2781,4781
3993,5993
6745,8745
9815,11815
2937,4937
50,2050
2267,4267
7672,9672
4312,6312
603,2603
764,2764
3152,5152
4854,7854
8793,10793
9174,12174
7683,9683
9065,11065
7546,9546
4702,6702
2335,4335
3890,5890
4669,6669
9059,11059
1885,3885
216,3216
8201,10201
8136,11136
6947,8947
5521,7521
6817,8817
869,2869
6603,8603
2413,4413
9525,11525
1100,3100
3192,6192
1532,3532
3481,5481
8429,10429
6587,8587
9995,11995
6610,8610
775,2775
4860,7860
5821,7821
5393,7393
6852,9852
6723,8723
4884,7884
2156,4156
3820,5820
3189,5189
801,2801
6518,8518
783,2783
2521,4521
634,2634
322,2322
4860,7860
2257,4257
3543,5543
6188,8188
7645,9645
8361,10361
7872,10872
1704,4704
1789,3789
2937,4937
1979,3979
1653,3653
4940,6940
2842,4842
7750,9750
6933,8933
5743,7743
4461,6461
8697,10697
8881,10881
3575,5575
9556,11556
3091,5091
4604,6604
7857,9857
3028,5028
5580,8580
5526,8526
9978,12978
9563,11563
2332,4332
432,3432
2310,5310
1049,3049
3124,5124
6414,9414
1939,3939
2780,4780
3077,5077
787,2787
8977,10977
8751,10751
6253,8253
993,2993
6051,8051
1551,3551
7163,9163
8086,10086
5543,7543
367,2367
6097,8097
7335,9335
990,3990
2120,4120
1484,3484
9890,11890
5424,8424
7609,9609
6239,8239
7778,9778
1364,3364
9816,12816
3061,5061
9919,11919
653,2653
9122,11122
720,3720
5998,7998
5751,7751
7530,10530
3307,5307
2321,4321
7116,10116
3216,6216
6149,8149
5745,7745
8114,10114
2741,4741
2632,4632
8884,10884
3108,6108
4912,6912
8080,10080
9881,11881
2349,4349
1646,3646
8602,10602
9146,11146
6561,8561
535,2535
9103,11103
9924,12924
4040,6040
7599,9599
7473,9473
5155,7155
5246,7246
2265,4265
5795,7795
7258,9258
2619,4619
6539,8539
8481,10481
167,2167
7669,9669
1247,3247
5907,7907
4675,6675
3090,6090
785,2785
7344,10344
3497,5497
6697,8697
9016,11016
999,2999
2803,4803
8530,10530
9388,11388
7169,9169
6973,8973
3616,5616
9665,11665
1238,3238
3470,5470
7539,9539
8859,10859
2124,5124
6702,9702
7897,9897
284,2284
2521,4521
7839,9839
875,2875
4106,6106
2469,4469
6877,8877
4667,6667
9320,11320
8660,10660
1138,3138
9734,11734
1966,3966
4956,7956
3183,5183
9983,11983
8159,10159
6352,8352
3212,5212
8717,10717
8606,10606
1467,3467
6446,8446
1467,3467
4698,7698
1179,3179
8495,10495
268,2268
1409,3409
655,2655
4180,6180
4830,7830
7478,9478
3040,5040
9250,11250
435,2435
5109,7109
1172,3172
170,2170
404,2404
3632,5632
721,2721
9897,11897
2102,4102
6724,8724
8724,11724
4765,6765
715,2715
607,2607
1512,4512
7968,10968
7883,9883
1315,3315
9867,11867
5596,7596
2564,4564
8776,10776
4005,6005
8663,10663
8105,10105
5282,7282
5635,7635
450,3450
1394,3394
5973,7973
1315,3315
2049,4049
3482,5482
3769,5769
4038,7038
3758,5758
1749,3749
729,2729
9196,11196
3472,5472
5725,7725
6704,8704
653,2653
5475,7475
689,2689
2245,4245
1931,3931
8837,10837
6361,8361
3543,5543
2136,5136
5406,8406
1457,3457
80,2080
1955,3955
5837,7837
2999,4999
5024,7024
3178,5178
6501,8501
1847,3847
2449,4449
8239,10239
9014,11014
9473,11473
4529,6529
1778,3778
5362,7362
8346,11346
1690,3690
920,2920
2512,4512
4012,6012
6574,8574
3027,5027
4454,6454
4670,6670
2406,5406
5396,7396
6124,8124
9040,11040
7810,9810
9922,11922
3666,6666
9395,11395
6396,9396
9121,11121
8129,10129
7614,10614
9368,11368
2176,4176
9422,11422
1120,3120
1447,3447
3446,5446
8256,11256
2231,4231
5744,7744
9945,11945
8565,10565
8126,10126
9603,11603
3629,5629
9372,12372
1301,3301
4832,6832
5775,7775
2902,4902
8830,10830
4781,6781
9394,11394
2635,4635
5347,7347
4304,6304
1749,3749
4816,6816
4438,6438
7561,9561
3299,5299
6852,9852
2622,5622
6556,8556
4262,6262
111,2111
619,2619
1684,3684
9463,11463
5989,7989
7741,9741
743,2743
626,2626
6820,8820
3568,5568
4432,6432
375,2375
4935,6935
9297,11297
7465,9465
3374,5374
3497,5497
4823,6823
4884,7884
7069,9069
5823,7823
652,2652
3225,5225
6023,8023
7391,9391
2751,4751
4792,6792
1721,3721
2119,4119
5957,7957
6162,9162
4998,7998
6781,8781
8062,10062
8726,10726
2436,5436
6847,8847
3208,5208
1018,3018
1214,3214
6986,8986
1578,4578
7121,9121
5162,7162
9996,12996
9800,11800
1221,3221
6794,8794
472,2472
1011,3011
3041,5041
4515,6515
2374,4374
8366,10366
3773,5773
7953,9953
6485,8485
2741,4741
2840,4840
1586,3586
3068,5068
7100,9100
7271,9271
290,2290
752,2752
5699,7699
9897,11897
1844,3844
5558,7558
4803,6803
6828,9828
233,2233
7643,9643
8158,10158
4098,7098
8992,10992
16,2016
9062,11062
4404,7404
925,2925
4429,6429
1733,3733
5859,7859
6958,8958
9369,11369
5627,7627
2647,4647
6550,8550
5032,7032
79,2079
7738,9738
2791,4791
3055,5055
8960,10960
5555,7555
5240,7240
159,2159
9147,11147
9156,12156
6231,8231
6272,8272
8016,11016
5106,8106
9389,11389
498,3498
7886,9886
6887,8887
4090,6090
7381,9381
3790,5790
4628,6628
8857,10857
9425,11425
5789,7789
684,3684
5756,7756
7822,9822
8449,10449
3475,5475
8975,10975
9217,11217
8402,10402
6045,8045
5307,7307
9018,12018
9765,11765
750,3750
3132,6132
6776,8776
3802,5802
5726,7726
4811,6811
6092,8092
2931,4931
1836,4836
2984,4984
6719,8719
4300,6300
9306,12306
3327,5327
8748,11748
7129,9129
1290,4290
1852,3852
2102,4102
7488,10488
2123,4123
5056,7056
7482,10482
9456,12456
7398,10398
378,3378
3100,5100
5078,7078
1304,3304
2286,5286
1462,3462
8848,10848
63,2063
8168,10168
1048,3048
9078,12078
1800,4800
6965,8965
3884,5884
9067,11067
979,2979
3976,5976
3812,5812
5902,7902
1228,3228
4421,6421
5483,7483
3595,5595
1008,4008
7569,9569
6776,8776
9626,11626
6985,8985
2138,4138
647,2647
6916,8916
9652,11652
7802,9802
9707,11707
4806,7806
6242,8242
1331,3331
3148,5148
1844,3844
4915,6915
5647,7647
4365,6365
5716,7716
5103,7103
3445,5445
2875,4875
196,2196
789,2789
1262,3262
448,2448
7935,9935
9435,11435
9843,11843
7278,10278
6168,9168
708,3708
5,2005
3294,6294
4527,6527
399,2399
9165,11165
5124,8124
9745,11745
8958,11958
3179,5179
3746,5746
2770,4770
1503,3503
8747,10747
4126,6126
2902,4902
8739,10739
3925,5925
139,2139
1345,3345
9065,11065
9333,11333
2478,5478
5212,7212
3426,6426
9648,12648
4506,7506
285,2285
5907,7907
6067,8067
8084,10084
9486,12486
9874,11874
3317,5317
2680,4680
5267,7267
5489,7489
7671,9671
4113,6113
8786,10786
3239,5239
5265,7265
3778,5778
5569,7569
1853,3853
7991,9991
7615,9615
5735,7735
4001,6001
6912,9912
9918,12918
308,2308
4713,6713
2710,4710
1158,4158
2841,4841
8127,10127
4649,6649
8493,10493
982,2982
7374,10374
7610,9610
1917,3917
4523,6523
6933,8933
7158,10158
5026,7026
9615,11615
5472,8472
476,2476
4989,6989
23,2023
3157,5157
8288,10288
5328,8328
9154,11154
7457,9457
5453,7453
5785,7785
3172,5172
9512,11512
5666,7666
1509,3509
6795,8795
6696,9696
8052,11052
4290,7290
8777,10777
3064,5064
9101,11101
3474,6474
6934,8934
4282,6282
4624,6624
6502,8502
5058,8058
2303,4303
2772,5772
2125,4125
7993,9993
235,2235
4118,6118
9287,11287
3569,5569
4444,6444
9526,11526
1385,3385
6527,8527
2379,4379
9991,11991
2297,4297
2517,4517
6785,8785
7894,9894
8006,10006
9080,11080
906,3906
9229,11229
2159,4159
7086,10086
2589,4589
5476,7476
6093,8093
5774,7774
1072,3072
4492,6492
6525,8525
5909,7909
4849,6849
4204,6204
6033,8033
1565,3565
748,2748
8777,10777
5418,8418
1465,3465
4245,6245
1431,3431
8090,10090
671,2671
90,3090
9624,12624
5322,8322
9579,11579
7746,10746
1188,4188
9586,11586
5477,7477
4857,6857
2272,4272
8897,10897
8501,10501
5056,7056
9785,11785
5526,8526
134,2134
6332,8332
8730,11730
5193,7193
957,2957
6123,8123
3640,5640
7134,10134
526,2526
5244,8244
2843,4843
7220,9220
8392,10392
5851,7851
1348,3348
1164,4164
8107,10107
477,2477
1017,3017
1806,4806
7197,9197
6851,8851
4547,6547
9510,12510
4898,6898
2860,4860
6682,8682
1507,3507
1704,4704
1756,3756
5795,7795
6090,9090
2432,4432
903,2903
1789,3789
3421,5421
1759,3759
8748,11748
5985,7985
2591,4591
1688,3688
8234,10234
1958,3958
3512,5512
4090,6090
1532,3532
7334,9334
5897,7897
7254,10254
3403,5403
5581,7581
7366,9366
2699,4699
954,3954
2796,5796
7097,9097
4366,6366
3283,5283
9381,11381
4027,6027
4021,6021
4288,6288
7565,9565
4399,6399
699,2699
7336,9336
5978,7978
1727,3727
2247,4247
6191,8191
3559,5559
4864,6864
64,2064
6429,8429
955,2955
1846,3846
9624,12624
2587,4587
4303,6303
3943,5943
9829,11829
7139,9139
1050,4050
1959,3959
693,2693
5718,8718
7710,10710
1817,3817
7059,9059
2146,4146
1175,3175
9364,11364
4753,6753
9384,12384
6529,8529
2469,4469
5378,7378
3465,5465
3731,5731
7416,10416
5113,7113
3151,5151
4449,6449
1981,3981
2524,4524
2067,4067
4666,6666
2161,4161
7833,9833
1663,3663
7234,9234
9080,11080
5146,7146
5466,8466
4282,6282
111,2111
5039,7039
3174,6174
1239,3239
1186,3186
772,2772
3918,6918
6001,8001
9599,11599
233,2233
917,2917
9128,11128
3583,5583
7377,9377
9843,11843
7751,9751
7201,9201
7202,9202
7978,9978
9856,11856
991,2991
746,2746
2857,4857
3385,5385
3568,5568
3793,5793
5078,7078
5374,7374
8564,10564
9634,11634
4290,7290
921,2921
523,2523
9718,11718
1473,3473
323,2323
4711,6711
5005,7005
6582,9582
3890,5890
1152,4152
4234,6234
9176,11176
6997,8997
7013,9013
4506,7506
4764,7764
1677,3677
68,2068
4319,6319
6388,8388
9475,11475
3953,5953
2162,4162
8590,10590
3549,5549
9070,11070
4701,6701
1329,3329
9884,11884
6106,8106
8572,10572
2936,4936
3211,5211
6961,8961
3293,5293
4052,6052
3434,5434
5357,7357
3826,5826
7854,10854
838,2838
6300,9300
9517,11517
1801,3801
4871,6871
2985,4985
7017,9017
73,2073
9968,11968
9465,11465
2359,4359
6198,9198
317,2317
6687,8687
3914,5914
8543,10543
2819,4819
3444,6444
2100,5100
8699,10699
6729,8729
8496,11496
6222,9222
2407,4407
2410,4410
2237,4237
2221,4221
3585,5585
1725,3725
244,2244
3571,5571
1439,3439
4842,7842
6349,8349
1383,3383
9866,11866
3008,5008
7651,9651
988,2988
155,2155
8102,10102
1291,3291
3481,5481
8291,10291
9687,11687
6723,8723
2787,4787
8474,10474
3540,6540
4575,6575
2815,4815
8834,10834
7404,10404
6265,8265
6,3006
9072,12072
7924,9924
3466,5466
9433,11433
6522,9522
1312,3312
1175,3175
4068,7068
7380,10380
6736,8736
2869,4869
2512,4512
2091,4091
1064,3064
4998,7998
8873,10873
7397,9397
5024,7024
8920,10920
2787,4787
2952,5952
7594,9594
2363,4363
822,3822
8898,11898
7031,9031
9276,12276
8473,10473
875,2875
8798,10798
2535,4535
6670,8670
8207,10207
4802,6802
1038,4038
1354,3354
5955,7955
9256,11256
8054,10054
5859,7859
2961,4961
8442,11442
2402,4402
4589,6589
5957,7957
2837,4837
2926,4926
8285,10285
9620,11620
473,2473
817,2817
3026,5026
343,2343
7322,9322
1909,3909
8903,10903
9413,11413
5233,7233
1399,3399
5279,7279
9656,11656
4592,6592
8536,10536
8929,10929
369,2369
3970,5970
5241,7241
7044,10044
8400,11400
9500,11500
8036,10036
2487,4487
3531,5531
143,2143
6760,8760
339,2339
4323,6323
5527,7527
5491,7491
9995,11995
2598,5598
9771,11771
995,2995
8122,10122
9976,11976
5382,8382
4529,6529
9308,11308
1324,3324
9004,11004
1359,3359
3025,5025
571,2571
5671,7671
7644,10644
2137,4137
3489,5489
391,2391
1290,4290
7282,9282
7487,9487
6350,8350
9058,11058
372,3372
2646,5646
2700,5700
8970,11970
6952,8952
5364,8364
3084,6084
8541,10541
830,2830
271,2271
872,2872
4840,6840
2939,4939
9549,11549
5142,8142
9850,11850
2501,4501
9167,11167
6320,8320
9624,12624
2838,5838
3727,5727
4953,6953
1282,3282
8514,11514
685,2685
8834,10834
3496,5496
8165,10165
8245,10245
9926,11926
8251,10251
7707,9707
3686,5686
4511,6511
7597,9597
349,2349
816,3816
4734,7734
7886,9886
4738,6738
4824,7824
566,2566
7763,9763
7752,10752
6890,8890
5275,7275
8727,10727
3309,5309
2180,4180
1400,3400
1809,3809
6997,8997
6963,8963
4016,6016
4206,7206
4887,6887
6015,8015
1305,3305
6598,8598
7263,9263
5369,7369
5378,7378
8933,10933
2791,4791
4062,7062
6741,8741
2451,4451
899,2899
4120,6120
8890,10890
1275,3275
9791,11791
4055,6055
6124,8124
4516,6516
1531,3531
3638,5638
8248,10248
6300,9300
8047,10047
3494,5494
3581,5581
805,2805
804,3804
2035,4035
8883,10883
1803,3803
3254,5254
2188,4188
4264,6264
9872,11872
4982,6982
9966,12966
7105,9105
5191,7191
5407,7407
5606,7606
7816,9816
3745,5745
9858,12858
2315,4315
1777,3777
4171,6171
1893,3893
4767,6767
214,2214
5731,7731
4020,7020
3297,5297
7346,9346
4312,6312
5756,7756
2991,4991
9330,12330
583,2583
5258,7258
9048,12048
5546,7546
3993,5993
840,3840
2115,4115
551,2551
9222,12222
4556,6556
2635,4635
6337,8337
1662,4662
2104,4104
9599,11599
1021,3021
8031,10031
6870,9870
8100,11100
9556,11556
3366,6366
754,2754
2288,4288
490,2490
8248,10248
2111,4111
5537,7537
6265,8265
6992,8992
2084,4084
7593,9593
5552,7552
3628,5628
5940,8940
6647,8647
9995,11995
8576,10576
5856,8856
5331,7331
7769,9769
3837,5837
1644,4644
6744,9744
8208,11208
6346,8346
1435,3435
5496,8496
9631,11631
2733,4733
9054,12054
3815,5815
7327,9327
8386,10386
3639,5639
7616,9616
989,2989
8798,10798
6750,9750
6590,8590
1548,4548
7279,9279
2999,4999
4544,6544
2368,4368
6759,8759
6026,8026
800,2800
7418,9418
217,2217
8807,10807
678,3678
9533,11533
4547,6547
4783,6783
4805,6805
812,2812
741,2741
9058,11058
8874,11874
3188,5188
5808,8808
2339,4339
3925,5925
4349,6349
2084,4084
3169,5169
1294,3294
4708,6708
9860,11860
3341,5341
478,2478
4431,6431
7249,9249
8289,10289
6329,8329
8600,10600
8363,10363
6845,8845
4114,6114
7342,9342
9363,11363
1656,4656
4628,6628
8269,10269
2989,4989
7601,9601
919,2919
8348,10348
6402,9402
2814,5814
8131,10131
7923,9923
2318,4318
3988,5988
7106,9106
2101,4101
365,2365
9608,11608
9773,11773
3246,6246
6230,8230
6442,8442
7600,9600
785,2785
7417,9417
8784,11784
7616,9616
5300,7300
1608,4608
1005,3005
1770,4770
8764,10764
2549,4549
1933,3933
5970,8970
4271,6271
9349,11349
8740,10740
9310,11310
5914,7914
7211,9211
9385,11385
7932,10932
6572,8572
7505,9505
2767,4767
9162,12162
2449,4449
5805,7805
327,2327
866,2866
5033,7033
7699,9699
3765,5765
921,2921
4620,7620
6875,8875
653,2653
3214,5214
9865,11865
7443,9443
4821,6821
8299,10299
6528,9528
7543,9543
9018,12018
1847,3847
2076,5076
8068,10068
8043,10043
3838,5838
5410,7410
6392,8392
2709,4709
5534,7534
673,2673
8023,10023
1379,3379
8633,10633
6168,9168
3736,5736
2185,4185
6655,8655
457,2457
6944,8944
2243,4243
502,2502
835,2835
1614,4614
2837,4837
9664,11664
7197,9197
4952,6952
9129,11129
7682,9682
6712,8712
1987,3987
7641,9641
319,2319
2190,5190
9617,11617
5068,7068
548,2548
339,2339
9641,11641
8362,10362
2689,4689
6206,8206
1773,3773
2449,4449
913,2913
1361,3361
1067,3067
1542,4542
7217,9217
4093,6093
3552,6552
2789,4789
7174,9174
233,2233
5441,7441
1713,3713
3745,5745
5908,7908
2716,4716
1389,3389
5202,8202
8062,10062
8718,11718
8413,10413
7193,9193
2366,4366
6817,8817
233,2233
5592,8592
1807,3807
5307,7307
4798,6798
9222,12222
2858,4858
8333,10333
6541,8541
3685,5685
4503,6503
4261,6261
1619,3619
3337,5337
9604,11604
9377,11377
3022,5022
9431,11431
8299,10299
9628,11628
3609,5609
73,2073
4119,6119
5648,7648
1759,3759
3444,6444
7747,9747
3274,5274
5989,7989
2526,5526
1229,3229
5252,7252
5257,7257
5259,7259
4483,6483
4470,7470
4582,6582
8109,10109
2589,4589
9562,11562
7851,9851
4386,7386
2631,4631
9275,11275
3836,5836
8591,10591
9316,11316
7752,10752
7200,10200
763,2763
3626,5626
3434,5434
871,2871
5488,7488
3166,5166
1165,3165
9461,11461
2243,4243
6663,8663
9190,11190
4007,6007
8027,10027
2811,4811
6559,8559
9720,12720
8785,10785
6599,8599
1269,3269
9926,11926
5973,7973
8745,10745
6137,8137
2804,4804
2936,4936
3659,5659
853,2853
9692,11692
7532,9532
5398,7398
8440,10440
6576,9576
1119,3119
697,2697
6721,8721
1287,3287
1336,3336
917,2917
684,3684
413,2413
5290,7290
9921,11921
2250,5250
1322,3322
3201,5201
4576,6576
633,2633
2850,5850
6536,8536
1947,3947
5373,7373
5132,7132
3836,5836
7195,9195
1885,3885
4911,6911
7249,9249
3785,5785
786,3786
6642,9642
5127,7127
6495,8495
1891,3891
745,2745
1452,4452
7843,9843
1078,3078
9284,11284
8229,10229
8669,10669
1639,3639
858,3858
5420,7420
8773,10773
570,3570
4490,6490
1931,3931
9883,11883
6928,8928
3445,5445
5066,7066
7073,9073
8001,10001
5039,7039
3130,5130
9029,11029
9983,11983
4580,6580
9853,11853
8117,10117
4682,6682
5869,7869
9758,11758
2271,4271
8101,10101
1279,3279
3639,5639
7642,9642
1134,4134
1227,3227
2706,5706
2705,4705
7090,9090
7504,9504
7744,9744
3371,5371
2106,5106
5789,7789
3883,5883
9590,11590
2678,4678
2752,4752
7753,9753
8774,10774
4852,6852
4796,6796
5519,7519
485,2485
7812,10812
3698,5698
8420,10420
3120,6120
7637,9637
6297,8297
6956,8956
1241,3241
7058,9058
8653,10653
6333,8333
1673,3673
6735,8735
6109,8109
6415,8415
7207,9207
5044,7044
8379,10379
7916,9916
1696,3696
9119,11119
363,2363
1481,3481
8256,11256
2739,4739
3654,6654
9372,12372
8974,10974
6831,8831
6188,8188
9095,11095
5616,8616
4454,6454
3400,5400
4010,6010
7577,9577
1164,4164
7163,9163
9490,11490
9015,11015
5102,7102
4762,6762
5364,8364
5747,7747
4313,6313
5805,7805
4293,6293
3285,5285
2303,4303
4030,6030
2323,4323
3521,5521
1448,3448
4105,6105
6154,8154
8247,10247
7500,10500
5344,7344
8095,10095
8538,11538
9674,11674
1496,3496
9332,11332
2776,4776
3888,6888
9275,11275
4655,6655
9525,11525
3058,5058
936,3936
7411,9411
7665,9665
6664,8664
5944,7944
450,3450
5076,8076
9647,11647
964,2964
7366,9366
4048,6048
5583,7583
8695,10695
8119,10119
4908,7908
3497,5497
908,2908
8284,10284
4858,6858
1375,3375
7390,9390
9138,12138
2583,4583
6956,8956
4438,6438
4413,6413
9067,11067
2859,4859
8079,10079
4473,6473
3743,5743
5244,8244
8988,11988
5637,7637
2032,4032
5304,8304
2717,4717
1727,3727
5441,7441
659,2659
4473,6473
1117,3117
5197,7197
5696,7696
8411,10411
1493,3493
4967,6967
9368,11368
1297,3297
453,2453
3184,5184
4121,6121
3973,5973
9300,12300
4033,6033
6005,8005
3314,5314
4471,6471
7669,9669
819,2819
2816,4816
6493,8493
1329,3329
2484,5484
8098,10098
6554,8554
289,2289
8981,10981
8494,10494
532,2532
3986,5986
7792,9792
6649,8649
5982,8982
9917,11917
5938,7938
2876,4876
8219,10219
4944,7944
3869,5869
5289,7289
5140,7140
5189,7189
2930,4930
3120,6120
2577,4577
9696,12696
6416,8416
7496,9496
7611,9611
4291,6291
4065,6065
1636,3636
4703,6703
9869,11869
2806,4806
3245,5245
131,2131
2542,4542
693,2693
197,2197
7968,10968
5085,7085
998,2998
4763,6763
3507,5507
3130,5130
5901,7901
8171,10171
8039,10039
1090,3090
3265,5265
3040,5040
3955,5955
3755,5755
6732,9732
8405,10405
3681,5681
2661,4661
6103,8103
8679,10679
9103,11103
1432,3432
774,3774
2998,4998
2189,4189
9460,11460
1813,3813
7017,9017
7887,9887
5284,7284
8596,10596
3930,6930
6548,8548
848,2848
4055,6055
4715,6715
813,2813
771,2771
2453,4453
7285,9285
456,3456
1241,3241
4625,6625
2901,4901
7193,9193
4349,6349
1050,4050
4525,6525
3433,5433
3113,5113
9947,11947
676,2676
6656,8656
2612,4612
5538,8538
9738,12738
414,3414
8785,10785
5878,7878
9210,12210
1332,4332
178,2178
8345,10345
8817,10817
6061,8061
8409,10409
9157,11157
5594,7594
6942,9942
3110,5110
4968,7968
2981,4981
4575,6575
4780,6780
3972,6972
12,3012
3638,5638
9946,11946
3914,5914
4845,6845
5838,8838
6336,9336
5429,7429
2981,4981
7210,9210
1791,3791
8111,10111
905,2905
4830,7830
6129,8129
3361,5361
6074,8074
3129,5129
9033,11033
6340,8340
9268,11268
4299,6299
1384,3384
8124,11124
5748,8748
7164,10164
8630,10630
2863,4863
4964,6964
1116,4116
8637,10637
1927,3927
4667,6667
5830,7830
7855,9855
6024,9024
8214,11214
5816,7816
7073,9073
7082,9082
1960,3960
5648,7648
8575,10575
9546,12546
5321,7321
9080,11080
9999,11999
1217,3217
6764,8764
5070,8070
1340,3340
1597,3597
3216,6216
4436,6436
2972,4972
3615,5615
3160,5160
4788,7788
3809,5809
2460,5460
4919,6919
7094,9094
9724,11724
9232,11232
5792,7792
1783,3783
8830,10830
2967,4967
6021,8021
3110,5110
8117,10117
4912,6912
8795,10795
80,2080
2963,4963
3625,5625
5761,7761
2483,4483
2688,5688
9480,12480
7573,9573
7351,9351
2383,4383
4688,6688
1452,4452
6128,8128
5511,7511
7321,9321
7290,10290
3148,5148
939,2939
132,3132
5657,7657
8038,10038
7204,9204
1457,3457
9028,11028
5207,7207
3112,5112
6404,8404
5973,7973
1857,3857
4013,6013
812,2812
3930,6930
3888,6888
1222,3222
3166,5166
4744,6744
1143,3143
276,3276
5234,7234
715,2715
5941,7941
2335,4335
8623,10623
8647,10647
8362,10362
2365,4365
3236,5236
6522,9522
4303,6303
8207,10207
240,3240
7510,9510
4606,6606
2015,4015
9112,11112
3443,5443
1064,3064
57,2057
6426,9426
5493,7493
8127,10127
8119,10119
8149,10149
6193,8193
1498,3498
5491,7491
2927,4927
681,2681
931,2931
5229,7229
7151,9151
2375,4375
1754,3754
3748,5748
1779,3779
975,2975
1160,3160
7265,9265
3222,6222
2021,4021
6862,8862
9423,11423
6798,9798
4853,6853
9528,12528
4831,6831
8969,10969
9155,11155
6639,8639
2523,4523
5356,7356
5880,8880
8832,11832
172,2172
2347,4347
6832,8832
9207,11207
4106,6106
2365,4365
6850,8850
4236,7236
9286,11286
2838,5838
7437,9437
5734,7734
5044,7044
7978,9978
104,2104
9705,11705
4369,6369
7761,9761
6513,8513
3403,5403
6678,9678
5679,7679
9266,11266
9698,11698
9772,11772
8282,10282
9998,11998
1962,4962
3299,5299
2774,4774
6285,8285
2003,4003
9627,11627
6235,8235
6572,8572
3973,5973
8191,10191
9671,11671
9585,11585
9026,11026
8651,10651
9061,11061
6602,8602
8996,10996
9684,12684
3129,5129
2514,5514
3055,5055
9660,12660
6269,8269
6176,8176
2798,4798
1103,3103
3191,5191
569,2569
7096,9096
1815,3815
5448,8448
4339,6339
4598,6598
9490,11490
540,3540
207,2207
4764,7764
1017,3017
5429,7429
8515,10515
7304,9304
374,2374
8621,10621
3191,5191
6267,8267
9730,11730
5076,8076
3216,6216
8569,10569
1297,3297
7900,9900
1813,3813
8151,10151
6867,8867
335,2335
1787,3787
3842,5842
4173,6173
2072,4072
4132,6132
2752,4752
9604,11604
2792,4792
3904,5904
2020,4020
7891,9891
9898,11898
7130,9130
1768,3768
3682,5682
8334,11334
1482,4482
690,3690
3078,6078
5914,7914
4256,6256
6640,8640
5427,7427
4471,6471
7855,9855
1762,3762
2077,4077
2874,5874
5032,7032
5541,7541
2559,4559
7623,9623
6764,8764
3898,5898
7893,9893
2203,4203
3400,5400
825,2825
7080,10080
3803,5803
2914,4914
650,2650
3762,6762
8234,10234
2876,4876
7567,9567
6024,9024
6515,8515
1960,3960
2943,4943
5401,7401
3540,6540
6463,8463
8749,10749
8254,10254
1631,3631
3405,5405
1161,3161
7721,9721
8600,10600
7475,9475
6057,8057
6893,8893
2708,4708
5311,7311
629,2629
7287,9287
9432,12432
4965,6965
4093,6093
9650,11650
841,2841
3147,5147
6647,8647
8350,10350
1136,3136
3014,5014
289,2289
2437,4437
8011,10011
3097,5097
8540,10540
1122,4122
8389,10389
8665,10665
3036,6036
1775,3775
5592,8592
5341,7341
4414,6414
9884,11884
6461,8461
2958,5958
15,2015
595,2595
9343,11343
3970,5970
1500,4500
7169,9169
466,2466
1368,4368
9131,11131
941,2941
4828,6828
9714,12714
7162,9162
28,2028
1487,3487
8793,10793
6577,8577
7332,10332
307,2307
9192,12192
4126,6126
960,3960
4637,6637
8552,10552
5129,7129
2027,4027
3501,5501
4765,6765
269,2269
8617,10617
1764,4764
9089,11089
3997,5997
8592,11592
6473,8473
3579,5579
1137,3137
5284,7284
5953,7953
1082,3082
2792,4792
6613,8613
638,2638
6715,8715
5323,7323
8679,10679
5988,8988
7995,9995
7621,9621
5192,7192
8553,10553
8682,11682
2137,4137
5108,7108
7958,9958
4249,6249
5086,7086
2122,4122
5530,7530
4954,6954
2457,4457
2517,4517
4818,7818
1790,3790
7591,9591
8791,10791
275,2275
8794,10794
5830,7830
152,2152
9521,11521
5250,8250
553,2553
2378,4378
5686,7686
9656,11656
621,2621
5606,7606
9092,11092
9873,11873
9512,11512
834,3834
5113,7113
2553,4553
1148,3148
7101,9101
8698,10698
7805,9805
4378,6378
8938,10938
2119,4119
6380,8380
6819,8819
3303,5303
8466,11466
2158,4158
7307,9307
4830,7830
7488,10488
6065,8065
7232,9232
4789,6789
2801,4801
6836,8836
1758,4758
4085,6085
193,2193
7474,9474
2295,4295
7108,9108
2433,4433
3468,6468
2687,4687
6660,9660
8807,10807
8525,10525
5579,7579
2614,4614
4757,6757
6503,8503
9361,11361
4942,6942
5112,8112
270,3270
8382,11382
3617,5617
6016,8016
853,2853
1725,3725
2662,4662
451,2451
3703,5703
1768,3768
9668,11668
6602,8602
7515,9515
4551,6551
8394,11394
9948,12948
5865,7865
6138,9138
3117,5117
3656,5656
2428,4428
6547,8547
9059,11059
9325,11325
7092,10092
3845,5845
3616,5616
3919,5919
6035,8035
8250,11250
9580,11580
6265,8265
8354,10354
979,2979
9930,12930
7983,9983
1071,3071
4192,6192
8908,10908
7665,9665
7763,9763
8431,10431
9593,11593
3250,5250
6840,9840
8134,10134
135,2135
1371,3371
6568,8568
4757,6757
7850,9850
4416,7416
6829,8829
7861,9861
918,3918
4362,7362
7946,9946
2429,4429
7906,9906
5809,7809
6774,9774
4001,6001
1909,3909
9200,11200
9274,11274
6445,8445
2713,4713
4439,6439
4218,7218
8567,10567
9118,11118
4797,6797
1840,3840
4611,6611
6591,8591
1249,3249
304,2304
5346,8346
6257,8257
8467,10467
4778,6778
1610,3610
8493,10493
6834,9834
6554,8554
4045,6045
7996,9996
1238,3238
3078,6078
8196,11196
1024,3024
7243,9243
744,3744
2859,4859
8989,10989
449,2449
1689,3689
8197,10197
5597,7597
4043,6043
4782,7782
3723,5723
7973,9973
7091,9091
3680,5680
9082,11082
5395,7395
2685,4685
3996,6996
7704,10704
9726,12726
7507,9507
8823,10823
7754,9754
2211,4211
2246,4246
8384,10384
6940,8940
2356,4356
7569,9569
5716,7716
7922,9922
2519,4519
3376,5376
6197,8197
102,3102
9971,11971
8859,10859
2172,5172
3325,5325
4992,7992
3519,5519
7197,9197
1423,3423
5797,7797
4383,6383
4953,6953
6206,8206
3508,5508
455,2455
2963,4963
3444,6444
7008,10008
1787,3787
5582,7582
5287,7287
8327,10327
4728,7728
2298,5298
9294,12294
1795,3795
3576,6576
6553,8553
2112,5112
9610,11610
8073,10073
5296,7296
3849,5849
2492,4492
7014,10014
7956,10956
8746,10746
3502,5502
5648,7648
2138,4138
176,2176
4701,6701
3079,5079
3822,6822
7821,9821
3341,5341
5923,7923
2105,4105
3541,5541
7055,9055
6693,8693
9331,11331
8972,10972
6292,8292
6831,8831
7580,9580
2513,4513
1079,3079
6903,8903
2121,4121
2153,4153
682,2682
604,2604
5032,7032
1080,4080
4008,7008
9729,11729
2060,4060
4406,6406
6919,8919
8247,10247
6776,8776
967,2967
7587,9587
4704,7704
9693,11693
2490,5490
949,2949
27,2027
5051,7051
324,3324
670,2670
4265,6265
7313,9313
3783,5783
1776,4776
4889,6889
7928,9928
9907,11907
2503,4503
7586,9586
354,3354
1757,3757
5806,7806
5912,7912
8355,10355
4289,6289
6384,9384
9951,11951
3036,6036
8391,10391
1660,3660
7057,9057
1571,3571
1736,3736
3185,5185
4475,6475
8260,10260
9844,11844
1280,3280
9110,11110
3088,5088
5008,7008
2186,4186
7965,9965
7325,9325
5844,8844
9574,11574
5627,7627
323,2323
6170,8170
8119,10119
8760,11760
1375,3375
7286,9286
397,2397
9532,11532
296,2296
3463,5463
3344,5344
1151,3151
6133,8133
9808,11808
7269,9269
5755,7755
7146,10146
5833,7833
2274,5274
9533,11533
9461,11461
6732,9732
2171,4171
6475,8475
5715,7715
8518,10518
8472,11472
8384,10384
2527,4527
326,2326
4807,6807
9110,11110
494,2494
8972,10972
6226,8226
5207,7207
8301,10301
9194,11194
1047,3047
6700,8700
7532,9532
2744,4744
8054,10054
7120,9120
1701,3701
9613,11613
7916,9916
4091,6091
1167,3167
6045,8045
6120,9120
7432,9432
2539,4539
6515,8515
6994,8994
8469,10469
9798,12798
865,2865
3571,5571
5086,7086
2904,5904
7228,9228
2687,4687
5809,7809
3167,5167
7595,9595
2891,4891
5739,7739
6871,8871
1869,3869
7148,9148
6443,8443
3838,5838
2478,5478
7324,9324
3924,6924
7104,10104
1611,3611
9086,11086
7954,9954
4121,6121
7550,9550
1973,3973
7430,9430
4117,6117
976,2976
4459,6459
3524,5524
5507,7507
2898,5898
8634,11634
1907,3907
7513,9513
8925,10925
5571,7571
5349,7349
6441,8441
196,2196
4801,6801
2041,4041
8769,10769
6383,8383
4281,6281
6175,8175
275,2275
8954,10954
4406,6406
9210,12210
3814,5814
813,2813
1090,3090
1006,3006
9888,12888
2566,4566
6666,9666
4172,6172
4035,6035
4180,6180
7738,9738
7945,9945
4339,6339
2559,4559
4659,6659
3327,5327
5046,8046
7531,9531
5089,7089
2156,4156
8807,10807
5798,7798
5504,7504
6488,8488
746,2746
4054,6054
7703,9703
4938,7938
8952,11952
78,3078
9132,12132
9293,11293
6075,8075
119,2119
2006,4006
376,2376
6748,8748
1603,3603
7275,9275
4142,6142
7762,9762
9889,11889
9994,11994
6651,8651
2480,4480
2152,4152
9245,11245
3874,5874
7231,9231
62,2062
9574,11574
8474,10474
1638,4638
7230,10230
6109,8109
7278,10278
5072,7072
8030,10030
8471,10471
7763,9763
3446,5446
8389,10389
4267,6267
1214,3214
9900,12900
4011,6011
4513,6513
9711,11711
6621,8621
1209,3209
3268,5268
4911,6911
3826,5826
797,2797
4315,6315
3009,5009
5250,8250
8728,10728
7651,9651
5405,7405
4015,6015
8069,10069
3332,5332
6377,8377
9566,11566
4513,6513
3043,5043
3013,5013
6022,8022
5574,8574
1361,3361
9803,11803
1024,3024
6710,8710
5171,7171
460,2460
7853,9853
3403,5403
3923,5923
119,2119
9240,12240
825,2825
5221,7221
6390,9390
7532,9532
5759,7759
7937,9937
1999,3999
4697,6697
4681,6681
1921,3921
7154,9154
6376,8376
6762,9762
5542,7542
6285,8285
4887,6887
9213,11213
5329,7329
683,2683
3243,5243
7167,9167
879,2879
5965,7965
3062,5062
6826,8826
5916,8916
6010,8010
8679,10679
7196,9196
6595,8595
4733,6733
1255,3255
4875,6875
5602,7602
2825,4825
5437,7437
3875,5875
2222,4222
7174,9174
5043,7043
9295,11295
9116,11116
6098,8098
3464,5464
9416,11416
9878,11878
453,2453
3634,5634
8903,10903
8394,11394
2376,5376
8601,10601
5571,7571
4481,6481
6183,8183
4238,6238
1466,3466
4861,6861
3303,5303
8234,10234
2293,4293
7607,9607
8662,10662
5976,8976
5266,7266
2643,4643
1698,4698
9897,11897
6659,8659
3238,5238
1479,3479
2324,4324
3260,5260
453,2453
6410,8410
6474,9474
1164,4164
2148,5148
1615,3615
9727,11727
8690,10690
737,2737
7307,9307
1670,3670
921,2921
4689,6689
6419,8419
7913,9913
7837,9837
399,2399
3426,6426
7193,9193
5044,7044
5144,7144
2949,4949
6701,8701
5637,7637
9246,12246
5020,7020
7388,9388
8452,10452
5066,7066
6296,8296
7253,9253
6262,8262
4781,6781
4061,6061
4093,6093
7306,9306
8704,10704
7789,9789
9955,11955
2001,4001
1157,3157
8672,10672
4931,6931
9640,11640
1564,3564
4798,6798
9198,12198
8736,11736
2984,4984
6303,8303
8257,10257
2558,4558
5694,8694
1196,3196
3116,5116
4349,6349
1434,4434
8955,10955
2971,4971
8012,10012
1021,3021
335,2335
8200,10200
4274,6274
2670,5670
1149,3149
2570,4570
563,2563
396,3396
2553,4553
6992,8992
7132,9132
2708,4708
498,3498
9361,11361
6730,8730
5732,7732
962,2962
9236,11236
6800,8800
8009,10009
8903,10903
6640,8640
1130,3130
1292,3292
6424,8424
7074,10074
5454,8454
647,2647
8504,10504
161,2161
4789,6789
2985,4985
1796,3796
7078,9078
5020,7020
8901,10901
270,3270
5347,7347
6930,9930
821,2821
3518,5518
3904,5904
5299,7299
1891,3891
3757,5757
4368,7368
4003,6003
4451,6451
3773,5773
6194,8194
270,3270
5175,7175
9364,11364
658,2658
4975,6975
5514,8514
6159,8159
6347,8347
7714,9714
9815,11815
9618,12618
1271,3271
339,2339
3655,5655
895,2895
9423,11423
5438,7438
7800,10800
5699,7699
4049,6049
277,2277
887,2887
5186,7186
4588,6588
7666,9666
5964,8964
1572,4572
6570,9570
2019,4019
5697,7697
3120,6120
7003,9003
4389,6389
7703,9703
8519,10519
6671,8671
6295,8295
4500,7500
3791,5791
3392,5392
7107,9107
2026,4026
4301,6301
1888,3888
1662,4662
5631,7631
8775,10775
9461,11461
9702,12702
3208,5208
5397,7397
9176,11176
8392,10392
7196,9196
7419,9419
3755,5755
4616,6616
2447,4447
2698,4698
9459,11459
4849,6849
8039,10039
1410,4410
2219,4219
4238,6238
9176,11176
5692,7692
9954,12954
5964,8964
2112,5112
8113,10113
6451,8451
7539,9539
1603,3603
6723,8723
2095,4095
7768,9768
8258,10258
1708,3708
7506,10506
749,2749
4217,6217
346,2346
4565,6565
6416,8416
5648,7648
2306,4306
3410,5410
1595,3595
8393,10393
937,2937
664,2664
50,2050
5487,7487
486,3486
8452,10452
1019,3019
9891,11891
444,3444
6831,8831
7719,9719
6632,8632
9090,12090
7707,9707
683,2683
9947,11947
281,2281
6889,8889
3103,5103
7621,9621
193,2193
9409,11409
6421,8421
4964,6964
1498,3498
7649,9649
3358,5358
8275,10275
5245,7245
378,3378
3050,5050
8450,10450
8506,10506
4936,6936
1398,4398
1947,3947
7518,10518
1022,3022
3886,5886
6309,8309
7071,9071
1196,3196
6966,9966
1415,3415
2015,4015
629,2629
4687,6687
1982,3982
2216,4216
197,2197
8293,10293
7846,9846
2937,4937
6076,8076
7644,10644
8158,10158
543,2543
2274,5274
878,2878
9124,11124
1538,3538
7527,9527
7055,9055
2169,4169
1116,4116
203,2203
6930,9930
3615,5615
8269,10269
8911,10911
2683,4683
2989,4989
8864,10864
815,2815
9744,12744
9410,11410
8924,10924
8934,11934
7314,10314
3393,5393
6782,8782
6149,8149
8970,11970
947,2947
6092,8092
3095,5095
8582,10582
8454,11454
7712,9712
3560,5560
5320,7320
9933,11933
9423,11423
9207,11207
5556,8556
9574,11574
5952,8952
3128,5128
3194,5194
4364,6364
3421,5421
585,2585
3637,5637
2564,4564
4169,6169
2452,4452
5752,7752
714,3714
275,2275
9525,11525
3139,5139
2827,4827
9416,11416
8515,10515
2563,4563
8749,10749
1003,3003
6158,8158
7736,9736
6700,8700
6660,9660
2146,4146
7830,10830
4537,6537
2368,4368
3718,5718
1235,3235
3109,5109
2809,4809
2593,4593
9719,11719
3896,5896
7668,10668
3798,6798
7896,10896
5425,7425
5155,7155
956,2956
9839,11839
6317,8317
3893,5893
4737,6737
5618,7618
6665,8665
2169,4169
7229,9229
1531,3531
9557,11557
7799,9799
5831,7831
7707,9707
1536,4536
536,2536
5581,7581
7799,9799
6592,8592
1785,3785
1747,3747
9652,11652
7012,9012
8947,10947
4049,6049
1207,3207
1488,4488
6869,8869
891,2891
5131,7131
8492,10492
6953,8953
9882,12882
3263,5263
7373,9373
1988,3988
9562,11562
24,3024
9082,11082
4429,6429
272,2272
1362,4362
8823,10823
600,3600
990,3990
6117,8117
5356,7356
4430,6430
6592,8592
3344,5344
7136,9136
5033,7033
106,2106
5590,7590
3453,5453
3038,5038
7838,9838
8418,11418
6782,8782
3844,5844
9724,11724
6746,8746
5714,7714
4904,6904
3662,5662
3135,5135
4582,6582
1360,3360
2735,4735
6560,8560
5095,7095
6432,9432
8899,10899
1028,3028
5542,7542
7555,9555
2369,4369
5636,7636
2647,4647
1568,3568
3795,5795
2241,4241
1644,4644
7292,9292
3987,5987
4545,6545
9147,11147
7147,9147
683,2683
2521,4521
4189,6189
2257,4257
4080,7080
3866,5866
8912,10912
7021,9021
6210,9210
266,2266
5750,7750
3435,5435
9985,11985
421,2421
8787,10787
2833,4833
3230,5230
7196,9196
2793,4793
2378,4378
321,2321
3230,5230
3917,5917
573,2573
3223,5223
5042,7042
8119,10119
918,3918
263,2263
8306,10306
378,3378
2349,4349
7128,10128
6149,8149
9058,11058
3561,5561
1786,3786
6637,8637
42,3042
6643,8643
6817,8817
2922,5922
3143,5143
2396,4396
3909,5909
7036,9036
5736,8736
6154,8154
7177,9177
7010,9010
3052,5052
7966,9966
2637,4637
7697,9697
4893,6893
7121,9121
505,2505
6404,8404
2544,5544
8269,10269
2672,4672
168,3168
4312,6312
5019,7019
4663,6663
1712,3712
866,2866
1067,3067
4934,6934
27,2027
7635,9635
4863,6863
1860,4860
2162,4162
3068,5068
4895,6895
6454,8454
3646,5646
7961,9961
2275,4275
9303,11303
5603,7603
759,2759
3549,5549
2597,4597
5025,7025
5642,7642
6676,8676
5140,7140
4528,6528
9694,11694
981,2981
2879,4879
23,2023
7699,9699
4355,6355
7789,9789
7909,9909
8096,10096
8869,10869
9647,11647
7599,9599
8103,10103
2363,4363
3945,5945
6196,8196
7348,9348
4715,6715
2362,4362
2748,5748
9797,11797
6052,8052
3226,5226
8139,10139
5280,8280
8311,10311
9302,11302
831,2831
6189,8189
5716,7716
5625,7625
2708,4708
6029,8029
4296,7296
4488,7488
4262,6262
7997,9997
2988,5988
3948,6948
7028,9028
4935,6935
361,2361
9270,12270
9011,11011
4592,6592
3484,5484
1259,3259
155,2155
52,2052
1188,4188
649,2649
4808,6808
4732,6732
5011,7011
9826,11826
5350,7350
6719,8719
5758,7758
9068,11068
9700,11700
6086,8086
6028,8028
3584,5584
8681,10681
6205,8205
4348,6348
9177,11177
4270,6270
1867,3867
1428,4428
4987,6987
9348,12348
8745,10745
2987,4987
2469,4469
1018,3018
7390,9390
1286,3286
8953,10953
6104,8104
2844,5844
513,2513
7634,9634
6361,8361
9284,11284
9357,11357
5819,7819
2182,4182
7550,9550
2571,4571
928,2928
4250,6250
4305,6305
8250,11250
6318,9318
9456,12456
1454,3454
2396,4396
2583,4583
5474,7474
2924,4924
4687,6687
3090,6090
8269,10269
4302,7302
7470,10470
5635,7635
6230,8230
7484,9484
8728,10728
5579,7579
7077,9077
747,2747
9645,11645
3774,6774
992,2992
4672,6672
4400,6400
3750,6750
9115,11115
7503,9503
5093,7093
9482,11482
5672,7672
9192,12192
2584,4584
4259,6259
4937,6937
7404,10404
3679,5679
340,2340
7070,9070
8695,10695
4013,6013
420,3420
8187,10187
6160,8160
4372,6372
9335,11335
3973,5973
2419,4419
9964,11964
6988,8988
2285,4285
4540,6540
251,2251
9381,11381
1540,3540
896,2896
2775,4775
1049,3049
8858,10858
8753,10753
1334,3334
8118,11118
2393,4393
7895,9895
8283,10283
1818,4818
409,2409
5687,7687
7926,10926
8491,10491
1795,3795
7057,9057
4456,6456
3162,6162
4631,6631
8342,10342
1129,3129
4355,6355
378,3378
891,2891
5638,7638
2697,4697
5086,7086
8664,11664
8718,11718
9098,11098
985,2985
3048,6048
9307,11307
1935,3935
3668,5668
668,2668
1266,4266
7277,9277
9333,11333
488,2488
4259,6259
303,2303
7030,9030
135,2135
9654,12654
5086,7086
8227,10227
4177,6177
9507,11507
3188,5188
7680,10680
968,2968
5339,7339
2648,4648
5495,7495
2593,4593
4574,6574
1899,3899
5089,7089
7553,9553
818,2818
8632,10632
78,3078
7924,9924
1649,3649
2687,4687
7135,9135
3395,5395
8481,10481
5351,7351
9585,11585
8688,11688
442,2442
6919,8919
4056,7056
8107,10107
4082,6082
61,2061
6224,8224
4960,6960
8657,10657
8173,10173
2873,4873
6481,8481
6406,8406
8706,11706
6692,8692
2567,4567
1563,3563
9768,12768
1357,3357
6547,8547
5936,7936
5376,8376
4698,7698
4468,6468
2552,4552
3033,5033
294,3294
6838,8838
6678,9678
768,3768
4493,6493
5424,8424
6811,8811
9607,11607
9056,11056
9581,11581
6823,8823
5863,7863
8901,10901
2696,4696
7419,9419
3476,5476
7341,9341
3365,5365
2978,4978
7787,9787
1772,3772
717,2717
5596,7596
2639,4639
7251,9251
8993,10993
6145,8145
4871,6871
4481,6481
6745,8745
6145,8145
8475,10475
2399,4399
9617,11617
1954,3954
5969,7969
215,2215
4296,7296
9020,11020
5131,7131
9593,11593
4854,7854
758,2758
6309,8309
7107,9107
36,3036
6813,8813
2453,4453
8713,10713
8624,10624
84,3084
9330,12330
5544,8544
1274,3274
3019,5019
3435,5435
2257,4257
8150,10150
88,2088
1331,3331
4435,6435
4543,6543
1237,3237
6091,8091
7920,10920
3572,5572
695,2695
3133,5133
4233,6233
6860,8860
2241,4241
6841,8841
9533,11533
5400,8400
6782,8782
589,2589
9099,11099
3314,5314
6020,8020
6409,8409
8125,10125
9219,11219
4093,6093
5995,7995
1728,4728
3123,5123
7282,9282
9346,11346
1351,3351
7047,9047
3185,5185
9034,11034
7511,9511
6485,8485
2063,4063
6073,8073
2832,5832
8636,10636
1172,3172
631,2631
6979,8979
1561,3561
9664,11664
2163,4163
4428,7428
7642,9642
371,2371
3920,5920
6154,8154
3828,6828
9486,12486
2639,4639
9433,11433
6803,8803
6460,8460
5254,7254
268,2268
3114,6114
5119,7119
7994,9994
2080,4080
8379,10379
387,2387
9710,11710
5975,7975
2255,4255
9073,11073
8,2008
388,2388
4361,6361
7396,9396
6051,8051
440,2440
3941,5941
1044,4044
4047,6047
1863,3863
2851,4851
9954,12954
5200,7200
3348,6348
3296,5296
7799,9799
3945,5945
8114,10114
8887,10887
4440,7440
8729,10729
2046,5046
9841,11841
7996,9996
4688,6688
4973,6973
5212,7212
3280,5280
6818,8818
3167,5167
6486,9486
3562,5562
6575,8575
9169,11169
9190,11190
2317,4317
2108,4108
2387,4387
632,2632
4564,6564
7794,10794
7876,9876
4653,6653
8257,10257
7837,9837
2489,4489
701,2701
9840,12840
8846,10846
1296,4296
2878,4878
8902,10902
9229,11229
9894,12894
3900,6900
5203,7203
8122,10122
4487,6487
4301,6301
6776,8776
3543,5543
1508,3508
316,2316
637,2637
2338,4338
9071,11071
2429,4429
4173,6173
8836,10836
2242,4242
914,2914
2823,4823
3436,5436
5640,8640
3223,5223
6763,8763
8370,11370
6109,8109
9931,11931
3448,5448
514,2514
9775,11775
6888,9888
7911,9911
2749,4749
2121,4121
6286,8286
6722,8722
3873,5873
4028,6028
9017,11017
9696,12696
9677,11677
4168,6168
2656,4656
800,2800
868,2868
2010,5010
8280,11280
1957,3957
1456,3456
4355,6355
9925,11925
9185,11185
4270,6270
5386,7386
121,2121
7659,9659
6407,8407
8436,11436
3115,5115
5761,7761
6419,8419
5821,7821
978,3978
3119,5119
5227,7227
1064,3064
840,3840
2349,4349
3577,5577
1501,3501
5415,7415
7194,10194
6994,8994
1508,3508
2656,4656
3858,6858
6037,8037
67,2067
428,2428
8850,11850
2042,4042
7705,9705
8260,10260
6362,8362
156,3156
1412,3412
5000,7000
533,2533
481,2481
875,2875
8196,11196
5151,7151
1424,3424
3573,5573
2550,5550
917,2917
6896,8896
6032,8032
7866,10866
7985,9985
7076,9076
5356,7356
2490,5490
9565,11565
3595,5595
1001,3001
1734,4734
5925,7925
4615,6615
6269,8269
9719,11719
3685,5685
6207,8207
8055,10055
8696,10696
3940,5940
6990,9990
758,2758
4520,6520
9255,11255
803,2803
1601,3601
3181,5181
3873,5873
8646,11646
7532,9532
2312,4312
7754,9754
4942,6942
2362,4362
6857,8857
1113,3113
8293,10293
8273,10273
8341,10341
8762,10762
4146,7146
8396,10396
9613,11613
7213,9213
3822,6822
1857,3857
3031,5031
7613,9613
4132,6132
574,2574
9017,11017
8131,10131
9423,11423
5978,7978
6878,8878
821,2821
255,2255
1995,3995
44374
41590
54366
42513
44040
46327
46043
47961
42065
53565
55383
56562
56405
58739
42985
51067
57199
40677
45879
39896
54294
58733
39915
40274
50352
58947
53778
40452
51553
48871
53088
58137
52110
49831
40645
48881
58362
56347
50323
41011
58923
54251
49249
50260
46791
57233
49408
58953
54146
50195
59046
51959
57917
44025
41551
56744
54405
40963
55196
51560
47660
40480
48738
53915
40160
57483
48253
50440
43273
52527
44519
57952
55429
46620
47552
54176
58623
57345
55759
50265
43099
58758
56370
59013
52628
55763
50424
44975
58611
55750
40077
56025
47789
57733
46287
43029
58915
51149
49106
44881
55985
42731
53408
54595
54313
58682
55857
41863
47965
40699
57151
47401
45119
50892
47031
47180
46724
40194
49701
52258
50269
43770
41231
49564
57920
51097
45070
43576
56003
52806
46179
40069
45953
42352
44372
49297
43334
59521
46041
57604
46213
45714
44176
40010
54882
43650
45351
40778
53260
50523
41804
39941
53866
53505
41344
44129
46319
53945
56943
55316
48065
57989
41736
57480
51611
40003
56870
43159
49776
48069
53534
54246
56782
57807
47971
48124
40027
57801
59548
45400
40987
50172
59417
50218
54200
56123
57358
40353
52323
41455
59725
42356
52044
50455
40029
59324
50385
54343
44453
58265
58559
43349
47809
56985
42634
41887
40387
56365
43995
42716
55119
53941
57336
40100
55831
50160
46211
43938
56976
53615
55007
42597
53893
52353
42445
53502
58634
56928
55648
49183
41829
47088
41686
42604
49677
54536
52721
45601
41010
49963
40483
56137
40960
41574
47241
40288
52480
56563
52509
59381
41370
56461
57972
43930
48983
51266
49402
44695
57034
58323
59024
48770
52782
51308
55294
46558
57356
57971
48727
42754
57975
46951
43615
54619
58108
56515
50975
56811
42124
54022
51143
42104
40660
40544
47785
55083
43871
59672
55441
51102
44014
42644
59157
50456
55816
45675
48041
42287
59013
50314
44180
44275
53291
53345
49302
57513
57477
43473
53894
56570
41494
56431
59406
48013
40319
58330
43217
58683
56583
46232
43473
56619
43287
42522
49119
59243
39889
52524
50962
58583
57624
50946
50087
48051
56527
58192
40552
50022
51995
42785
59594
55514
52480
52139
50720
42049
52409
55960
45178
54972
57432
44752
45829
50280
42519
49216
44917
48534
53723
58838
54540
39916
47653
56764
47377
42958
57304
43407
54572
56016
58333
51490
48045
47751
46098
47348
44710
51580
44529
50698
42061
50953
41053
46130
52375
53609
46785
41637
54683
45001
55013
49518
56505
46483
43093
55878
57415
54753
44924
40573
