8569,10569
7277,9277
6627,8627
416,2416
1797,3797
9878,11878
6214,8214
3575,5575
1261,3261
8768,10768
4912,6912
6677,8677
7524,10524
7105,9105
2399,4399
2007,4007
6337,8337
2588,4588
7728,10728
971,2971
8961,10961
7084,9084
4373,6373
501,2501
7197,9197
1591,3591
2670,5670
1417,3417
9067,11067
5427,7427
8496,11496
1796,3796
1840,3840
340,2340
5082,8082
7252,9252
6366,9366
6936,9936
1360,3360
2250,5250
5527,7527
6387,8387
3687,5687
8917,10917
9195,11195
6389,8389
3633,5633
6863,8863
8067,10067
9396,12396
1198,3198
129,2129
7182,10182
5782,7782
1737,3737
302,2302
8936,10936
2286,5286
8062,10062
8780,10780
3110,5110
1323,3323
3649,5649
1334,3334
4634,6634
9832,11832
5746,7746
8500,10500
1389,3389
5203,7203
2566,4566
1010,3010
126,3126
8363,10363
5079,7079
7032,10032
6311,8311
9029,11029
9883,11883
4968,7968
8816,10816
9844,11844
3246,6246
6589,8589
2430,5430
6305,8305
9401,11401
2453,4453
2556,5556
6466,8466
2428,4428
1948,3948
3945,5945
1057,3057
1309,3309
6,3006
9164,11164
8365,10365
6316,8316
1708,3708
6472,8472
2859,4859
7514,9514
880,2880
2267,4267
6779,8779
9245,11245
5868,8868
6393,8393
6076,8076
6690,9690
5794,7794
9757,11757
389,2389
306,3306
3270,6270
7735,9735
4804,6804
6724,8724
7812,10812
1089,3089
7341,9341
6323,8323
5317,7317
9538,11538
2740,4740
1020,4020
7485,9485
3503,5503
8189,10189
8868,11868
4926,7926
5969,7969
1769,3769
3570,6570
4410,7410
4140,7140
5654,7654
461,2461
5335,7335
5993,7993
3092,5092
2356,4356
4490,6490
2519,4519
668,2668
8945,10945
3878,5878
4493,6493
5409,7409
4364,6364
3819,5819
7157,9157
2669,4669
3555,5555
3096,6096
682,2682
4266,7266
1685,3685
8993,10993
3568,5568
5005,7005
656,2656
2679,4679
2685,4685
413,2413
9949,11949
214,2214
5777,7777
8608,10608
9660,12660
8616,11616
6335,8335
5184,8184
6106,8106
4732,6732
2174,4174
9592,11592
4692,7692
9716,11716
9852,12852
9580,11580
7775,9775
3954,6954
4553,6553
7842,10842
7419,9419
6188,8188
5230,7230
8555,10555
5930,7930
7992,10992
6421,8421
2546,4546
7442,9442
4605,6605
862,2862
7769,9769
3056,5056
1143,3143
1015,3015
6125,8125
3771,5771
2861,4861
1323,3323
9777,11777
3843,5843
8458,10458
6753,8753
7858,9858
4920,7920
7097,9097
808,2808
7671,9671
4290,7290
1047,3047
3157,5157
8476,10476
886,2886
4046,6046
7968,10968
1202,3202
3795,5795
366,3366
5669,7669
9091,11091
9785,11785
8816,10816
6969,8969
5445,7445
5044,7044
5448,8448
2238,5238
7450,9450
7612,9612
9346,11346
5356,7356
4273,6273
1273,3273
8617,10617
2097,4097
2490,5490
4154,6154
9332,11332
9714,12714
5119,7119
4993,6993
3436,5436
9381,11381
4445,6445
3998,5998
5342,7342
9079,11079
3327,5327
5382,8382
5018,7018
1384,3384
4378,6378
8667,10667
8149,10149
8852,10852
9116,11116
3257,5257
1776,4776
9740,11740
4830,7830
2167,4167
4736,6736
9709,11709
4953,6953
7520,9520
9354,12354
5461,7461
1232,3232
781,2781
2728,4728
7167,9167
6540,9540
4898,6898
4667,6667
978,3978
5031,7031
3746,5746
9669,11669
6624,9624
2072,4072
9212,11212
7952,9952
1472,3472
6947,8947
3978,6978
1421,3421
4217,6217
1501,3501
206,2206
8385,10385
1550,3550
9898,11898
9518,11518
6433,8433
6008,8008
2427,4427
311,2311
1220,3220
7656,10656
4524,7524
8550,11550
6792,9792
9809,11809
8052,11052
9993,11993
5354,7354
9473,11473
6733,8733
2656,4656
414,3414
8925,10925
8385,10385
4264,6264
5043,7043
6248,8248
77,2077
2841,4841
6183,8183
6735,8735
9857,11857
5451,7451
343,2343
6608,8608
4345,6345
120,3120
873,2873
8272,10272
8892,11892
2194,4194
7222,9222
6922,8922
7825,9825
2330,4330
1885,3885
2081,4081
8237,10237
7435,9435
2629,4629
2194,4194
6608,8608
1798,3798
3949,5949
6267,8267
2040,5040
7225,9225
3936,6936
2767,4767
7134,10134
7553,9553
6116,8116
6637,8637
7877,9877
2,2002
5344,7344
6793,8793
1081,3081
1683,3683
9960,12960
5453,7453
703,2703
38,2038
3245,5245
7806,10806
257,2257
6647,8647
2555,4555
9332,11332
5626,7626
330,3330
2714,4714
3720,6720
1253,3253
6582,9582
1259,3259
7171,9171
6858,9858
9775,11775
5436,8436
693,2693
3790,5790
3944,5944
1660,3660
4801,6801
1643,3643
6584,8584
3669,5669
1137,3137
4631,6631
8957,10957
4934,6934
2903,4903
2692,4692
795,2795
956,2956
5054,7054
2085,4085
164,2164
3949,5949
4893,6893
2802,5802
9659,11659
7802,9802
827,2827
1911,3911
6293,8293
9043,11043
2411,4411
8652,11652
1269,3269
1257,3257
3320,5320
2834,4834
9244,11244
9941,11941
6641,8641
7723,9723
7970,9970
5798,7798
2883,4883
5745,7745
9777,11777
1738,3738
793,2793
7630,9630
3753,5753
4290,7290
7109,9109
519,2519
4433,6433
928,2928
2963,4963
5548,7548
4247,6247
3458,5458
7344,10344
6814,8814
6219,8219
1205,3205
4893,6893
9505,11505
2062,4062
7089,9089
7751,9751
2763,4763
6042,9042
9850,11850
6338,8338
5894,7894
9190,11190
9540,12540
3595,5595
7411,9411
7611,9611
8306,10306
5059,7059
5409,7409
3026,5026
4262,6262
4818,7818
4026,7026
7757,9757
5400,8400
5754,8754
1415,3415
119,2119
257,2257
8344,10344
6879,8879
1201,3201
4433,6433
8945,10945
8833,10833
1063,3063
9079,11079
6644,8644
3326,5326
4623,6623
3621,5621
1015,3015
2548,4548
8945,10945
9760,11760
1042,3042
6599,8599
4738,6738
5586,8586
257,2257
2855,4855
3218,5218
3413,5413
6864,9864
4745,6745
4819,6819
5547,7547
5273,7273
5930,7930
1206,4206
5981,7981
2283,4283
2592,5592
447,2447
9324,12324
2905,4905
5961,7961
4198,6198
4062,7062
5674,7674
6782,8782
5008,7008
6180,9180
6118,8118
6353,8353
8852,10852
5089,7089
2545,4545
6827,8827
6433,8433
2927,4927
5032,7032
3898,5898
7099,9099
9865,11865
2357,4357
6235,8235
8111,10111
7132,9132
8922,11922
1478,3478
764,2764
5896,7896
567,2567
167,2167
7832,9832
2625,4625
6873,8873
7148,9148
683,2683
6913,8913
7102,9102
3784,5784
2084,4084
1035,3035
286,2286
3757,5757
4198,6198
734,2734
9844,11844
9573,11573
8264,10264
9309,11309
49,2049
76,2076
4587,6587
8885,10885
8047,10047
9504,12504
6022,8022
2195,4195
6803,8803
6518,8518
3737,5737
8134,10134
3556,5556
9905,11905
5555,7555
2403,4403
7517,9517
7584,10584
4400,6400
6327,8327
3515,5515
1441,3441
220,2220
4021,6021
701,2701
3623,5623
7126,9126
1542,4542
6407,8407
7576,9576
6112,8112
1295,3295
4093,6093
9189,11189
8419,10419
9826,11826
6491,8491
2667,4667
3191,5191
5925,7925
4666,6666
6387,8387
5988,8988
3599,5599
2808,5808
940,2940
5542,7542
8056,10056
1200,4200
7401,9401
2960,4960
762,3762
4499,6499
9901,11901
4592,6592
479,2479
8115,10115
4647,6647
1811,3811
5047,7047
1396,3396
3457,5457
9636,12636
5674,7674
7406,9406
8666,10666
398,2398
3561,5561
6524,8524
6846,9846
4457,6457
2865,4865
3200,5200
7361,9361
4730,6730
3550,5550
6935,8935
5815,7815
2497,4497
749,2749
1739,3739
3948,6948
2498,4498
1877,3877
9937,11937
2887,4887
3860,5860
9364,11364
5842,7842
7043,9043
7876,9876
2209,4209
5453,7453
7406,9406
169,2169
5777,7777
7647,9647
7156,9156
73,2073
4193,6193
4832,6832
8242,10242
3918,6918
1125,3125
7442,9442
2889,4889
8296,10296
1872,4872
5954,7954
9199,11199
3411,5411
8419,10419
2609,4609
6552,9552
4026,7026
1781,3781
7139,9139
7151,9151
584,2584
1552,3552
9152,11152
3810,6810
3811,5811
6137,8137
6164,8164
2258,4258
8943,10943
8956,10956
8071,10071
2293,4293
9971,11971
6437,8437
1101,3101
6565,8565
9423,11423
8026,10026
6246,9246
2393,4393
6528,9528
6878,8878
2263,4263
5311,7311
4044,7044
73,2073
2794,4794
8453,10453
3987,5987
9269,11269
2654,4654
3425,5425
8579,10579
905,2905
139,2139
477,2477
2779,4779
2865,4865
236,2236
6589,8589
2681,4681
8963,10963
3633,5633
7935,9935
1651,3651
8170,10170
3829,5829
8057,10057
6032,8032
129,2129
1006,3006
9413,11413
3705,5705
6630,9630
3233,5233
9918,12918
9079,11079
3501,5501
7398,10398
2431,4431
2893,4893
2880,5880
8803,10803
37,2037
8951,10951
77,2077
7169,9169
5676,8676
2177,4177
610,2610
5910,8910
8804,10804
8565,10565
7194,10194
7524,10524
7653,9653
3323,5323
3581,5581
9747,11747
5589,7589
3555,5555
9116,11116
9029,11029
5379,7379
2718,5718
6101,8101
8780,10780
948,3948
9694,11694
5419,7419
6203,8203
1942,3942
8199,10199
3138,6138
4769,6769
3871,5871
7423,9423
7504,9504
5960,7960
5221,7221
2496,5496
6982,8982
940,2940
1943,3943
7559,9559
3133,5133
4508,6508
5362,7362
692,2692
2724,5724
3653,5653
365,2365
6497,8497
1211,3211
2111,4111
3893,5893
6658,8658
9756,12756
2930,4930
9964,11964
3014,5014
8014,10014
1482,4482
962,2962
8241,10241
9871,11871
8762,10762
9798,12798
7192,9192
5324,7324
4900,6900
1977,3977
2620,4620
1779,3779
8373,10373
689,2689
3027,5027
9154,11154
2401,4401
715,2715
1957,3957
7435,9435
4770,7770
8374,10374
7233,9233
2892,5892
8705,10705
4575,6575
4804,6804
7354,9354
9209,11209
7082,9082
9971,11971
6231,8231
510,3510
3844,5844
6794,8794
6608,8608
4327,6327
7832,9832
4672,6672
9343,11343
7640,9640
1847,3847
8318,10318
2326,4326
5583,7583
1167,3167
5603,7603
910,2910
3027,5027
8790,11790
6200,8200
2849,4849
8817,10817
4020,7020
7125,9125
6285,8285
9140,11140
2046,5046
7058,9058
2858,4858
2338,4338
404,2404
2917,4917
5190,8190
973,2973
5826,8826
4206,7206
9802,11802
556,2556
5157,7157
815,2815
8394,11394
5040,8040
4274,6274
4515,6515
2080,4080
8428,10428
4975,6975
2028,5028
5251,7251
3008,5008
5072,7072
3106,5106
4773,6773
8346,11346
5279,7279
8980,10980
1759,3759
7018,9018
3012,6012
5665,7665
2788,4788
6430,8430
5142,8142
3126,6126
2612,4612
7745,9745
6618,9618
2970,5970
1869,3869
6860,8860
6853,8853
8266,10266
5025,7025
717,2717
9757,11757
5746,7746
6279,8279
9799,11799
2804,4804
2248,4248
4857,6857
3176,5176
8401,10401
1520,3520
154,2154
2753,4753
4838,6838
6030,9030
3668,5668
7416,10416
2187,4187
2397,4397
7349,9349
8941,10941
8108,10108
4172,6172
5446,7446
4161,6161
8263,10263
2198,4198
6320,8320
4269,6269
4024,6024
4424,6424
7005,9005
7334,9334
9244,11244
3231,5231
4903,6903
6217,8217
2426,4426
6423,8423
8034,11034
7310,9310
4802,6802
3773,5773
7300,9300
5957,7957
5820,8820
9036,12036
2664,5664
9788,11788
2938,4938
6438,9438
2357,4357
9096,12096
4314,7314
6207,8207
1561,3561
7347,9347
5295,7295
2581,4581
2738,4738
9922,11922
5006,7006
9033,11033
6060,9060
2254,4254
2599,4599
7736,9736
9673,11673
7958,9958
3946,5946
1623,3623
9497,11497
775,2775
9184,11184
8050,10050
1793,3793
9526,11526
5653,7653
2331,4331
7910,9910
2882,4882
469,2469
9542,11542
6499,8499
4118,6118
3170,5170
4199,6199
6204,9204
2172,5172
3407,5407
9723,11723
8695,10695
1960,3960
4124,6124
6068,8068
7184,9184
8123,10123
7589,9589
3082,5082
4842,7842
1261,3261
2189,4189
1204,3204
1982,3982
2545,4545
8193,10193
9738,12738
4298,6298
4965,6965
8966,10966
3986,5986
195,2195
9230,11230
3180,6180
3477,5477
9356,11356
2521,4521
8555,10555
4198,6198
975,2975
5846,7846
8792,10792
5262,8262
6642,9642
6415,8415
5343,7343
5529,7529
6547,8547
3190,5190
6999,8999
7528,9528
5601,7601
8197,10197
8556,11556
2685,4685
6838,8838
9401,11401
9956,11956
6231,8231
5308,7308
3657,5657
5554,7554
4799,6799
385,2385
9403,11403
206,2206
5030,7030
9839,11839
148,2148
3510,6510
9500,11500
8804,10804
8989,10989
2921,4921
2450,4450
4795,6795
5486,7486
6046,8046
6567,8567
9187,11187
7104,10104
7653,9653
3432,6432
253,2253
3519,5519
6893,8893
8269,10269
4425,6425
3423,5423
4508,6508
1576,3576
9410,11410
3896,5896
2871,4871
5197,7197
9298,11298
6738,9738
1371,3371
8585,10585
7316,9316
5009,7009
9574,11574
5121,7121
8323,10323
7987,9987
3463,5463
6146,8146
8601,10601
7112,9112
9392,11392
1994,3994
8248,10248
1792,3792
4001,6001
687,2687
2197,4197
3952,5952
3946,5946
2667,4667
227,2227
5438,7438
80,2080
3608,5608
9,2009
1352,3352
9146,11146
9730,11730
6296,8296
1624,3624
8845,10845
4179,6179
600,3600
4917,6917
2381,4381
6842,8842
8508,11508
3222,6222
7224,10224
9203,11203
8225,10225
9631,11631
3825,5825
6551,8551
3243,5243
2638,4638
4343,6343
7134,10134
9603,11603
9685,11685
5123,7123
3331,5331
4301,6301
9088,11088
4423,6423
5690,7690
6562,8562
2389,4389
8666,10666
2288,4288
9736,11736
9872,11872
2156,4156
6522,9522
5081,7081
2246,4246
2611,4611
7599,9599
5253,7253
8751,10751
42,3042
8336,10336
6559,8559
8557,10557
429,2429
6313,8313
9266,11266
1868,3868
1216,3216
3746,5746
5509,7509
2361,4361
4693,6693
802,2802
9526,11526
9039,11039
8684,10684
1854,4854
1016,3016
7725,9725
2881,4881
5400,8400
1421,3421
1543,3543
4454,6454
7891,9891
5653,7653
2535,4535
5354,7354
5207,7207
6117,8117
8792,10792
3927,5927
4728,7728
1386,4386
7946,9946
9324,12324
8859,10859
3083,5083
7291,9291
893,2893
3728,5728
8803,10803
1276,3276
1405,3405
5755,7755
8265,10265
986,2986
8931,10931
4441,6441
5040,8040
5338,7338
3812,5812
9948,12948
5442,8442
9743,11743
9673,11673
2842,4842
2391,4391
5843,7843
1759,3759
6833,8833
3975,5975
1786,3786
6622,8622
5564,7564
8272,10272
7200,10200
549,2549
6298,8298
3503,5503
3663,5663
1599,3599
7984,9984
4186,6186
2165,4165
8732,10732
9987,11987
3612,6612
6579,8579
7745,9745
5208,8208
5456,7456
5935,7935
4378,6378
4222,6222
8585,10585
3420,6420
6983,8983
6149,8149
1023,3023
5487,7487
6807,8807
4695,6695
9713,11713
9797,11797
3273,5273
1060,3060
7986,10986
1031,3031
3385,5385
5016,8016
8173,10173
1305,3305
758,2758
2677,4677
4995,6995
3905,5905
638,2638
8946,11946
8198,10198
9711,11711
8596,10596
3952,5952
4554,7554
6936,9936
2230,4230
5249,7249
3510,6510
6425,8425
6418,8418
9460,11460
9036,12036
392,2392
4672,6672
6959,8959
3812,5812
4885,6885
6570,9570
6325,8325
6877,8877
1449,3449
5548,7548
518,2518
9489,11489
4004,6004
3041,5041
9316,11316
9641,11641
1613,3613
7815,9815
7511,9511
2269,4269
9620,11620
5817,7817
1581,3581
2714,4714
9559,11559
5838,8838
3368,5368
8127,10127
5291,7291
9718,11718
3876,6876
9791,11791
7263,9263
2241,4241
4981,6981
1831,3831
5291,7291
3388,5388
5577,7577
5237,7237
5085,7085
8587,10587
6458,8458
4937,6937
7213,9213
2182,4182
3071,5071
5266,7266
2780,4780
2829,4829
8825,10825
3133,5133
3091,5091
6992,8992
1091,3091
6279,8279
9203,11203
7869,9869
2527,4527
7572,10572
8600,10600
7161,9161
4283,6283
6664,8664
6522,9522
2597,4597
393,2393
2019,4019
6856,8856
6316,8316
7387,9387
378,3378
9447,11447
9199,11199
2947,4947
2366,4366
4973,6973
5266,7266
1980,4980
847,2847
2471,4471
3574,5574
6768,9768
2645,4645
5975,7975
1309,3309
7044,10044
2244,5244
541,2541
7019,9019
4859,6859
7374,10374
9978,12978
4509,6509
6454,8454
5818,7818
3145,5145
9998,11998
5717,7717
8870,10870
8520,11520
3637,5637
3218,5218
8376,11376
3880,5880
8774,10774
3001,5001
5690,7690
7869,9869
4119,6119
2178,5178
1471,3471
8895,10895
8828,10828
1866,4866
1349,3349
3869,5869
265,2265
9948,12948
2856,5856
8590,10590
2479,4479
1387,3387
8662,10662
3487,5487
5647,7647
450,3450
64,2064
5918,7918
9050,11050
3137,5137
1164,4164
5262,8262
3680,5680
4294,6294
804,3804
6359,8359
5932,7932
3989,5989
3540,6540
8065,10065
8844,11844
286,2286
4894,6894
5770,7770
1624,3624
1765,3765
6351,8351
5967,7967
708,3708
3829,5829
9457,11457
4933,6933
5789,7789
9673,11673
1370,3370
193,2193
3023,5023
4921,6921
2954,4954
2590,4590
8683,10683
7276,9276
1312,3312
3370,5370
5832,8832
5291,7291
2533,4533
5200,7200
2397,4397
2223,4223
9391,11391
9619,11619
6212,8212
3131,5131
9825,11825
3171,5171
8138,10138
2615,4615
4586,6586
4906,6906
4991,6991
6775,8775
3545,5545
1758,4758
5070,8070
5609,7609
7998,10998
5129,7129
701,2701
3751,5751
6065,8065
5559,7559
545,2545
6595,8595
6727,8727
442,2442
5192,7192
5085,7085
4997,6997
6549,8549
6153,8153
2206,4206
1340,3340
9715,11715
4258,6258
1752,4752
7622,9622
7365,9365
4223,6223
3361,5361
6193,8193
9046,11046
4892,6892
1395,3395
261,2261
9902,11902
2532,5532
8660,10660
3316,5316
6514,8514
9327,11327
739,2739
766,2766
5680,7680
5291,7291
1343,3343
4084,6084
6581,8581
9548,11548
9614,11614
2067,4067
8661,10661
553,2553
9403,11403
4939,6939
8341,10341
5518,7518
9614,11614
2300,4300
179,2179
4087,6087
1663,3663
4222,6222
8114,10114
7668,10668
9778,11778
165,2165
2824,4824
3413,5413
3405,5405
8784,11784
359,2359
3701,5701
4458,7458
7970,9970
9455,11455
4428,7428
6084,9084
9459,11459
2812,4812
8261,10261
1268,3268
4572,7572
4929,6929
1360,3360
9234,12234
8934,11934
9105,11105
6008,8008
1321,3321
2029,4029
7813,9813
3167,5167
9057,11057
4269,6269
8613,10613
8658,11658
221,2221
2282,4282
2696,4696
6836,8836
4564,6564
6657,8657
2426,4426
442,2442
1749,3749
8412,11412
3954,6954
7819,9819
9376,11376
4857,6857
3915,5915
8553,10553
4906,6906
1503,3503
7720,9720
8591,10591
1897,3897
5622,8622
725,2725
9379,11379
5742,8742
8186,10186
88,2088
8885,10885
8089,10089
5756,7756
7366,9366
3341,5341
1532,3532
5102,7102
889,2889
3768,6768
2849,4849
9340,11340
1758,4758
3107,5107
8680,10680
3540,6540
8435,10435
3330,6330
5384,7384
996,3996
2891,4891
2813,4813
5686,7686
9403,11403
403,2403
5271,7271
1405,3405
649,2649
1513,3513
8034,11034
8355,10355
5543,7543
5205,7205
4078,6078
4579,6579
2937,4937
212,2212
6593,8593
6966,9966
8704,10704
5695,7695
3433,5433
5746,7746
2177,4177
1897,3897
8450,10450
4621,6621
853,2853
9402,12402
6669,8669
900,3900
8965,10965
7788,10788
7588,9588
4303,6303
9811,11811
7587,9587
6070,8070
3566,5566
8049,10049
725,2725
7505,9505
6461,8461
1003,3003
726,3726
2182,4182
6836,8836
5118,8118
5178,8178
4751,6751
5296,7296
3226,5226
3929,5929
8678,10678
5510,7510
2404,4404
2247,4247
2899,4899
310,2310
2325,4325
4981,6981
4747,6747
7631,9631
7207,9207
4270,6270
2671,4671
1411,3411
1785,3785
5254,7254
5157,7157
8018,10018
4843,6843
2666,4666
3270,6270
5900,7900
3968,5968
6956,8956
539,2539
3475,5475
2911,4911
5671,7671
3190,5190
3090,6090
4542,7542
3674,5674
7908,10908
5230,7230
7079,9079
1262,3262
6649,8649
2511,4511
5294,7294
4467,6467
890,2890
9946,11946
6103,8103
6166,8166
8465,10465
9308,11308
7293,9293
5201,7201
3278,5278
388,2388
7816,9816
1723,3723
7231,9231
5220,8220
8873,10873
3252,6252
1609,3609
8910,11910
2713,4713
7744,9744
3329,5329
5840,7840
2994,5994
1679,3679
4929,6929
5045,7045
3847,5847
4587,6587
149,2149
3164,5164
8048,10048
8558,10558
13,2013
2997,4997
2188,4188
8162,10162
461,2461
9568,11568
2757,4757
3721,5721
8309,10309
4664,6664
4598,6598
8692,10692
2262,5262
6656,8656
9787,11787
7539,9539
8889,10889
4845,6845
2034,5034
1150,3150
2484,5484
8105,10105
7473,9473
14,2014
5188,7188
2240,4240
8430,11430
9847,11847
6237,8237
5690,7690
3998,5998
233,2233
1316,3316
9475,11475
2112,5112
6235,8235
3734,5734
1450,3450
9951,11951
7042,9042
2567,4567
1797,3797
527,2527
883,2883
6611,8611
4835,6835
9452,11452
5459,7459
6482,8482
4816,6816
381,2381
9119,11119
4787,6787
6916,8916
7339,9339
4948,6948
4060,6060
1973,3973
7297,9297
5744,7744
2583,4583
7523,9523
2148,5148
7653,9653
5385,7385
203,2203
6806,8806
8149,10149
2841,4841
5406,8406
4076,6076
9489,11489
8035,10035
6496,8496
7047,9047
6029,8029
439,2439
8855,10855
5733,7733
9374,11374
5209,7209
2692,4692
3422,5422
4742,6742
7253,9253
3301,5301
6605,8605
8384,10384
4877,6877
6801,8801
8977,10977
8607,10607
8299,10299
4750,6750
3516,6516
3787,5787
4646,6646
7141,9141
843,2843
891,2891
528,3528
3281,5281
7421,9421
2830,4830
5346,8346
339,2339
8226,11226
4608,7608
6762,9762
980,2980
3914,5914
3495,5495
293,2293
7783,9783
5954,7954
8954,10954
9123,11123
4009,6009
7193,9193
2233,4233
8293,10293
3527,5527
1669,3669
2604,5604
3226,5226
401,2401
1229,3229
1344,4344
4782,7782
8598,11598
4237,6237
9028,11028
4778,6778
7678,9678
2563,4563
4839,6839
5905,7905
1941,3941
4153,6153
6449,8449
786,3786
4453,6453
8936,10936
4178,6178
3732,6732
1527,3527
5095,7095
5944,7944
6842,8842
3718,5718
2622,5622
1632,4632
2004,5004
5132,7132
7829,9829
3419,5419
7325,9325
3421,5421
5098,7098
6566,8566
8515,10515
7889,9889
5816,7816
5859,7859
6536,8536
3469,5469
8414,10414
4251,6251
2564,4564
9273,11273
9750,12750
1569,3569
1213,3213
8091,10091
6234,9234
5020,7020
3264,6264
5289,7289
6872,8872
1134,4134
9369,11369
302,2302
3861,5861
5648,7648
954,3954
4196,6196
8856,11856
4118,6118
4601,6601
3648,6648
3724,5724
9596,11596
5707,7707
364,2364
2127,4127
4857,6857
754,2754
9988,11988
6733,8733
1813,3813
6739,8739
3615,5615
9075,11075
4585,6585
1670,3670
8164,10164
9441,11441
1505,3505
3805,5805
4231,6231
721,2721
4198,6198
1712,3712
8950,10950
614,2614
9653,11653
7780,9780
9080,11080
2969,4969
2004,5004
6948,9948
6286,8286
8774,10774
6565,8565
3701,5701
2558,4558
330,3330
5578,7578
9410,11410
9919,11919
2537,4537
93,2093
6621,8621
274,2274
203,2203
2345,4345
9594,12594
7496,9496
1334,3334
5219,7219
7587,9587
9886,11886
2273,4273
3764,5764
9561,11561
708,3708
9848,11848
4311,6311
59,2059
652,2652
366,3366
8677,10677
8177,10177
3049,5049
4716,7716
5223,7223
8969,10969
478,2478
7430,9430
2702,4702
961,2961
8057,10057
6072,9072
1768,3768
4679,6679
6971,8971
2913,4913
4317,6317
6765,8765
1619,3619
2058,5058
6875,8875
6775,8775
7714,9714
6866,8866
2453,4453
4461,6461
3317,5317
8157,10157
12755
10163
10713
13645
12100
10741
14941
12996
10796
11802
10804
14434
13793
14123
11847
11463
13412
11066
11927
11055
11624
12131
14002
10242
11732
14476
12170
14465
11210
13759
12501
13206
12506
12009
10592
10364
14484
10803
14692
12232
14733
11430
12384
12193
14308
11040
11055
12626
10710
13705
13450
10886
14300
12226
13511
13981
12365
11275
12026
14188
12340
14699
11529
12131
14872
13944
11319
11391
13234
14426
14510
10796
11156
10736
13815
11309
10284
14969
13857
14088
13285
12261
14639
12923
10753
13677
14159
11794
13738
14443
10182
14826
10469
10236
12627
11206
13151
14608
14885
13307
13688
14146
13311
15059
11339
10613
10431
10507
10548
14958
12804
14708
12160
11330
11478
14483
12338
12609
10372
15002
11314
13774
10506
15062
11928
12749
14006
11413
14142
14794
13440
10690
14828
11857
13154
10546
10299
11813
13086
14298
10290
11026
11541
10358
13916
15105
11464
10180
13323
12179
13664
13961
11015
13966
10799
11860
12712
14439
14416
13300
14817
15110
10260
13186
11463
11797
14280
11467
10364
13362
12016
11587
14247
13455
12350
12036
14762
11536
10950
13064
13970
12995
12945
11062
10496
14123
12805
10385
12010
10299
14031
14236
11203
13876
13717
10411
12796
10952
14393
10893
13666
11304
12672
14376
10740
12123
11409
14952
10827
14872
14060
14440
10281
10637
10274
11001
12114
11647
13893
13000
12074
13654
10688
12029
10608
10469
11564
14026
14227
13773
12766
13864
15105
12574
12606
11209
11411
10649
10419
11549
12837
14131
14163
11431
12654
14880
15090
13294
10424
11042
13693
12447
12155
11380
11626
11681
10469
10924
14194
11529
10442
10522
13025
15102
12971
10745
12492
12198
12976
11687
14460
14289
12369
12661
15102
14859
13011
11119
14493
10321
14319
13743
13449
14266
14327
13650
11144
11760
12562
10242
12609
12884
10984
14711
12625
15029
12932
13798
12955
10511
10657
12405
12403
15101
11123
14166
14481
11874
13803
13496
14452
10112
14249
12019
15014
12016
11921
13508
14130
10397
11795
10466
13400
12221
10411
13711
10977
11540
15081
13081
14150
10419
13289
13604
11160
10865
14831
10712
11278
13387
10541
12745
15076
14969
12973
15137
14937
10357
14337
14797
11274
13246
14644
14916
14994
12261
14768
10203
13426
14280
12877
13124
12698
14049
12103
14991
12658
10796
13189
13619
10607
11383
11022
10963
12829
10409
13020
13555
12306
14301
13190
13431
13072
14487
10496
10221
13890
14118
13898
13572
14581
10305
15075
11661
10476
11902
14799
12405
12600
12694
