324,224
418,318
424,324
390,290
631,531
796,696
634,534
632,532
120,20
748,648
1025,925
911,811
165,65
296,196
200,100
919,819
900,800
563,463
139,39
122,22
352,252
435,335
1095,995
640,540
360,260
104,4
251,151
215,115
838,738
733,633
972,872
607,507
979,879
630,530
724,624
358,258
679,579
773,673
848,748
1058,958
675,575
747,647
921,821
978,878
635,535
594,494
162,62
130,30
888,788
605,505
796,696
393,293
547,447
229,129
510,410
868,768
460,360
515,415
682,582
188,88
997,897
617,517
844,744
374,274
181,81
317,217
862,762
738,638
186,86
229,129
951,851
837,737
751,651
903,803
646,546
428,328
728,628
792,692
279,179
372,272
1092,992
859,759
133,33
1066,966
459,359
746,646
793,693
674,574
232,132
389,289
760,660
1042,942
611,511
599,499
726,626
234,134
798,698
935,835
455,355
759,659
663,563
222,122
775,675
396,296
1040,940
489,389
697,597
1064,964
478,378
667,567
781,681
178,78
1058,958
638,538
1038,938
770,670
1003,903
824,724
994,894
644,544
300,200
413,313
427,327
669,569
406,306
1034,934
825,725
865,765
340,240
323,223
693,593
150,50
433,333
152,52
617,517
897,797
209,109
512,412
333,233
596,496
883,783
762,662
194,94
619,519
565,465
221,121
599,499
1052,952
425,325
490,390
282,182
713,613
726,626
1093,993
467,367
846,746
298,198
524,424
103,3
214,114
1042,942
892,792
694,594
271,171
308,208
814,714
1005,905
678,578
261,161
626,526
1015,915
687,587
975,875
617,517
795,695
705,605
524,424
979,879
812,712
311,211
997,897
526,426
329,229
213,113
499,399
746,646
384,284
935,835
222,122
462,362
258,158
925,825
607,507
221,121
259,159
467,367
106,6
375,275
429,329
378,278
899,799
1010,910
395,295
396,296
614,514
1093,993
910,810
1095,995
218,118
949,849
1053,953
798,698
887,787
813,713
107,7
239,139
704,604
926,826
586,486
480,380
360,260
306,206
117,17
575,475
142,42
988,888
995,895
568,468
320,220
188,88
878,778
718,618
1072,972
604,504
105,5
382,282
146,46
449,349
558,458
1011,911
447,347
184,84
114,14
612,512
158,58
903,803
459,359
834,734
391,291
253,153
437,337
432,332
1030,930
793,693
255,155
230,130
770,670
746,646
882,782
846,746
812,712
131,31
1088,988
253,153
651,551
552,452
562,462
919,819
773,673
532,432
928,828
258,158
473,373
585,485
684,584
251,151
734,634
652,552
809,709
490,390
129,29
912,812
217,117
208,108
999,899
1088,988
1099,999
1094,994
498,398
161,61
162,62
263,163
132,32
1092,992
397,297
405,305
495,395
137,37
723,623
447,347
967,867
798,698
510,410
205,105
320,220
820,720
548,448
574,474
160,60
417,317
130,30
403,303
530,430
302,202
910,810
1043,943
271,171
269,169
274,174
627,527
1079,979
321,221
974,874
1020,920
892,792
325,225
714,614
728,628
1097,997
673,573
962,862
103,3
435,335
839,739
496,396
345,245
615,515
680,580
238,138
967,867
445,345
104,4
147,47
411,311
216,116
611,511
170,70
993,893
949,849
132,32
462,362
206,106
1024,924
1002,902
381,281
1100,1000
1009,909
1002,902
491,391
990,890
642,542
453,353
942,842
370,270
770,670
877,777
298,198
220,120
364,264
292,192
778,678
177,77
353,253
711,611
892,792
1030,930
965,865
848,748
298,198
1088,988
173,73
839,739
974,874
536,436
854,754
576,476
312,212
481,381
944,844
798,698
104,4
104,4
621,521
608,508
427,327
652,552
412,312
306,206
1075,975
239,139
665,565
331,231
541,441
306,206
122,22
794,694
443,343
676,576
1002,902
793,693
433,333
1032,932
737,637
490,390
880,780
450,350
301,201
364,264
581,481
557,457
472,372
1093,993
651,551
537,437
381,281
370,270
339,239
325,225
820,720
980,880
249,149
400,300
921,821
300,200
656,556
631,531
966,866
532,432
572,472
386,286
338,238
195,95
956,856
192,92
816,716
379,279
608,508
661,561
450,350
1033,933
238,138
818,718
460,360
390,290
407,307
507,407
451,351
303,203
518,418
1003,903
817,717
943,843
409,309
661,561
132,32
162,62
1068,968
874,774
308,208
791,691
392,292
1061,961
255,155
610,510
704,604
956,856
327,227
569,469
961,861
888,788
1020,920
682,582
496,396
613,513
101,1
369,269
363,263
1043,943
868,768
467,367
987,887
497,397
1021,921
862,762
1021,921
474,374
1061,961
928,828
695,595
1052,952
591,491
663,563
408,308
323,223
413,313
812,712
426,326
400,300
810,710
1048,948
646,546
948,848
853,753
497,397
642,542
939,839
774,674
213,113
635,535
339,239
776,676
1096,996
1083,983
376,276
330,230
827,727
441,341
419,319
532,432
165,65
198,98
884,784
642,542
446,346
269,169
206,106
700,600
1029,929
471,371
789,689
661,561
404,304
1028,928
364,264
751,651
928,828
427,327
1100,1000
1022,922
184,84
646,546
116,16
988,888
733,633
713,613
241,141
445,345
579,479
535,435
236,136
644,544
615,515
527,427
580,480
1042,942
694,594
174,74
138,38
1085,985
423,323
1016,916
114,14
740,640
682,582
515,415
917,817
275,175
355,255
262,162
381,281
325,225
1048,948
133,33
350,250
262,162
741,641
428,328
104,4
656,556
282,182
195,95
148,48
572,472
226,126
499,399
178,78
780,680
501,401
852,752
147,47
673,573
143,43
963,863
1095,995
709,609
130,30
1003,903
719,619
1015,915
291,191
969,869
769,669
1014,914
330,230
635,535
519,419
1059,959
493,393
422,322
587,487
541,441
1049,949
950,850
261,161
1021,921
1063,963
376,276
633,533
434,334
355,255
893,793
750,650
345,245
792,692
920,820
680,580
355,255
993,893
384,284
529,429
102,2
988,888
901,801
708,608
201,101
1100,1000
1021,921
819,719
677,577
786,686
725,625
185,85
582,482
587,487
869,769
761,661
1040,940
550,450
220,120
110,10
609,509
353,253
918,818
463,363
519,419
554,454
1048,948
676,576
168,68
508,408
580,480
508,408
455,355
426,326
320,220
979,879
434,334
324,224
530,430
1094,994
479,379
547,447
473,373
1061,961
724,624
268,168
114,14
224,124
560,460
685,585
329,229
939,839
202,102
517,417
666,566
782,682
178,78
1040,940
311,211
202,102
824,724
798,698
113,13
298,198
586,486
628,528
959,859
570,470
104,4
641,541
179,79
511,411
126,26
935,835
511,411
686,586
759,659
848,748
456,356
917,817
198,98
739,639
1055,955
493,393
541,441
705,605
285,185
959,859
819,719
778,678
871,771
175,75
289,189
894,794
1059,959
1000,900
884,784
1076,976
211,111
752,652
926,826
176,76
940,840
853,753
825,725
487,387
106,6
839,739
969,869
772,672
439,339
425,325
1009,909
519,419
634,534
821,721
354,254
634,534
982,882
989,889
387,287
235,135
212,112
536,436
273,173
1024,924
327,227
315,215
617,517
1007,907
1099,999
254,154
117,17
495,395
592,492
568,468
848,748
679,579
751,651
300,200
269,169
505,405
653,553
421,321
178,78
916,816
1059,959
538,438
365,265
1003,903
677,577
1033,933
336,236
411,311
931,831
205,105
1089,989
487,387
651,551
300,200
892,792
691,591
531,431
203,103
158,58
970,870
723,623
420,320
115,15
994,894
677,577
336,236
133,33
470,370
399,299
497,397
564,464
703,603
625,525
214,114
165,65
380,280
674,574
601,501
293,193
826,726
465,365
973,873
447,347
462,362
1053,953
928,828
124,24
890,790
434,334
1099,999
1020,920
819,719
312,212
497,397
994,894
1089,989
704,604
414,314
814,714
198,98
945,845
213,113
1001,901
641,541
867,767
672,572
536,436
684,584
781,681
423,323
855,755
598,498
424,324
710,610
797,697
811,711
412,312
864,764
794,694
705,605
323,223
211,111
561,461
120,20
654,554
754,654
951,851
135,35
313,213
636,536
879,779
889,789
288,188
375,275
556,456
950,850
442,342
603,503
321,221
722,622
719,619
1015,915
330,230
175,75
600,500
672,572
926,826
539,439
1043,943
699,599
674,574
1082,982
577,477
408,308
977,877
1083,983
1011,911
640,540
138,38
967,867
491,391
787,687
729,629
764,664
1098,998
956,856
249,149
549,449
814,714
961,861
1025,925
231,131
402,302
450,350
1021,921
486,386
1080,980
895,795
353,253
755,655
114,14
199,99
982,882
913,813
469,369
1012,912
335,235
223,123
333,233
915,815
1036,936
732,632
909,809
383,283
414,314
916,816
105,5
447,347
1087,987
593,493
644,544
664,564
982,882
833,733
635,535
998,898
604,504
901,801
792,692
321,221
1092,992
438,338
725,625
1037,937
126,26
193,93
685,585
589,489
192,92
944,844
758,658
207,107
487,387
1020,920
662,562
333,233
979,879
373,273
917,817
377,277
490,390
264,164
1056,956
211,111
181,81
248,148
922,822
1044,944
259,159
676,576
922,822
583,483
424,324
984,884
284,184
210,110
745,645
761,661
120,20
898,798
543,443
545,445
709,609
806,706
466,366
498,398
330,230
535,435
733,633
264,164
1032,932
623,523
582,482
676,576
633,533
584,484
445,345
621,521
752,652
841,741
897,797
157,57
771,671
1094,994
228,128
101,1
121,21
639,539
688,588
489,389
975,875
357,257
813,713
256,156
423,323
614,514
258,158
978,878
459,359
283,183
415,315
773,673
675,575
500,400
867,767
173,73
538,438
317,217
686,586
589,489
780,680
181,81
1015,915
704,604
771,671
467,367
578,478
128,28
1066,966
354,254
354,254
668,568
985,885
771,671
180,80
1023,923
409,309
1028,928
235,135
106,6
313,213
999,899
1047,947
750,650
1048,948
1034,934
713,613
859,759
817,717
1091,991
246,146
802,702
283,183
878,778
929,829
1071,971
202,102
903,803
156,56
994,894
258,158
318,218
1079,979
960,860
568,468
977,877
835,735
428,328
675,575
442,342
968,868
532,432
575,475
738,638
1086,986
720,620
187,87
366,266
756,656
1070,970
841,741
924,824
1013,913
328,228
1041,941
977,877
209,109
320,220
741,641
414,314
713,613
712,612
397,297
1049,949
610,510
542,442
479,379
540,440
784,684
1070,970
274,174
808,708
419,319
838,738
225,125
654,554
436,336
489,389
481,381
843,743
929,829
891,791
488,388
864,764
908,808
729,629
226,126
605,505
1035,935
673,573
175,75
874,774
939,839
158,58
504,404
938,838
203,103
882,782
950,850
715,615
1039,939
218,118
1090,990
959,859
1000,900
943,843
316,216
944,844
151,51
712,612
675,575
938,838
213,113
453,353
914,814
870,770
354,254
1050,950
472,372
996,896
962,862
406,306
332,232
131,31
720,620
143,43
581,481
273,173
210,110
762,662
182,82
391,291
908,808
1057,957
833,733
563,463
443,343
700,600
841,741
636,536
429,329
799,699
803,703
937,837
677,577
732,632
343,243
501,401
413,313
1086,986
621,521
258,158
309,209
250,150
1079,979
517,417
764,664
317,217
887,787
1019,919
638,538
956,856
614,514
910,810
245,145
868,768
251,151
945,845
390,290
278,178
387,287
232,132
270,170
294,194
599,499
645,545
351,251
753,653
725,625
370,270
844,744
337,237
946,846
354,254
251,151
659,559
951,851
916,816
578,478
614,514
801,701
270,170
617,517
643,543
224,124
157,57
563,463
101,1
966,866
498,398
1082,982
235,135
760,660
404,304
1069,969
545,445
644,544
223,123
1011,911
865,765
123,23
981,881
151,51
360,260
260,160
479,379
612,512
766,666
1073,973
749,649
295,195
565,465
1023,923
739,639
301,201
802,702
906,806
967,867
160,60
227,127
966,866
130,30
639,539
270,170
118,18
747,647
262,162
594,494
225,125
933,833
576,476
268,168
680,580
429,329
774,674
731,631
290,190
853,753
906,806
821,721
1079,979
534,434
980,880
780,680
970,870
513,413
1027,927
725,625
995,895
541,441
857,757
117,17
999,899
158,58
1015,915
777,677
290,190
781,681
566,466
934,834
945,845
515,415
993,893
308,208
1061,961
426,326
375,275
365,265
881,781
480,380
1058,958
358,258
181,81
502,402
145,45
1005,905
1002,902
183,83
1010,910
824,724
510,410
995,895
166,66
437,337
906,806
359,259
616,516
287,187
161,61
1071,971
575,475
495,395
318,218
518,418
736,636
964,864
1032,932
821,721
511,411
1068,968
668,568
962,862
928,828
432,332
967,867
1099,999
1014,914
665,565
286,186
704,604
273,173
107,7
224,124
210,110
319,219
504,404
147,47
141,41
907,807
859,759
519,419
261,161
171,71
618,518
1032,932
827,727
216,116
921,821
332,232
743,643
443,343
360,260
355,255
862,762
118,18
601,501
942,842
566,466
1040,940
339,239
689,589
272,172
786,686
711,611
346,246
898,798
1086,986
883,783
400,300
592,492
851,751
612,512
908,808
208,108
595,495
238,138
555,455
967,867
893,793
1079,979
348,248
366,266
346,246
964,864
719,619
635,535
684,584
365,265
167,67
1015,915
657,557
456,356
540,440
1050,950
728,628
547,447
451,351
834,734
941,841
917,817
799,699
366,266
336,236
917,817
719,619
398,298
580,480
917,817
256,156
481,381
813,713
976,876
685,585
617,517
326,226
941,841
732,632
587,487
413,313
767,667
310,210
538,438
346,246
1092,992
562,462
848,748
894,794
899,799
843,743
804,704
520,420
318,218
1092,992
823,723
292,192
522,422
785,685
857,757
658,558
303,203
944,844
342,242
221,121
331,231
811,711
186,86
883,783
864,764
783,683
833,733
372,272
241,141
849,749
213,113
1022,922
564,464
893,793
524,424
627,527
179,79
1060,960
954,854
704,604
755,655
876,776
984,884
221,121
641,541
698,598
580,480
580,480
575,475
821,721
301,201
718,618
682,582
503,403
148,48
639,539
864,764
803,703
238,138
236,136
1062,962
382,282
1012,912
410,310
434,334
996,896
878,778
388,288
379,279
776,676
357,257
455,355
736,636
527,427
547,447
463,363
420,320
1049,949
387,287
917,817
299,199
911,811
1010,910
583,483
197,97
717,617
140,40
699,599
695,595
124,24
822,722
930,830
683,583
843,743
462,362
1084,984
886,786
530,430
602,502
1025,925
512,412
757,657
124,24
273,173
783,683
189,89
676,576
124,24
468,368
406,306
309,209
807,707
149,49
408,308
712,612
677,577
983,883
836,736
427,327
689,589
679,579
413,313
509,409
733,633
189,89
260,160
965,865
664,564
750,650
395,295
941,841
528,428
365,265
106,6
503,403
222,122
335,235
423,323
599,499
877,777
287,187
792,692
813,713
1017,917
1076,976
880,780
484,384
758,658
542,442
659,559
207,107
515,415
817,717
529,429
703,603
416,316
639,539
632,532
289,189
1071,971
947,847
386,286
258,158
259,159
963,863
573,473
1097,997
977,877
186,86
934,834
178,78
839,739
286,186
966,866
634,534
772,672
588,488
1064,964
1052,952
776,676
710,610
323,223
161,61
698,598
351,251
937,837
1062,962
1097,997
578,478
577,477
349,249
288,188
488,388
872,772
638,538
394,294
101,1
591,491
411,311
666,566
103,3
640,540
489,389
868,768
683,583
500,400
888,788
567,467
340,240
273,173
301,201
382,282
854,754
1053,953
492,392
600,500
620,520
1012,912
229,129
915,815
952,852
415,315
964,864
102,2
105,5
807,707
886,786
179,79
712,612
956,856
434,334
694,594
921,821
657,557
938,838
418,318
511,411
354,254
505,405
634,534
744,644
1074,974
548,448
371,271
469,369
723,623
363,263
413,313
881,781
146,46
907,807
585,485
977,877
231,131
332,232
1009,909
229,129
865,765
118,18
275,175
543,443
768,668
368,268
939,839
852,752
649,549
402,302
325,225
537,437
672,572
645,545
279,179
726,626
187,87
742,642
991,891
281,181
1014,914
1003,903
784,684
645,545
175,75
1026,926
395,295
719,619
647,547
976,876
267,167
1062,962
493,393
398,298
476,376
1070,970
297,197
101,1
655,555
225,125
722,622
683,583
1027,927
940,840
1085,985
252,152
177,77
948,848
402,302
358,258
228,128
793,693
949,849
665,565
255,155
1076,976
1002,902
737,637
289,189
805,705
672,572
670,570
974,874
1061,961
1100,1000
931,831
315,215
800,700
973,873
663,563
105,5
371,271
679,579
145,45
838,738
977,877
949,849
711,611
710,610
465,365
271,171
572,472
510,410
630,530
132,32
441,341
695,595
328,228
245,145
735,635
696,596
442,342
189,89
713,613
956,856
703,603
570,470
800,700
865,765
1096,996
1006,906
861,761
908,808
202,102
892,792
766,666
999,899
569,469
166,66
1012,912
655,555
934,834
783,683
133,33
255,155
1002,902
782,682
853,753
361,261
118,18
1037,937
340,240
587,487
975,875
284,184
883,783
175,75
860,760
318,218
925,825
254,154
800,700
391,291
650,550
780,680
906,806
429,329
746,646
644,544
393,293
492,392
581,481
762,662
560,460
224,124
306,206
705,605
550,450
597,497
508,408
115,15
733,633
1066,966
286,186
265,165
850,750
288,188
986,886
629,529
939,839
1066,966
433,333
537,437
564,464
760,660
719,619
334,234
380,280
198,98
420,320
224,124
785,685
285,185
145,45
134,34
548,448
131,31
861,761
426,326
839,739
644,544
598,498
1079,979
166,66
290,190
740,640
899,799
169,69
720,620
198,98
314,214
993,893
1001,901
343,243
677,577
1022,922
503,403
432,332
530,430
948,848
409,309
852,752
738,638
286,186
610,510
1043,943
534,434
484,384
255,155
116,16
198,98
706,606
779,679
217,117
1028,928
799,699
483,383
597,497
1099,999
948,848
436,336
544,444
145,45
469,369
422,322
182,82
376,276
792,692
749,649
119,19
180,80
757,657
878,778
528,428
767,667
976,876
922,822
241,141
711,611
320,220
522,422
795,695
101,1
462,362
433,333
719,619
401,301
261,161
134,34
484,384
621,521
637,537
509,409
267,167
1069,969
819,719
347,247
247,147
555,455
846,746
578,478
941,841
118,18
459,359
274,174
953,853
1018,918
355,255
489,389
302,202
849,749
941,841
955,855
981,881
290,190
506,406
538,438
462,362
980,880
193,93
614,514
1018,918
902,802
166,66
354,254
612,512
884,784
867,767
250,150
872,772
705,605
236,136
431,331
352,252
785,685
1084,984
489,389
925,825
538,438
555,455
827,727
142,42
466,366
722,622
928,828
638,538
377,277
1075,975
688,588
543,443
965,865
273,173
759,659
658,558
299,199
1094,994
854,754
994,894
959,859
617,517
250,150
1029,929
156,56
578,478
878,778
789,689
482,382
954,854
341,241
238,138
906,806
260,160
454,354
503,403
486,386
130,30
793,693
164,64
158,58
899,799
669,569
198,98
504,404
1088,988
858,758
343,243
164,64
400,300
766,666
194,94
702,602
524,424
564,464
1064,964
722,622
604,504
685,585
551,451
1010,910
686,586
1050,950
437,337
508,408
733,633
551,451
746,646
267,167
151,51
296,196
690,590
382,282
927,827
534,434
789,689
976,876
590,490
286,186
164,64
907,807
1100,1000
1033,933
1088,988
476,376
799,699
358,258
309,209
212,112
566,466
855,755
386,286
859,759
137,37
353,253
510,410
881,781
536,436
806,706
116,16
358,258
895,795
413,313
288,188
506,406
656,556
200,100
930,830
413,313
482,382
1044,944
564,464
1059,959
926,826
304,204
154,54
915,815
657,557
689,589
863,763
936,836
733,633
159,59
952,852
496,396
541,441
180,80
429,329
606,506
565,465
489,389
104,4
537,437
440,340
848,748
549,449
529,429
153,53
955,855
711,611
666,566
358,258
454,354
1028,928
1002,902
967,867
146,46
269,169
283,183
916,816
402,302
408,308
273,173
1083,983
863,763
168,68
281,181
168,68
1094,994
314,214
107,7
204,104
730,630
778,678
246,146
622,522
605,505
930,830
226,126
764,664
349,249
444,344
363,263
194,94
357,257
1042,942
292,192
249,149
503,403
526,426
1044,944
829,729
325,225
682,582
733,633
203,103
460,360
900,800
452,352
702,602
297,197
611,511
135,35
790,690
1013,913
353,253
871,771
276,176
852,752
432,332
976,876
935,835
251,151
163,63
835,735
609,509
360,260
545,445
419,319
651,551
165,65
245,145
439,339
996,896
829,729
1033,933
658,558
574,474
810,710
661,561
804,704
234,134
691,591
225,125
670,570
487,387
170,70
532,432
107,7
385,285
123,23
374,274
208,108
130,30
259,159
527,427
191,91
955,855
772,672
271,171
430,330
847,747
956,856
677,577
1041,941
973,873
478,378
601,501
334,234
132,32
169,69
456,356
465,365
872,772
934,834
381,281
601,501
653,553
306,206
821,721
851,751
1057,957
419,319
532,432
626,526
658,558
979,879
282,182
872,772
697,597
565,465
303,203
777,677
204,104
419,319
828,728
146,46
172,72
859,759
359,259
250,150
232,132
408,308
281,181
363,263
521,421
111,11
428,328
1068,968
553,453
851,751
739,639
637,537
932,832
1064,964
520,420
750,650
778,678
193,93
190,90
922,822
527,427
113,13
178,78
466,366
1037,937
844,744
363,263
632,532
602,502
499,399
967,867
607,507
178,78
167,67
507,407
949,849
404,304
389,289
1082,982
780,680
735,635
945,845
944,844
172,72
789,689
518,418
454,354
597,497
636,536
506,406
721,621
448,348
1085,985
612,512
697,597
408,308
1055,955
609,509
717,617
1059,959
660,560
449,349
672,572
1012,912
578,478
928,828
1088,988
913,813
598,498
173,73
213,113
1003,903
243,143
603,503
109,9
288,188
777,677
1056,956
486,386
354,254
412,312
131,31
362,262
714,614
761,661
125,25
894,794
566,466
804,704
457,357
680,580
1076,976
709,609
1078,978
627,527
988,888
730,630
571,471
556,456
200,100
343,243
879,779
134,34
441,341
907,807
888,788
266,166
518,418
1085,985
129,29
451,351
745,645
968,868
426,326
753,653
179,79
641,541
527,427
128,28
770,670
1046,946
529,429
344,244
1058,958
1007,907
491,391
965,865
897,797
435,335
266,166
762,662
812,712
457,357
1023,923
704,604
848,748
419,319
230,130
1052,952
454,354
965,865
948,848
908,808
661,561
307,207
187,87
123,23
538,438
569,469
759,659
932,832
540,440
643,543
986,886
804,704
890,790
816,716
798,698
758,658
981,881
868,768
313,213
1028,928
249,149
692,592
839,739
253,153
334,234
1036,936
729,629
165,65
337,237
520,420
386,286
282,182
484,384
230,130
962,862
475,375
533,433
770,670
888,788
461,361
360,260
322,222
1028,928
894,794
543,443
189,89
609,509
289,189
247,147
636,536
906,806
484,384
795,695
933,833
928,828
836,736
230,130
603,503
696,596
551,451
1045,945
470,370
757,657
155,55
771,671
553,453
424,324
789,689
1078,978
994,894
225,125
489,389
293,193
641,541
585,485
736,636
425,325
1008,908
628,528
1051,951
296,196
963,863
461,361
1040,940
375,275
499,399
1058,958
762,662
809,709
291,191
142,42
390,290
413,313
196,96
341,241
575,475
207,107
1012,912
249,149
1096,996
154,54
199,99
368,268
932,832
580,480
937,837
449,349
703,603
189,89
525,425
491,391
695,595
576,476
274,174
1028,928
1059,959
939,839
1002,902
477,377
584,484
179,79
951,851
696,596
1029,929
399,299
920,820
867,767
859,759
720,620
934,834
851,751
709,609
794,694
397,297
257,157
984,884
965,865
477,377
719,619
172,72
810,710
235,135
430,330
870,770
618,518
579,479
619,519
210,110
549,449
1096,996
379,279
383,283
784,684
855,755
590,490
944,844
203,103
838,738
835,735
1041,941
725,625
1044,944
540,440
399,299
952,852
815,715
674,574
543,443
500,400
386,286
599,499
1080,980
1062,962
673,573
913,813
474,374
942,842
927,827
239,139
543,443
1057,957
836,736
261,161
401,301
152,52
134,34
448,348
974,874
690,590
239,139
198,98
725,625
647,547
600,500
1021,921
144,44
613,513
923,823
155,55
372,272
559,459
109,9
136,36
814,714
977,877
437,337
1058,958
464,364
316,216
483,383
101,1
865,765
216,116
954,854
898,798
931,831
405,305
920,820
207,107
842,742
1061,961
121,21
772,672
488,388
426,326
908,808
828,728
326,226
543,443
310,210
585,485
942,842
433,333
106,6
353,253
490,390
689,589
334,234
1049,949
102,2
954,854
329,229
418,318
336,236
690,590
481,381
329,229
935,835
761,661
572,472
1044,944
696,596
394,294
254,154
949,849
773,673
143,43
330,230
476,376
142,42
252,152
998,898
873,773
181,81
1056,956
132,32
759,659
605,505
751,651
712,612
526,426
411,311
374,274
768,668
944,844
946,846
511,411
791,691
979,879
891,791
719,619
245,145
658,558
596,496
599,499
202,102
356,256
556,456
666,566
433,333
698,598
977,877
761,661
545,445
156,56
797,697
430,330
889,789
1090,990
543,443
721,621
926,826
283,183
222,122
915,815
542,442
1081,981
710,610
267,167
965,865
1098,998
393,293
278,178
748,648
677,577
817,717
233,133
643,543
637,537
1037,937
694,594
102,2
246,146
471,371
1093,993
500,400
212,112
182,82
1054,954
627,527
123,23
878,778
366,266
346,246
129,29
281,181
489,389
885,785
621,521
956,856
208,108
1071,971
560,460
232,132
944,844
275,175
671,571
1083,983
609,509
929,829
189,89
105,5
1066,966
545,445
306,206
724,624
133,33
984,884
792,692
602,502
911,811
212,112
716,616
1086,986
118,18
990,890
777,677
973,873
1029,929
918,818
164,64
953,853
698,598
350,250
710,610
402,302
974,874
845,745
541,441
572,472
878,778
293,193
856,756
366,266
882,782
726,626
689,589
763,663
567,467
550,450
447,347
795,695
134,34
595,495
448,348
1035,935
276,176
128,28
852,752
776,676
685,585
430,330
495,395
907,807
194,94
384,284
873,773
179,79
370,270
387,287
909,809
726,626
457,357
833,733
509,409
890,790
899,799
128,28
1006,906
1062,962
416,316
221,121
266,166
1060,960
129,29
640,540
784,684
531,431
169,69
933,833
339,239
1068,968
1072,972
793,693
399,299
905,805
170,70
137,37
1095,995
174,74
1096,996
1058,958
106,6
702,602
389,289
381,281
105,5
438,338
1032,932
820,720
109,9
1011,911
140,40
873,773
1039,939
938,838
505,405
822,722
213,113
493,393
398,298
448,348
497,397
348,248
857,757
306,206
132,32
635,535
917,817
976,876
603,503
475,375
824,724
309,209
748,648
1024,924
997,897
941,841
209,109
707,607
141,41
408,308
573,473
922,822
291,191
228,128
384,284
264,164
220,120
149,49
182,82
1090,990
344,244
812,712
339,239
630,530
565,465
845,745
314,214
1029,929
981,881
832,732
644,544
617,517
929,829
629,529
301,201
424,324
178,78
458,358
688,588
897,797
990,890
711,611
302,202
766,666
320,220
554,454
1078,978
636,536
242,142
622,522
189,89
1003,903
256,156
742,642
177,77
860,760
251,151
323,223
669,569
640,540
992,892
324,224
111,11
776,676
324,224
558,458
141,41
946,846
634,534
1058,958
449,349
779,679
723,623
756,656
1029,929
557,457
606,506
536,436
937,837
797,697
595,495
1075,975
176,76
985,885
204,104
928,828
729,629
595,495
186,86
136,36
888,788
150,50
572,472
892,792
931,831
848,748
956,856
218,118
1055,955
859,759
880,780
102,2
276,176
927,827
1089,989
240,140
547,447
512,412
250,150
693,593
992,892
120,20
691,591
707,607
343,243
635,535
723,623
624,524
859,759
785,685
724,624
211,111
764,664
958,858
180,80
367,267
104,4
312,212
501,401
184,84
579,479
477,377
1095,995
214,114
505,405
689,589
487,387
576,476
260,160
1059,959
425,325
867,767
255,155
999,899
126,26
182,82
978,878
460,360
150,50
658,558
939,839
422,322
873,773
278,178
824,724
455,355
667,567
224,124
489,389
1026,926
537,437
891,791
628,528
953,853
857,757
755,655
171,71
512,412
102,2
243,143
293,193
597,497
622,522
485,385
1063,963
970,870
976,876
254,154
638,538
335,235
660,560
738,638
833,733
1003,903
902,802
1039,939
461,361
736,636
948,848
747,647
286,186
928,828
650,550
730,630
1046,946
744,644
756,656
284,184
534,434
874,774
580,480
1008,908
470,370
472,372
152,52
671,571
124,24
418,318
1071,971
855,755
374,274
586,486
985,885
984,884
783,683
1056,956
753,653
260,160
1068,968
633,533
812,712
726,626
882,782
975,875
251,151
170,70
929,829
1097,997
978,878
409,309
759,659
445,345
331,231
573,473
140,40
804,704
1004,904
789,689
969,869
927,827
1011,911
796,696
660,560
547,447
126,26
131,31
328,228
580,480
964,864
312,212
130,30
947,847
264,164
868,768
356,256
118,18
140,40
1100,1000
102,2
864,764
664,564
517,417
207,107
469,369
182,82
959,859
267,167
825,725
284,184
1073,973
859,759
467,367
851,751
795,695
381,281
457,357
159,59
679,579
1063,963
726,626
186,86
1012,912
870,770
373,273
269,169
922,822
510,410
1068,968
370,270
1062,962
344,244
637,537
828,728
430,330
752,652
315,215
926,826
1005,905
495,395
518,418
743,643
555,455
626,526
395,295
254,154
428,328
961,861
263,163
997,897
990,890
832,732
881,781
1076,976
129,29
506,406
258,158
501,401
833,733
854,754
481,381
1022,922
589,489
495,395
779,679
142,42
354,254
718,618
1075,975
711,611
523,423
366,266
182,82
815,715
398,298
948,848
922,822
784,684
359,259
623,523
1018,918
282,182
591,491
421,321
1016,916
161,61
723,623
520,420
144,44
763,663
756,656
719,619
242,142
616,516
1053,953
817,717
137,37
1005,905
228,128
315,215
406,306
402,302
265,165
362,262
331,231
711,611
409,309
733,633
263,163
205,105
208,108
607,507
995,895
1093,993
180,80
456,356
481,381
508,408
759,659
475,375
137,37
893,793
830,730
880,780
1004,904
944,844
635,535
303,203
989,889
140,40
923,823
648,548
902,802
366,266
451,351
253,153
915,815
208,108
952,852
448,348
1059,959
343,243
511,411
1041,941
230,130
440,340
520,420
877,777
131,31
356,256
331,231
421,321
670,570
101,1
655,555
1010,910
873,773
496,396
684,584
677,577
829,729
913,813
406,306
113,13
504,404
754,654
823,723
507,407
837,737
252,152
722,622
273,173
819,719
815,715
527,427
334,234
601,501
130,30
1039,939
877,777
338,238
306,206
435,335
852,752
811,711
461,361
972,872
130,30
241,141
969,869
905,805
970,870
123,23
877,777
549,449
1027,927
426,326
1004,904
399,299
762,662
805,705
136,36
412,312
828,728
592,492
807,707
673,573
860,760
311,211
341,241
784,684
465,365
923,823
659,559
101,1
864,764
577,477
795,695
611,511
802,702
968,868
592,492
641,541
837,737
234,134
414,314
1074,974
989,889
749,649
852,752
958,858
236,136
101,1
869,769
504,404
227,127
1044,944
438,338
219,119
508,408
298,198
338,238
655,555
633,533
1040,940
263,163
394,294
425,325
1089,989
1054,954
965,865
443,343
195,95
1023,923
451,351
267,167
790,690
739,639
881,781
749,649
109,9
557,457
905,805
974,874
949,849
397,297
610,510
563,463
742,642
613,513
839,739
387,287
630,530
243,143
768,668
544,444
792,692
150,50
928,828
117,17
360,260
460,360
1056,956
503,403
129,29
105,5
1012,912
420,320
1089,989
190,90
919,819
468,368
862,762
754,654
443,343
973,873
538,438
494,394
435,335
882,782
891,791
959,859
1054,954
844,744
412,312
821,721
1066,966
397,297
724,624
360,260
577,477
161,61
917,817
555,455
1089,989
628,528
621,521
352,252
259,159
1029,929
601,501
544,444
354,254
680,580
116,16
601,501
1084,984
391,291
897,797
383,283
792,692
670,570
610,510
555,455
135,35
334,234
145,45
127,27
891,791
953,853
827,727
281,181
743,643
1058,958
534,434
1057,957
318,218
773,673
1023,923
131,31
783,683
283,183
872,772
210,110
742,642
197,97
462,362
676,576
985,885
897,797
1063,963
624,524
1046,946
271,171
838,738
642,542
1050,950
395,295
412,312
849,749
596,496
110,10
780,680
151,51
968,868
194,94
243,143
414,314
255,155
277,177
914,814
144,44
406,306
884,784
1036,936
353,253
1032,932
977,877
345,245
444,344
709,609
776,676
1046,946
942,842
222,122
718,618
1021,921
525,425
1033,933
537,437
810,710
983,883
216,116
1035,935
151,51
124,24
935,835
343,243
496,396
491,391
571,471
979,879
671,571
869,769
736,636
356,256
574,474
187,87
140,40
551,451
851,751
786,686
285,185
139,39
279,179
106,6
938,838
351,251
504,404
848,748
572,472
568,468
133,33
656,556
893,793
900,800
551,451
891,791
541,441
872,772
330,230
628,528
1082,982
822,722
129,29
288,188
121,21
637,537
465,365
954,854
657,557
217,117
217,117
477,377
752,652
847,747
353,253
404,304
704,604
344,244
720,620
847,747
564,464
791,691
945,845
999,899
988,888
586,486
650,550
889,789
668,568
257,157
842,742
1072,972
139,39
623,523
580,480
675,575
286,186
1049,949
854,754
777,677
746,646
725,625
203,103
751,651
170,70
1059,959
540,440
696,596
302,202
862,762
180,80
1049,949
470,370
352,252
887,787
792,692
604,504
747,647
113,13
279,179
576,476
665,565
803,703
225,125
257,157
430,330
664,564
835,735
318,218
423,323
264,164
953,853
409,309
418,318
635,535
183,83
807,707
891,791
299,199
825,725
1017,917
186,86
319,219
348,248
561,461
686,586
179,79
428,328
472,372
136,36
550,450
1048,948
270,170
892,792
173,73
595,495
934,834
789,689
112,12
723,623
910,810
483,383
1042,942
813,713
677,577
542,442
1024,924
1051,951
520,420
652,552
521,421
931,831
484,384
373,273
474,374
883,783
378,278
497,397
305,205
972,872
225,125
875,775
473,373
374,274
1073,973
976,876
1037,937
163,63
627,527
662,562
385,285
961,861
787,687
402,302
722,622
1073,973
479,379
763,663
628,528
196,96
399,299
281,181
1064,964
605,505
775,675
916,816
538,438
316,216
912,812
706,606
406,306
631,531
771,671
185,85
895,795
327,227
982,882
282,182
554,454
665,565
990,890
809,709
1062,962
610,510
908,808
250,150
898,798
561,461
586,486
259,159
386,286
1037,937
447,347
819,719
241,141
859,759
815,715
1037,937
876,776
717,617
763,663
140,40
693,593
450,350
525,425
719,619
635,535
725,625
797,697
258,158
1065,965
237,137
385,285
365,265
541,441
799,699
886,786
586,486
474,374
741,641
500,400
811,711
288,188
1036,936
545,445
385,285
188,88
697,597
940,840
549,449
430,330
241,141
1005,905
569,469
133,33
277,177
1085,985
812,712
953,853
374,274
850,750
219,119
528,428
779,679
695,595
955,855
639,539
510,410
272,172
1064,964
930,830
1063,963
601,501
191,91
646,546
573,473
741,641
368,268
1057,957
794,694
690,590
392,292
1015,915
282,182
392,292
653,553
889,789
417,317
860,760
1056,956
963,863
826,726
558,458
680,580
802,702
286,186
1076,976
1079,979
867,767
809,709
916,816
961,861
825,725
613,513
871,771
199,99
202,102
715,615
505,405
124,24
483,383
638,538
613,513
597,497
926,826
237,137
146,46
1015,915
982,882
545,445
309,209
1038,938
624,524
227,127
204,104
141,41
991,891
1083,983
535,435
608,508
187,87
606,506
1049,949
805,705
830,730
768,668
547,447
789,689
852,752
353,253
1041,941
482,382
717,617
1046,946
772,672
450,350
866,766
990,890
616,516
767,667
740,640
626,526
553,453
776,676
980,880
785,685
423,323
740,640
1060,960
1095,995
605,505
1074,974
257,157
763,663
978,878
198,98
517,417
544,444
157,57
359,259
401,301
835,735
1037,937
664,564
168,68
777,677
397,297
975,875
496,396
442,342
421,321
818,718
805,705
554,454
1081,981
646,546
624,524
322,222
287,187
517,417
603,503
522,422
855,755
509,409
1055,955
475,375
218,118
584,484
815,715
627,527
354,254
149,49
1040,940
201,101
1061,961
975,875
279,179
485,385
675,575
426,326
495,395
1037,937
834,734
120,20
723,623
1078,978
177,77
852,752
452,352
1024,924
166,66
349,249
699,599
383,283
984,884
703,603
865,765
1015,915
971,871
512,412
162,62
630,530
213,113
225,125
627,527
682,582
509,409
1074,974
744,644
440,340
641,541
571,471
352,252
855,755
720,620
337,237
639,539
629,529
605,505
771,671
277,177
922,822
873,773
388,288
587,487
281,181
948,848
870,770
838,738
241,141
835,735
953,853
345,245
539,439
632,532
132,32
642,542
1051,951
200,100
831,731
931,831
415,315
479,379
632,532
673,573
153,53
896,796
437,337
393,293
565,465
1005,905
629,529
309,209
214,114
406,306
1059,959
531,431
549,449
262,162
196,96
1041,941
787,687
389,289
751,651
581,481
512,412
170,70
286,186
725,625
977,877
949,849
234,134
1003,903
752,652
1018,918
176,76
223,123
847,747
895,795
550,450
306,206
792,692
390,290
476,376
1070,970
116,16
1096,996
713,613
840,740
177,77
576,476
813,713
153,53
589,489
521,421
857,757
364,264
386,286
857,757
1100,1000
664,564
288,188
1016,916
998,898
853,753
220,120
700,600
205,105
761,661
1026,926
1096,996
317,217
442,342
720,620
268,168
679,579
372,272
288,188
531,431
174,74
676,576
627,527
467,367
613,513
774,674
697,597
817,717
516,416
115,15
530,430
514,414
222,122
631,531
848,748
622,522
873,773
204,104
1099,999
457,357
813,713
620,520
817,717
455,355
228,128
709,609
321,221
974,874
902,802
601,501
1069,969
809,709
999,899
790,690
989,889
167,67
427,327
640,540
584,484
372,272
1081,981
268,168
913,813
422,322
906,806
734,634
585,485
902,802
502,402
982,882
465,365
1052,952
456,356
384,284
472,372
1043,943
759,659
687,587
946,846
703,603
597,497
164,64
1038,938
595,495
789,689
225,125
187,87
277,177
343,243
219,119
501,401
246,146
441,341
206,106
780,680
1076,976
304,204
462,362
516,416
824,724
954,854
1097,997
249,149
346,246
360,260
822,722
1081,981
231,131
1010,910
754,654
310,210
344,244
607,507
502,402
193,93
607,507
267,167
192,92
149,49
498,398
777,677
162,62
516,416
331,231
786,686
1024,924
361,261
1023,923
198,98
374,274
628,528
1068,968
539,439
172,72
558,458
117,17
826,726
256,156
870,770
166,66
1062,962
834,734
1054,954
112,12
256,156
938,838
959,859
357,257
802,702
946,846
318,218
1007,907
155,55
353,253
1033,933
337,237
940,840
148,48
369,269
702,602
632,532
854,754
522,422
335,235
606,506
296,196
900,800
145,45
1064,964
1004,904
586,486
618,518
110,10
555,455
1018,918
629,529
226,126
756,656
454,354
247,147
211,111
550,450
901,801
770,670
556,456
658,558
569,469
530,430
235,135
190,90
947,847
946,846
492,392
205,105
335,235
1064,964
423,323
464,364
855,755
366,266
518,418
469,369
651,551
178,78
913,813
280,180
1068,968
574,474
1081,981
432,332
811,711
842,742
625,525
678,578
116,16
104,4
843,743
606,506
835,735
887,787
190,90
150,50
322,222
1006,906
928,828
580,480
729,629
117,17
826,726
241,141
267,167
821,721
635,535
978,878
319,219
535,435
945,845
975,875
1057,957
286,186
542,442
911,811
698,598
853,753
885,785
649,549
882,782
665,565
654,554
388,288
262,162
148,48
517,417
522,422
1037,937
454,354
269,169
923,823
721,621
649,549
412,312
218,118
866,766
344,244
366,266
381,281
965,865
547,447
826,726
740,640
387,287
471,371
1003,903
326,226
546,446
470,370
470,370
563,463
743,643
281,181
1014,914
1067,967
569,469
176,76
893,793
778,678
927,827
879,779
554,454
616,516
718,618
359,259
1023,923
284,184
391,291
563,463
242,142
582,482
436,336
1088,988
410,310
866,766
539,439
501,401
400,300
847,747
680,580
358,258
939,839
1009,909
489,389
364,264
249,149
864,764
757,657
654,554
829,729
220,120
461,361
384,284
161,61
189,89
398,298
354,254
248,148
947,847
981,881
790,690
496,396
919,819
896,796
404,304
405,305
258,158
604,504
976,876
274,174
531,431
835,735
1055,955
330,230
532,432
929,829
319,219
591,491
218,118
556,456
787,687
224,124
1074,974
539,439
1037,937
248,148
422,322
804,704
306,206
904,804
483,383
815,715
830,730
191,91
877,777
863,763
406,306
386,286
758,658
965,865
736,636
291,191
1030,930
272,172
1096,996
877,777
139,39
1072,972
227,127
465,365
420,320
638,538
941,841
308,208
874,774
876,776
761,661
445,345
222,122
906,806
569,469
341,241
157,57
705,605
997,897
675,575
265,165
208,108
783,683
212,112
230,130
233,133
651,551
547,447
325,225
830,730
668,568
311,211
874,774
607,507
1066,966
204,104
332,232
556,456
574,474
895,795
1081,981
633,533
742,642
216,116
861,761
230,130
693,593
325,225
1100,1000
618,518
1019,919
124,24
1045,945
220,120
1051,951
977,877
465,365
601,501
396,296
581,481
317,217
177,77
514,414
646,546
601,501
800,700
874,774
654,554
1078,978
881,781
1036,936
1035,935
553,453
612,512
277,177
281,181
312,212
693,593
1018,918
666,566
239,139
199,99
127,27
517,417
897,797
978,878
639,539
234,134
1041,941
522,422
844,744
470,370
713,613
391,291
104,4
918,818
844,744
219,119
264,164
673,573
245,145
938,838
486,386
244,144
791,691
885,785
117,17
513,413
181,81
392,292
1037,937
1021,921
1009,909
252,152
794,694
851,751
779,679
340,240
854,754
510,410
167,67
579,479
425,325
710,610
204,104
645,545
329,229
716,616
109,9
477,377
869,769
938,838
901,801
201,101
731,631
597,497
827,727
1087,987
534,434
164,64
124,24
320,220
1023,923
848,748
225,125
542,442
705,605
268,168
761,661
1008,908
498,398
687,587
1045,945
378,278
1060,960
982,882
442,342
695,595
360,260
135,35
592,492
418,318
988,888
434,334
858,758
115,15
817,717
143,43
265,165
271,171
419,319
364,264
954,854
778,678
629,529
653,553
785,685
294,194
626,526
206,106
418,318
863,763
257,157
820,720
358,258
1034,934
456,356
1088,988
1019,919
921,821
1029,929
790,690
472,372
445,345
486,386
504,404
281,181
222,122
439,339
921,821
173,73
288,188
1077,977
125,25
277,177
695,595
814,714
261,161
943,843
279,179
916,816
839,739
996,896
658,558
206,106
212,112
520,420
509,409
836,736
706,606
177,77
185,85
1011,911
445,345
325,225
423,323
1045,945
842,742
337,237
692,592
653,553
668,568
1043,943
367,267
955,855
540,440
814,714
447,347
733,633
807,707
450,350
483,383
386,286
332,232
869,769
213,113
124,24
129,29
844,744
241,141
117,17
660,560
788,688
204,104
229,129
882,782
783,683
201,101
679,579
503,403
139,39
593,493
278,178
773,673
168,68
523,423
439,339
618,518
391,291
903,803
396,296
551,451
876,776
847,747
137,37
1099,999
533,433
775,675
117,17
901,801
528,428
748,648
1029,929
614,514
766,666
282,182
805,705
258,158
581,481
223,123
1031,931
537,437
511,411
537,437
540,440
950,850
1024,924
552,452
1038,938
284,184
383,283
479,379
583,483
901,801
676,576
178,78
315,215
350,250
928,828
626,526
567,467
513,413
741,641
684,584
129,29
157,57
153,53
707,607
919,819
817,717
763,663
276,176
212,112
138,38
877,777
542,442
561,461
508,408
656,556
793,693
157,57
110,10
349,249
392,292
1030,930
511,411
794,694
199,99
412,312
948,848
986,886
560,460
143,43
1041,941
596,496
148,48
470,370
679,579
374,274
171,71
211,111
110,10
715,615
988,888
875,775
541,441
933,833
128,28
1015,915
562,462
846,746
964,864
972,872
470,370
997,897
1033,933
182,82
175,75
376,276
861,761
296,196
419,319
442,342
310,210
252,152
220,120
198,98
803,703
1041,941
954,854
724,624
789,689
446,346
883,783
590,490
268,168
658,558
1046,946
135,35
1016,916
179,79
902,802
130,30
768,668
110,10
179,79
132,32
438,338
151,51
524,424
867,767
505,405
792,692
772,672
776,676
419,319
562,462
538,438
515,415
355,255
564,464
189,89
870,770
623,523
783,683
473,373
649,549
246,146
997,897
262,162
737,637
542,442
495,395
939,839
886,786
243,143
122,22
164,64
569,469
405,305
1017,917
724,624
889,789
858,758
188,88
356,256
984,884
936,836
279,179
348,248
111,11
1090,990
603,503
102,2
426,326
696,596
655,555
206,106
668,568
140,40
1037,937
132,32
940,840
205,105
305,205
307,207
1042,942
616,516
862,762
287,187
1068,968
1036,936
647,547
169,69
956,856
544,444
980,880
716,616
1075,975
715,615
1067,967
313,213
230,130
710,610
730,630
888,788
723,623
1029,929
480,380
714,614
1042,942
507,407
185,85
204,104
1000,900
1043,943
426,326
980,880
501,401
226,126
1029,929
1011,911
326,226
725,625
849,749
480,380
563,463
921,821
689,589
325,225
1059,959
783,683
418,318
293,193
306,206
413,313
269,169
181,81
338,238
184,84
817,717
547,447
449,349
982,882
749,649
352,252
152,52
944,844
358,258
153,53
308,208
975,875
1047,947
985,885
630,530
399,299
127,27
413,313
525,425
597,497
695,595
513,413
191,91
479,379
254,154
395,295
563,463
569,469
822,722
537,437
198,98
649,549
1094,994
305,205
292,192
140,40
996,896
900,800
107,7
1086,986
503,403
589,489
261,161
164,64
161,61
118,18
911,811
372,272
429,329
651,551
490,390
270,170
971,871
201,101
685,585
814,714
841,741
1050,950
805,705
252,152
1077,977
821,721
371,271
337,237
709,609
1014,914
1082,982
247,147
669,569
784,684
157,57
614,514
750,650
892,792
951,851
1029,929
183,83
803,703
213,113
711,611
511,411
301,201
883,783
493,393
366,266
340,240
252,152
535,435
179,79
570,470
724,624
644,544
336,236
438,338
281,181
697,597
169,69
421,321
835,735
921,821
563,463
1084,984
837,737
826,726
768,668
917,817
817,717
256,156
845,745
591,491
837,737
194,94
411,311
619,519
1066,966
964,864
563,463
392,292
1000,900
967,867
239,139
145,45
1047,947
397,297
762,662
548,448
199,99
916,816
595,495
308,208
1034,934
693,593
317,217
528,428
227,127
268,168
457,357
233,133
753,653
192,92
270,170
801,701
1084,984
316,216
366,266
445,345
752,652
509,409
644,544
954,854
165,65
437,337
244,144
896,796
755,655
778,678
601,501
327,227
608,508
546,446
984,884
1004,904
576,476
641,541
410,310
770,670
905,805
711,611
353,253
367,267
1049,949
1044,944
535,435
776,676
133,33
788,688
188,88
921,821
923,823
1027,927
663,563
794,694
491,391
627,527
675,575
435,335
361,261
982,882
964,864
734,634
807,707
572,472
575,475
113,13
194,94
1052,952
782,682
684,584
546,446
722,622
432,332
970,870
133,33
128,28
855,755
1035,935
394,294
363,263
616,516
564,464
357,257
362,262
243,143
1067,967
723,623
1046,946
966,866
371,271
785,685
367,267
578,478
965,865
832,732
296,196
1004,904
1008,908
546,446
1077,977
734,634
132,32
169,69
1057,957
212,112
146,46
651,551
663,563
774,674
105,5
460,360
645,545
129,29
957,857
155,55
646,546
675,575
846,746
463,363
398,298
629,529
370,270
610,510
460,360
460,360
371,271
605,505
586,486
111,11
693,593
149,49
450,350
254,154
447,347
691,591
127,27
826,726
934,834
815,715
625,525
1029,929
123,23
210,110
866,766
1088,988
853,753
740,640
974,874
1088,988
1066,966
467,367
309,209
663,563
968,868
1087,987
1015,915
314,214
966,866
806,706
558,458
1089,989
850,750
110,10
263,163
352,252
875,775
635,535
881,781
300,200
327,227
582,482
540,440
594,494
998,898
483,383
263,163
161,61
936,836
484,384
107,7
878,778
891,791
810,710
213,113
198,98
275,175
349,249
348,248
769,669
237,137
555,455
173,73
716,616
1006,906
326,226
435,335
364,264
207,107
793,693
589,489
733,633
784,684
316,216
660,560
691,591
790,690
168,68
1003,903
1043,943
410,310
748,648
367,267
830,730
437,337
249,149
181,81
643,543
846,746
385,285
320,220
589,489
223,123
906,806
342,242
844,744
545,445
754,654
462,362
247,147
757,657
833,733
781,681
207,107
247,147
992,892
1062,962
513,413
626,526
241,141
577,477
148,48
945,845
168,68
871,771
271,171
995,895
758,658
205,105
978,878
547,447
917,817
1098,998
769,669
510,410
124,24
541,441
703,603
244,144
1094,994
996,896
752,652
973,873
828,728
440,340
817,717
514,414
948,848
337,237
932,832
1044,944
927,827
681,581
1069,969
523,423
385,285
600,500
295,195
144,44
1054,954
693,593
680,580
449,349
168,68
133,33
249,149
675,575
408,308
903,803
1033,933
1028,928
972,872
216,116
898,798
420,320
396,296
978,878
844,744
152,52
941,841
163,63
787,687
850,750
970,870
889,789
308,208
678,578
102,2
888,788
840,740
647,547
230,130
300,200
652,552
848,748
415,315
419,319
622,522
160,60
198,98
244,144
149,49
155,55
809,709
697,597
468,368
847,747
173,73
406,306
441,341
773,673
299,199
233,133
351,251
212,112
1018,918
889,789
999,899
203,103
225,125
390,290
722,622
124,24
894,794
698,598
194,94
529,429
1025,925
1074,974
981,881
478,378
724,624
1092,992
497,397
457,357
1083,983
267,167
659,559
277,177
335,235
802,702
200,100
347,247
1039,939
147,47
797,697
610,510
655,555
882,782
720,620
770,670
764,664
238,138
101,1
409,309
450,350
631,531
494,394
978,878
400,300
467,367
752,652
896,796
980,880
142,42
369,269
677,577
103,3
1052,952
160,60
664,564
287,187
858,758
589,489
767,667
864,764
631,531
524,424
928,828
1028,928
874,774
209,109
900,800
802,702
588,488
1058,958
490,390
634,534
870,770
375,275
188,88
924,824
318,218
978,878
707,607
718,618
764,664
323,223
1008,908
245,145
1028,928
358,258
927,827
522,422
671,571
515,415
956,856
836,736
200,100
201,101
634,534
901,801
704,604
627,527
297,197
294,194
989,889
230,130
327,227
490,390
953,853
445,345
429,329
936,836
563,463
328,228
216,116
279,179
215,115
229,129
455,355
695,595
921,821
563,463
778,678
186,86
135,35
444,344
598,498
400,300
278,178
258,158
995,895
213,113
655,555
905,805
531,431
826,726
914,814
660,560
322,222
890,790
462,362
133,33
939,839
449,349
485,385
1092,992
281,181
225,125
236,136
801,701
391,291
292,192
749,649
619,519
882,782
632,532
859,759
234,134
202,102
1072,972
331,231
204,104
118,18
522,422
933,833
1006,906
620,520
1042,942
348,248
874,774
690,590
136,36
986,886
428,328
670,570
715,615
714,614
851,751
963,863
527,427
586,486
134,34
691,591
984,884
415,315
1023,923
278,178
333,233
513,413
694,594
139,39
610,510
977,877
468,368
932,832
133,33
805,705
444,344
1093,993
766,666
964,864
1096,996
336,236
1039,939
921,821
390,290
874,774
1018,918
276,176
1058,958
202,102
280,180
887,787
947,847
1050,950
669,569
306,206
635,535
351,251
1010,910
1056,956
485,385
883,783
378,278
603,503
836,736
713,613
286,186
171,71
456,356
816,716
772,672
590,490
456,356
1049,949
855,755
826,726
799,699
468,368
695,595
176,76
500,400
320,220
447,347
1039,939
210,110
1042,942
850,750
916,816
871,771
576,476
373,273
897,797
116,16
369,269
356,256
511,411
261,161
358,258
254,154
509,409
115,15
114,14
1018,918
624,524
989,889
368,268
714,614
663,563
803,703
388,288
1069,969
960,860
681,581
802,702
1027,927
513,413
449,349
284,184
796,696
442,342
817,717
849,749
644,544
250,150
182,82
198,98
972,872
195,95
127,27
317,217
694,594
341,241
789,689
501,401
865,765
626,526
121,21
1076,976
614,514
479,379
950,850
854,754
1024,924
540,440
725,625
304,204
407,307
539,439
138,38
196,96
311,211
1074,974
259,159
906,806
1019,919
1054,954
249,149
795,695
922,822
187,87
494,394
785,685
935,835
1067,967
314,214
191,91
956,856
1017,917
1098,998
903,803
543,443
214,114
545,445
850,750
648,548
728,628
616,516
231,131
400,300
503,403
239,139
654,554
204,104
484,384
172,72
504,404
464,364
965,865
1091,991
407,307
215,115
678,578
253,153
624,524
969,869
586,486
579,479
932,832
269,169
387,287
347,247
980,880
873,773
388,288
942,842
552,452
574,474
313,213
1065,965
933,833
182,82
804,704
964,864
424,324
274,174
927,827
372,272
299,199
635,535
953,853
999,899
348,248
992,892
962,862
920,820
687,587
112,12
307,207
1071,971
284,184
353,253
622,522
666,566
925,825
428,328
1067,967
757,657
953,853
310,210
760,660
549,449
115,15
832,732
224,124
247,147
306,206
881,781
332,232
612,512
602,502
349,249
967,867
295,195
848,748
463,363
729,629
860,760
553,453
398,298
564,464
340,240
793,693
617,517
631,531
714,614
338,238
1090,990
547,447
727,627
221,121
116,16
638,538
196,96
909,809
928,828
862,762
1035,935
1016,916
783,683
646,546
123,23
760,660
470,370
687,587
212,112
909,809
461,361
208,108
964,864
233,133
478,378
587,487
422,322
870,770
698,598
113,13
558,458
1084,984
742,642
783,683
688,588
942,842
739,639
631,531
465,365
274,174
357,257
101,1
711,611
1021,921
780,680
1029,929
1071,971
140,40
825,725
672,572
957,857
958,858
433,333
609,509
318,218
125,25
457,357
222,122
196,96
946,846
669,569
399,299
994,894
136,36
432,332
552,452
153,53
769,669
102,2
219,119
725,625
641,541
954,854
382,282
967,867
109,9
529,429
919,819
246,146
540,440
1082,982
313,213
972,872
691,591
782,682
460,360
702,602
993,893
797,697
846,746
883,783
629,529
165,65
1020,920
811,711
881,781
681,581
603,503
696,596
284,184
718,618
377,277
273,173
285,185
151,51
208,108
1004,904
108,8
361,261
669,569
849,749
1069,969
1059,959
782,682
429,329
1002,902
976,876
253,153
903,803
859,759
735,635
347,247
936,836
733,633
783,683
990,890
837,737
123,23
441,341
224,124
951,851
250,150
583,483
472,372
770,670
786,686
471,371
978,878
269,169
660,560
968,868
1015,915
946,846
768,668
305,205
710,610
530,430
790,690
269,169
711,611
642,542
595,495
1093,993
966,866
468,368
139,39
335,235
402,302
973,873
389,289
457,357
571,471
154,54
915,815
113,13
795,695
599,499
591,491
280,180
983,883
474,374
375,275
140,40
323,223
116,16
171,71
208,108
884,784
238,138
743,643
335,235
899,799
839,739
534,434
371,271
650,550
605,505
364,264
944,844
178,78
859,759
317,217
102,2
558,458
746,646
1016,916
733,633
448,348
408,308
229,129
615,515
717,617
942,842
562,462
1099,999
179,79
915,815
581,481
1034,934
972,872
986,886
233,133
950,850
271,171
174,74
620,520
1066,966
802,702
474,374
628,528
914,814
274,174
587,487
722,622
181,81
1029,929
831,731
651,551
714,614
996,896
758,658
799,699
1080,980
381,281
236,136
426,326
588,488
764,664
537,437
204,104
1035,935
916,816
733,633
873,773
835,735
733,633
588,488
476,376
241,141
293,193
375,275
949,849
794,694
838,738
1074,974
498,398
372,272
623,523
1054,954
470,370
1065,965
693,593
335,235
477,377
217,117
621,521
471,371
484,384
1073,973
227,127
458,358
488,388
908,808
856,756
403,303
814,714
672,572
217,117
172,72
349,249
865,765
454,354
1059,959
580,480
256,156
913,813
872,772
864,764
613,513
815,715
368,268
400,300
724,624
1041,941
676,576
494,394
348,248
606,506
294,194
1016,916
690,590
160,60
142,42
644,544
471,371
1086,986
632,532
339,239
120,20
248,148
526,426
578,478
829,729
513,413
531,431
789,689
187,87
691,591
251,151
212,112
502,402
210,110
510,410
657,557
695,595
425,325
141,41
795,695
612,512
510,410
865,765
739,639
594,494
539,439
532,432
525,425
895,795
918,818
1005,905
477,377
999,899
206,106
588,488
499,399
826,726
212,112
254,154
909,809
357,257
303,203
508,408
633,533
778,678
409,309
234,134
939,839
657,557
532,432
675,575
128,28
478,378
182,82
789,689
118,18
944,844
440,340
549,449
396,296
646,546
626,526
641,541
206,106
161,61
437,337
560,460
306,206
342,242
846,746
201,101
669,569
324,224
709,609
257,157
787,687
890,790
701,601
556,456
346,246
530,430
933,833
355,255
434,334
645,545
581,481
649,549
857,757
291,191
670,570
241,141
746,646
430,330
177,77
358,258
228,128
104,4
318,218
1085,985
307,207
856,756
827,727
1045,945
941,841
150,50
324,224
316,216
1052,952
494,394
1004,904
429,329
477,377
217,117
669,569
282,182
340,240
534,434
554,454
908,808
217,117
955,855
458,358
878,778
246,146
537,437
825,725
191,91
410,310
326,226
626,526
405,305
104,4
352,252
294,194
349,249
743,643
898,798
381,281
942,842
729,629
1086,986
263,163
523,423
207,107
954,854
267,167
600,500
118,18
298,198
720,620
833,733
652,552
1057,957
661,561
926,826
403,303
818,718
183,83
656,556
970,870
462,362
111,11
1017,917
1002,902
470,370
303,203
117,17
1059,959
1087,987
120,20
155,55
781,681
960,860
235,135
1078,978
910,810
1024,924
575,475
827,727
481,381
410,310
104,4
249,149
1037,937
953,853
425,325
431,331
506,406
676,576
330,230
723,623
1004,904
1089,989
459,359
680,580
592,492
118,18
294,194
472,372
1091,991
343,243
938,838
567,467
980,880
670,570
479,379
1018,918
280,180
500,400
351,251
215,115
239,139
230,130
379,279
847,747
831,731
684,584
218,118
242,142
438,338
363,263
715,615
281,181
521,421
400,300
570,470
216,116
555,455
314,214
1048,948
452,352
640,540
123,23
319,219
106,6
582,482
775,675
102,2
660,560
229,129
1027,927
637,537
1049,949
253,153
405,305
728,628
130,30
232,132
407,307
528,428
463,363
406,306
717,617
864,764
1062,962
611,511
262,162
895,795
979,879
1039,939
701,601
671,571
142,42
546,446
890,790
607,507
337,237
469,369
610,510
479,379
290,190
842,742
351,251
920,820
615,515
609,509
1053,953
327,227
719,619
312,212
372,272
699,599
193,93
851,751
430,330
696,596
957,857
225,125
285,185
454,354
878,778
438,338
259,159
852,752
202,102
734,634
270,170
560,460
776,676
522,422
324,224
873,773
390,290
1021,921
1015,915
447,347
367,267
416,316
260,160
760,660
127,27
936,836
454,354
731,631
963,863
230,130
220,120
242,142
570,470
595,495
399,299
872,772
1017,917
1052,952
966,866
152,52
951,851
386,286
131,31
401,301
423,323
191,91
430,330
585,485
820,720
632,532
736,636
525,425
611,511
816,716
306,206
304,204
767,667
232,132
598,498
647,547
749,649
334,234
358,258
1098,998
910,810
240,140
206,106
1100,1000
310,210
1063,963
908,808
741,641
779,679
217,117
507,407
184,84
706,606
925,825
550,450
482,382
198,98
360,260
698,598
729,629
211,111
291,191
940,840
723,623
187,87
474,374
112,12
295,195
115,15
297,197
616,516
718,618
947,847
111,11
837,737
818,718
913,813
978,878
438,338
668,568
1082,982
325,225
489,389
1017,917
238,138
810,710
1100,1000
132,32
1009,909
809,709
1038,938
498,398
810,710
807,707
212,112
255,155
654,554
961,861
664,564
999,899
349,249
901,801
763,663
415,315
517,417
750,650
359,259
108,8
1026,926
235,135
365,265
485,385
705,605
868,768
541,441
793,693
1035,935
619,519
878,778
669,569
685,585
138,38
342,242
483,383
796,696
388,288
879,779
990,890
215,115
337,237
973,873
285,185
788,688
359,259
742,642
741,641
276,176
246,146
873,773
566,466
422,322
819,719
347,247
777,677
494,394
835,735
690,590
826,726
713,613
788,688
977,877
730,630
497,397
1088,988
1051,951
588,488
302,202
860,760
827,727
491,391
920,820
864,764
666,566
358,258
1008,908
1027,927
115,15
807,707
473,373
252,152
430,330
239,139
136,36
486,386
141,41
1087,987
642,542
690,590
908,808
443,343
434,334
595,495
895,795
360,260
630,530
266,166
221,121
708,608
698,598
730,630
171,71
508,408
510,410
802,702
718,618
289,189
800,700
392,292
806,706
1013,913
234,134
510,410
399,299
101,1
508,408
367,267
306,206
131,31
607,507
295,195
758,658
246,146
149,49
544,444
687,587
799,699
414,314
1027,927
506,406
919,819
594,494
958,858
320,220
189,89
996,896
629,529
562,462
327,227
1063,963
271,171
637,537
594,494
252,152
1025,925
826,726
190,90
648,548
755,655
802,702
680,580
528,428
412,312
1050,950
346,246
1096,996
816,716
726,626
384,284
418,318
274,174
817,717
871,771
182,82
346,246
310,210
630,530
588,488
174,74
860,760
979,879
948,848
936,836
278,178
978,878
586,486
962,862
138,38
1086,986
695,595
483,383
121,21
219,119
240,140
283,183
1100,1000
577,477
495,395
828,728
944,844
487,387
542,442
193,93
535,435
974,874
266,166
617,517
557,457
160,60
420,320
540,440
798,698
173,73
297,197
793,693
528,428
962,862
824,724
191,91
131,31
514,414
354,254
691,591
581,481
737,637
992,892
205,105
822,722
101,1
758,658
502,402
443,343
768,668
654,554
504,404
917,817
247,147
794,694
821,721
472,372
672,572
732,632
273,173
1008,908
939,839
961,861
500,400
1094,994
455,355
211,111
448,348
817,717
186,86
127,27
288,188
402,302
1093,993
883,783
444,344
677,577
520,420
828,728
793,693
606,506
750,650
557,457
855,755
895,795
411,311
197,97
643,543
1060,960
127,27
686,586
277,177
664,564
938,838
665,565
135,35
688,588
641,541
590,490
1069,969
145,45
498,398
1056,956
404,304
553,453
664,564
176,76
878,778
921,821
821,721
685,585
490,390
853,753
571,471
660,560
298,198
583,483
965,865
442,342
570,470
1068,968
265,165
593,493
895,795
437,337
1034,934
791,691
364,264
696,596
136,36
148,48
689,589
708,608
678,578
690,590
904,804
114,14
824,724
183,83
264,164
912,812
189,89
588,488
533,433
263,163
1071,971
118,18
392,292
166,66
407,307
157,57
207,107
625,525
507,407
246,146
349,249
192,92
820,720
323,223
502,402
512,412
1067,967
391,291
722,622
613,513
356,256
591,491
553,453
406,306
427,327
486,386
718,618
144,44
508,408
339,239
346,246
189,89
889,789
265,165
678,578
419,319
282,182
608,508
334,234
457,357
874,774
638,538
599,499
602,502
1085,985
1098,998
504,404
1030,930
802,702
582,482
344,244
276,176
138,38
961,861
1067,967
284,184
540,440
466,366
849,749
173,73
124,24
322,222
1011,911
526,426
135,35
174,74
158,58
336,236
477,377
833,733
170,70
723,623
454,354
1067,967
460,360
619,519
441,341
652,552
1077,977
125,25
661,561
703,603
755,655
386,286
1086,986
763,663
611,511
503,403
1043,943
531,431
590,490
466,366
1028,928
206,106
632,532
1001,901
555,455
126,26
1003,903
627,527
293,193
680,580
130,30
1034,934
900,800
762,662
111,11
881,781
543,443
683,583
710,610
430,330
907,807
157,57
1070,970
743,643
933,833
326,226
748,648
294,194
1014,914
521,421
610,510
745,645
218,118
461,361
974,874
937,837
189,89
106,6
513,413
850,750
439,339
590,490
999,899
111,11
151,51
702,602
899,799
1062,962
462,362
235,135
111,11
591,491
257,157
997,897
703,603
339,239
413,313
913,813
219,119
187,87
599,499
957,857
209,109
1047,947
387,287
894,794
158,58
524,424
1070,970
1055,955
426,326
1011,911
646,546
374,274
659,559
918,818
199,99
300,200
264,164
803,703
914,814
852,752
1088,988
450,350
299,199
244,144
190,90
210,110
1046,946
936,836
305,205
925,825
926,826
658,558
901,801
733,633
684,584
712,612
184,84
272,172
735,635
375,275
125,25
794,694
435,335
501,401
639,539
300,200
429,329
280,180
588,488
426,326
892,792
649,549
299,199
934,834
1075,975
596,496
855,755
627,527
164,64
714,614
415,315
694,594
263,163
765,665
1068,968
930,830
987,887
380,280
994,894
619,519
408,308
524,424
577,477
845,745
1008,908
565,465
262,162
607,507
571,471
796,696
1025,925
424,324
921,821
1054,954
295,195
487,387
663,563
1063,963
766,666
298,198
144,44
280,180
601,501
562,462
746,646
734,634
352,252
330,230
394,294
210,110
240,140
1098,998
145,45
747,647
746,646
669,569
170,70
869,769
529,429
879,779
201,101
550,450
194,94
811,711
927,827
386,286
104,4
151,51
461,361
434,334
207,107
462,362
331,231
284,184
495,395
775,675
958,858
731,631
986,886
265,165
682,582
882,782
322,222
885,785
772,672
127,27
329,229
472,372
675,575
1063,963
1055,955
1060,960
960,860
639,539
1049,949
968,868
745,645
660,560
354,254
660,560
957,857
539,439
876,776
686,586
696,596
769,669
872,772
1071,971
413,313
641,541
1079,979
643,543
537,437
603,503
875,775
1072,972
615,515
192,92
824,724
726,626
323,223
425,325
740,640
309,209
750,650
776,676
691,591
385,285
213,113
383,283
963,863
652,552
701,601
633,533
299,199
975,875
658,558
196,96
431,331
198,98
116,16
189,89
1009,909
537,437
584,484
480,380
528,428
1058,958
521,421
1000,900
1006,906
242,142
588,488
197,97
489,389
354,254
323,223
807,707
1097,997
848,748
726,626
954,854
572,472
691,591
726,626
1058,958
808,708
142,42
663,563
1030,930
721,621
116,16
928,828
841,741
570,470
806,706
567,467
1038,938
830,730
322,222
312,212
424,324
278,178
677,577
341,241
914,814
749,649
155,55
1055,955
716,616
491,391
151,51
445,345
861,761
518,418
886,786
422,322
598,498
757,657
865,765
610,510
706,606
795,695
1029,929
969,869
346,246
711,611
1044,944
463,363
257,157
173,73
162,62
256,156
184,84
403,303
874,774
832,732
623,523
484,384
307,207
1082,982
479,379
418,318
436,336
1009,909
557,457
430,330
652,552
675,575
346,246
132,32
515,415
911,811
301,201
1075,975
591,491
697,597
863,763
250,150
861,761
150,50
630,530
829,729
724,624
768,668
473,373
961,861
961,861
291,191
292,192
146,46
186,86
412,312
352,252
769,669
780,680
580,480
520,420
890,790
1062,962
758,658
597,497
765,665
462,362
741,641
818,718
522,422
109,9
791,691
964,864
279,179
417,317
821,721
971,871
844,744
686,586
375,275
519,419
382,282
1080,980
144,44
680,580
171,71
827,727
1013,913
702,602
814,714
492,392
127,27
1031,931
807,707
207,107
694,594
499,399
555,455
990,890
451,351
598,498
1046,946
250,150
851,751
1028,928
517,417
1026,926
434,334
323,223
396,296
963,863
392,292
1067,967
879,779
264,164
344,244
217,117
1004,904
525,425
193,93
271,171
641,541
191,91
191,91
794,694
203,103
946,846
208,108
492,392
816,716
832,732
1048,948
710,610
170,70
874,774
661,561
896,796
479,379
966,866
890,790
971,871
243,143
105,5
607,507
216,116
580,480
869,769
559,459
873,773
596,496
521,421
712,612
135,35
647,547
175,75
829,729
717,617
469,369
215,115
375,275
740,640
524,424
726,626
427,327
978,878
867,767
619,519
135,35
1089,989
460,360
121,21
553,453
486,386
765,665
176,76
572,472
507,407
373,273
1092,992
379,279
165,65
1088,988
388,288
916,816
559,459
330,230
364,264
334,234
152,52
550,450
263,163
120,20
555,455
151,51
754,654
668,568
127,27
790,690
816,716
391,291
914,814
940,840
780,680
873,773
645,545
897,797
285,185
1022,922
345,245
699,599
605,505
1032,932
764,664
1072,972
190,90
343,243
364,264
633,533
728,628
760,660
985,885
891,791
846,746
701,601
495,395
513,413
261,161
1085,985
393,293
502,402
168,68
739,639
292,192
202,102
856,756
439,339
971,871
394,294
361,261
207,107
303,203
728,628
990,890
1001,901
248,148
387,287
494,394
654,554
778,678
343,243
554,454
803,703
970,870
968,868
531,431
803,703
555,455
599,499
315,215
538,438
659,559
450,350
540,440
521,421
155,55
789,689
515,415
372,272
708,608
287,187
553,453
960,860
832,732
186,86
133,33
597,497
679,579
328,228
501,401
348,248
329,229
865,765
1051,951
947,847
439,339
282,182
733,633
765,665
911,811
470,370
740,640
536,436
695,595
1025,925
427,327
1089,989
924,824
197,97
698,598
893,793
893,793
810,710
885,785
678,578
578,478
873,773
324,224
1095,995
941,841
586,486
227,127
253,153
708,608
643,543
1044,944
443,343
111,11
312,212
635,535
780,680
737,637
116,16
145,45
186,86
939,839
837,737
1059,959
606,506
921,821
996,896
238,138
492,392
805,705
708,608
978,878
419,319
522,422
346,246
103,3
952,852
991,891
180,80
925,825
711,611
942,842
925,825
993,893
551,451
183,83
461,361
1001,901
935,835
330,230
758,658
694,594
893,793
262,162
118,18
1021,921
1035,935
122,22
1001,901
1100,1000
285,185
184,84
807,707
129,29
162,62
1019,919
761,661
1100,1000
264,164
1010,910
767,667
144,44
450,350
1014,914
730,630
683,583
129,29
774,674
672,572
947,847
107,7
482,382
528,428
824,724
1100,1000
548,448
1041,941
181,81
1082,982
346,246
255,155
225,125
803,703
627,527
317,217
190,90
221,121
585,485
186,86
151,51
585,485
587,487
909,809
851,751
1054,954
501,401
222,122
270,170
866,766
1089,989
805,705
570,470
952,852
714,614
1094,994
644,544
483,383
874,774
819,719
110,10
537,437
1032,932
965,865
885,785
454,354
723,623
587,487
777,677
990,890
203,103
836,736
431,331
543,443
940,840
484,384
690,590
314,214
412,312
413,313
281,181
1074,974
748,648
225,125
328,228
138,38
237,137
704,604
416,316
272,172
232,132
627,527
1085,985
1022,922
167,67
789,689
624,524
474,374
826,726
502,402
594,494
262,162
765,665
475,375
221,121
522,422
448,348
905,805
890,790
618,518
485,385
976,876
766,666
417,317
229,129
1048,948
610,510
618,518
480,380
707,607
281,181
141,41
426,326
790,690
930,830
820,720
581,481
881,781
215,115
509,409
334,234
122,22
562,462
873,773
929,829
866,766
439,339
575,475
1039,939
352,252
713,613
707,607
1039,939
160,60
846,746
768,668
1044,944
882,782
250,150
151,51
982,882
240,140
323,223
658,558
124,24
218,118
699,599
387,287
985,885
673,573
131,31
409,309
930,830
942,842
834,734
623,523
878,778
533,433
822,722
991,891
529,429
868,768
1100,1000
568,468
112,12
440,340
901,801
149,49
234,134
612,512
240,140
1085,985
159,59
706,606
743,643
581,481
280,180
777,677
696,596
942,842
256,156
766,666
700,600
783,683
375,275
749,649
1054,954
633,533
670,570
404,304
309,209
189,89
277,177
948,848
600,500
485,385
1086,986
1023,923
823,723
551,451
365,265
835,735
435,335
194,94
385,285
971,871
436,336
254,154
715,615
956,856
414,314
968,868
1074,974
765,665
109,9
982,882
172,72
333,233
523,423
958,858
309,209
666,566
708,608
959,859
186,86
345,245
144,44
1026,926
349,249
971,871
693,593
999,899
910,810
591,491
1030,930
828,728
1075,975
286,186
208,108
1061,961
999,899
272,172
1049,949
522,422
674,574
237,137
288,188
502,402
623,523
244,144
969,869
1085,985
589,489
455,355
842,742
568,468
629,529
820,720
452,352
752,652
705,605
809,709
261,161
909,809
615,515
1088,988
733,633
375,275
194,94
434,334
572,472
653,553
591,491
500,400
363,263
906,806
951,851
775,675
132,32
564,464
857,757
397,297
691,591
671,571
319,219
343,243
719,619
367,267
498,398
985,885
352,252
432,332
751,651
1025,925
1086,986
996,896
944,844
940,840
326,226
686,586
886,786
947,847
178,78
220,120
359,259
596,496
952,852
714,614
585,485
818,718
294,194
492,392
609,509
1027,927
431,331
989,889
234,134
694,594
138,38
575,475
906,806
952,852
1084,984
19831
16179
16690
13950
14917
1849
20806
7792
6379
10323
1489
21416
2328
3264
46
22042
12537
652
7761
17088
8668
10926
4238
11027
3119
13648
4064
8123
4639
7625
4739
6750
19481
3218
2344
21127
3921
3111
9580
6747
21175
20526
9549
19785
7403
12141
2584
8113
5358
4917
5697
9415
1307
10759
14671
4058
14660
11254
17766
9115
15366
9859
19134
9228
17778
2130
2910
14054
9141
9759
14627
19404
13577
15234
13258
790
4668
11188
13359
4839
18430
14770
14905
84
5085
16213
18884
3364
15160
1083
16246
9634
17026
2669
4431
18104
3669
3753
1569
11002
17320
8604
9947
13941
6884
1224
4419
17806
7369
2877
15326
12793
15182
3462
9711
10978
15348
5357
1184
7273
12780
14472
6334
5600
15531
1983
15126
2596
13767
10853
1791
7621
11331
14771
1641
15913
12436
4760
909
7646
6365
4226
10640
6065
15642
8041
5516
2166
2420
14577
12704
14261
8871
5000
9334
1149
9383
7848
4571
1672
1562
12306
2095
11884
16166
11255
12817
10068
2842
3890
8569
12957
11401
12158
3947
13893
15059
15021
14918
11433
3686
13968
2253
604
13180
1466
6970
13519
5027
14487
4914
8022
14460
6055
9285
4456
4723
3902
8962
11420
4670
9575
10827
4626
1188
14473
5894
4820
13709
9459
12807
12545
12641
11423
7725
5360
12872
2015
41
6169
2091
7506
13739
1815
6674
3003
8415
334
7154
12851
9509
4597
4170
3574
9101
4702
9360
10624
1222
117
2974
4465
1640
2248
10172
3921
10783
3973
8582
7909
11060
1293
7766
1116
5930
1347
6757
6513
3177
6168
6475
3709
3151
565
6088
5869
3746
7436
3521
2505
2478
627
11838
2370
11364
9448
9378
3536
6758
2647
8220
10211
9146
7182
10270
10737
7342
1368
4845
5448
11100
9064
8992
1119
4229
2912
10509
7965
5746
9050
8692
2818
3530
3345
7354
9385
4832
5951
10612
7497
8691
6201
926
3944
6861
4053
2741
378
10815
2010
6988
7182
8109
2806
1544
1405
8808
8401
9685
8927
8699
6124
701
6499
9240
4873
906
4503
3590
4724
1307
6501
88
6267
7625
5755
278
2675
5676
6564
886
7522
9589
719
659
8408
9710
1790
6205
5393
3928
1646
7836
7737
2909
1296
6216
5298
4408
3669
3930
2673
1577
6775
4952
8781
6231
4731
4902
1031
3813
302
9300
2194
6807
8012
1102
8611
8231
7048
2932
8855
984
76
8603
8207
1139
6140
70
949
