9378,9378
4982,4982
592,592
7979,7979
9750,9750
7358,7358
4064,4064
8205,8205
6684,6684
1290,1290
9882,9882
8814,8814
7232,7232
4708,4708
8747,8747
4793,4793
3544,3544
7254,7254
8436,8436
8877,8877
3385,3385
283,283
6791,6791
2479,2479
6602,6602
5101,5101
6020,6020
9741,9741
1842,1842
5238,5238
7891,7891
6923,6923
4489,4489
2089,2089
8632,8632
4323,4323
9030,9030
8254,8254
5471,5471
4475,4475
4434,4434
7846,7846
1002,1002
3797,3797
2785,2785
7327,7327
7152,7152
1883,1883
4010,4010
8159,8159
4485,4485
8457,8457
2227,2227
1137,1137
4378,4378
9939,9939
8887,8887
8012,8012
433,433
1308,1308
9326,9326
6776,6776
7501,7501
8289,8289
7812,7812
6799,6799
8391,8391
6092,6092
7719,7719
782,782
4421,4421
6810,6810
985,985
4224,4224
1747,1747
4819,4819
3854,3854
6370,6370
6425,6425
1646,1646
3494,3494
9308,9308
6959,6959
4486,4486
8249,8249
8586,8586
6319,6319
6042,6042
3300,3300
7821,7821
9968,9968
7954,7954
5818,5818
2228,2228
2171,2171
4826,4826
8399,8399
3247,3247
6330,6330
6781,6781
8677,8677
7241,7241
4791,4791
5416,5416
958,958
2052,2052
9938,9938
360,360
7114,7114
1872,1872
90,90
3885,3885
5951,5951
3549,3549
9685,9685
8273,8273
610,610
4150,4150
9385,9385
9374,9374
898,898
3058,3058
4775,4775
7960,7960
7584,7584
5768,5768
9931,9931
2611,2611
6378,6378
6201,6201
4570,4570
8844,8844
2356,2356
138,138
5899,5899
3693,3693
1121,1121
5177,5177
6656,6656
909,909
8140,8140
8205,8205
7045,7045
3147,3147
2022,2022
1671,1671
3464,3464
3593,3593
2684,2684
615,615
6465,6465
8668,8668
3463,3463
5456,5456
6310,6310
9295,9295
1302,1302
7410,7410
7173,7173
9945,9945
1111,1111
831,831
5234,5234
1620,1620
7137,7137
4576,4576
611,611
7606,7606
3716,3716
6778,6778
6542,6542
3244,3244
3121,3121
7545,7545
3727,3727
3916,3916
9943,9943
100,100
6618,6618
7715,7715
3553,3553
3922,3922
6438,6438
2610,2610
9523,9523
405,405
6756,6756
1845,1845
3935,3935
3124,3124
4435,4435
8706,8706
2860,2860
8003,8003
1513,1513
10,10
8065,8065
5717,5717
1803,1803
1813,1813
6373,6373
8997,8997
5134,5134
677,677
9391,9391
3082,3082
7537,7537
5804,5804
633,633
282,282
6994,6994
3611,3611
6010,6010
1720,1720
8331,8331
5843,5843
289,289
5279,5279
4153,4153
7308,7308
8894,8894
7054,7054
6399,6399
504,504
4289,4289
8224,8224
9801,9801
3560,3560
6247,6247
8780,8780
2790,2790
3476,3476
9251,9251
4697,4697
5016,5016
6031,6031
4944,4944
1525,1525
5190,5190
76,76
9539,9539
3859,3859
226,226
7247,7247
8691,8691
5384,5384
3765,3765
4380,4380
4185,4185
2420,2420
4114,4114
2265,2265
3482,3482
9194,9194
694,694
6226,6226
7149,7149
2575,2575
1409,1409
4537,4537
5570,5570
108,108
9863,9863
4793,4793
2640,2640
1801,1801
9378,9378
4576,4576
1007,1007
9971,9971
9118,9118
5025,5025
8311,8311
929,929
9496,9496
4096,4096
5969,5969
8698,8698
3778,3778
7988,7988
6395,6395
4828,4828
3445,3445
4148,4148
4893,4893
1289,1289
7181,7181
690,690
7953,7953
5116,5116
5966,5966
6669,6669
2114,2114
1560,1560
7366,7366
4796,4796
3340,3340
9104,9104
7953,7953
8628,8628
7519,7519
170,170
6623,6623
6194,6194
923,923
3424,3424
6056,6056
652,652
4998,4998
8709,8709
4878,4878
3333,3333
9508,9508
3500,3500
7628,7628
9132,9132
183,183
656,656
8217,8217
7174,7174
9630,9630
7040,7040
3864,3864
7984,7984
190,190
1766,1766
4074,4074
5923,5923
2582,2582
2781,2781
8278,8278
4980,4980
7434,7434
7436,7436
5548,5548
8813,8813
4674,4674
5756,5756
5903,5903
3806,3806
9890,9890
7102,7102
620,620
7343,7343
3058,3058
6389,6389
8097,8097
9893,9893
2215,2215
9846,9846
7808,7808
6641,6641
6631,6631
1877,1877
8294,8294
1694,1694
7986,7986
9240,9240
9485,9485
8642,8642
6479,6479
7612,7612
4089,4089
5916,5916
48,48
3979,3979
9321,9321
8228,8228
6160,6160
6210,6210
1527,1527
8826,8826
8749,8749
6461,6461
7835,7835
7359,7359
3953,3953
2910,2910
7098,7098
8394,8394
6534,6534
377,377
7767,7767
4111,4111
2303,2303
6567,6567
2871,2871
9701,9701
1293,1293
8846,8846
7302,7302
9266,9266
4129,4129
9660,9660
1526,1526
9935,9935
9267,9267
8544,8544
6771,6771
4501,4501
3422,3422
1211,1211
6268,6268
374,374
9659,9659
9975,9975
5043,5043
9056,9056
8655,8655
4067,4067
5505,5505
4826,4826
4904,4904
7234,7234
8935,8935
2419,2419
5001,5001
1442,1442
1272,1272
8235,8235
4556,4556
5864,5864
5379,5379
3836,3836
7400,7400
6308,6308
3735,3735
5343,5343
944,944
2946,2946
7692,7692
3072,3072
7784,7784
6337,6337
4504,4504
2896,2896
435,435
3738,3738
6346,6346
9412,9412
2425,2425
4150,4150
9000,9000
5279,5279
1138,1138
7988,7988
4232,4232
4144,4144
9950,9950
3579,3579
7373,7373
7173,7173
7682,7682
2568,2568
9826,9826
626,626
5291,5291
922,922
693,693
3923,3923
3839,3839
3280,3280
7905,7905
2570,2570
4640,4640
7940,7940
8730,8730
977,977
915,915
1322,1322
6327,6327
3309,3309
7270,7270
3944,3944
8051,8051
8412,8412
235,235
2431,2431
7480,7480
5574,5574
6597,6597
7386,7386
6437,6437
1339,1339
1621,1621
2331,2331
4944,4944
8372,8372
1892,1892
3466,3466
3488,3488
3644,3644
2820,2820
4058,4058
2251,2251
8045,8045
9204,9204
8852,8852
9275,9275
8229,8229
4737,4737
4386,4386
9540,9540
4760,4760
8689,8689
9328,9328
9045,9045
8103,8103
362,362
8398,8398
2895,2895
8700,8700
7958,7958
9928,9928
85,85
57,57
6886,6886
7007,7007
5211,5211
4117,4117
3056,3056
2913,2913
2342,2342
6396,6396
866,866
9644,9644
2913,2913
5297,5297
8596,8596
3589,3589
9341,9341
1796,1796
9240,9240
6880,6880
9919,9919
8899,8899
9659,9659
1549,1549
4157,4157
8867,8867
9928,9928
56,56
9871,9871
2406,2406
6692,6692
9053,9053
4609,4609
6151,6151
1896,1896
4384,4384
7703,7703
8370,8370
2804,2804
3435,3435
8630,8630
791,791
9910,9910
5371,5371
412,412
3099,3099
7917,7917
1109,1109
5538,5538
4807,4807
9081,9081
5985,5985
7176,7176
670,670
9326,9326
7955,7955
5309,5309
6252,6252
9821,9821
9734,9734
3182,3182
7538,7538
6693,6693
1523,1523
1991,1991
5260,5260
1063,1063
3879,3879
9376,9376
5078,5078
1863,1863
8513,8513
8296,8296
8295,8295
7702,7702
3632,3632
7058,7058
7226,7226
5082,5082
1598,1598
1319,1319
6647,6647
6454,6454
6411,6411
2510,2510
8007,8007
129,129
103,103
7802,7802
3125,3125
1526,1526
5664,5664
10,10
4925,4925
3795,3795
5266,5266
3735,3735
2005,2005
7515,7515
306,306
1659,1659
7304,7304
8632,8632
9292,9292
1555,1555
1681,1681
953,953
7314,7314
990,990
7703,7703
246,246
5067,5067
753,753
8030,8030
1976,1976
1129,1129
1719,1719
2439,2439
3743,3743
8850,8850
3705,3705
2283,2283
1153,1153
4290,4290
902,902
3810,3810
317,317
1143,1143
533,533
6909,6909
7079,7079
571,571
936,936
8620,8620
5205,5205
4954,4954
6706,6706
6234,6234
5720,5720
3686,3686
8611,8611
8128,8128
8621,8621
3139,3139
1375,1375
1449,1449
7189,7189
2023,2023
8784,8784
2541,2541
7278,7278
914,914
7320,7320
7204,7204
6711,6711
3119,3119
3184,3184
935,935
7651,7651
1813,1813
3654,3654
338,338
1155,1155
432,432
3136,3136
6028,6028
9632,9632
401,401
8886,8886
9358,9358
1195,1195
7680,7680
5232,5232
8780,8780
1727,1727
1959,1959
2280,2280
5873,5873
3172,3172
874,874
1905,1905
5031,5031
8009,8009
3720,3720
613,613
5904,5904
3922,3922
9467,9467
7771,7771
6091,6091
6319,6319
466,466
9470,9470
9532,9532
6489,6489
5225,5225
5505,5505
7303,7303
1464,1464
8715,8715
4510,4510
6114,6114
7150,7150
1227,1227
8225,8225
6535,6535
4045,4045
9634,9634
8204,8204
4335,4335
7675,7675
7067,7067
8294,8294
723,723
35,35
66,66
8882,8882
4629,4629
9690,9690
121,121
5891,5891
4282,4282
5122,5122
9210,9210
3135,3135
1085,1085
1115,1115
3165,3165
1366,1366
7448,7448
4838,4838
3926,3926
4852,4852
2543,2543
2969,2969
7279,7279
1929,1929
9501,9501
3597,3597
6412,6412
7330,7330
9120,9120
1953,1953
4437,4437
7350,7350
8407,8407
3827,3827
8202,8202
9113,9113
4789,4789
7405,7405
9993,9993
4002,4002
9713,9713
5227,5227
4437,4437
472,472
6411,6411
2805,2805
5347,5347
8343,8343
9607,9607
1537,1537
5230,5230
2572,2572
8517,8517
1999,1999
441,441
2313,2313
9190,9190
5152,5152
927,927
7642,7642
9990,9990
3978,3978
9675,9675
5968,5968
4734,4734
4522,4522
9811,9811
4757,4757
6277,6277
9520,9520
1652,1652
8349,8349
2124,2124
3300,3300
108,108
3599,3599
3758,3758
7512,7512
1043,1043
5044,5044
6292,6292
7895,7895
1145,1145
2226,2226
9899,9899
8301,8301
3817,3817
2212,2212
6856,6856
9040,9040
38,38
9015,9015
6970,6970
7870,7870
227,227
227,227
4344,4344
1,1
6956,6956
7095,7095
7523,7523
7845,7845
2660,2660
5875,5875
1053,1053
1322,1322
4070,4070
1021,1021
1784,1784
3586,3586
1871,1871
5813,5813
2779,2779
5366,5366
4341,4341
337,337
6605,6605
4129,4129
1362,1362
6161,6161
9073,9073
1397,1397
3270,3270
8769,8769
682,682
643,643
1180,1180
8259,8259
9912,9912
7498,7498
5976,5976
778,778
1777,1777
3840,3840
4748,4748
6209,6209
4206,4206
6152,6152
2843,2843
6135,6135
3241,3241
6754,6754
2669,2669
7555,7555
5150,5150
6160,6160
5858,5858
1030,1030
8809,8809
9448,9448
6995,6995
7041,7041
8320,8320
5853,5853
9643,9643
5714,5714
6055,6055
702,702
1293,1293
8293,8293
4406,4406
8484,8484
2077,2077
3440,3440
6448,6448
2969,2969
8133,8133
8003,8003
5295,5295
2819,2819
6212,6212
1735,1735
9219,9219
5941,5941
5693,5693
2276,2276
5058,5058
1542,1542
8048,8048
3829,3829
1224,1224
2452,2452
4127,4127
484,484
8177,8177
3585,3585
6372,6372
1795,1795
1882,1882
5618,5618
8308,8308
3904,3904
443,443
2119,2119
9185,9185
438,438
3241,3241
6889,6889
3937,3937
7211,7211
4592,4592
5167,5167
2484,2484
7475,7475
7917,7917
3215,3215
7615,7615
4297,4297
7718,7718
1673,1673
5555,5555
5893,5893
4754,4754
991,991
2258,2258
1932,1932
7858,7858
6690,6690
9906,9906
1971,1971
3544,3544
7440,7440
8127,8127
7774,7774
2546,2546
2416,2416
7728,7728
6646,6646
7452,7452
5556,5556
5355,5355
4320,4320
1863,1863
656,656
20,20
5,5
266,266
5113,5113
2656,2656
5868,5868
4735,4735
8995,8995
8450,8450
9635,9635
661,661
6235,6235
3243,3243
7694,7694
282,282
2300,2300
4197,4197
9291,9291
8218,8218
5993,5993
676,676
8936,8936
9457,9457
212,212
4913,4913
7108,7108
1044,1044
2842,2842
1268,1268
5337,5337
6879,6879
9453,9453
6915,6915
5687,5687
5848,5848
3180,3180
4977,4977
2684,2684
8774,8774
6735,6735
7913,7913
10000,10000
4500,4500
3172,3172
6461,6461
973,973
9312,9312
5493,5493
1389,1389
9584,9584
9146,9146
7412,7412
2509,2509
8573,8573
21,21
1514,1514
342,342
8751,8751
6107,6107
9777,9777
8255,8255
6050,6050
6929,6929
7295,7295
1220,1220
4646,4646
8237,8237
1336,1336
3684,3684
4625,4625
1102,1102
4714,4714
3913,3913
9896,9896
6408,6408
7734,7734
5097,5097
9417,9417
8138,8138
2401,2401
6083,6083
3685,3685
7258,7258
6500,6500
9150,9150
4759,4759
768,768
3757,3757
537,537
6860,6860
3709,3709
6505,6505
2582,2582
937,937
2263,2263
2768,2768
8877,8877
4452,4452
5324,5324
8910,8910
155,155
6652,6652
1259,1259
2008,2008
1567,1567
3734,3734
4948,4948
9557,9557
7424,7424
574,574
9341,9341
6416,6416
8382,8382
1085,1085
866,866
1432,1432
3839,3839
704,704
2314,2314
6587,6587
2298,2298
5908,5908
2460,2460
2330,2330
5781,5781
5742,5742
8808,8808
4241,4241
5476,5476
1376,1376
6987,6987
5652,5652
9165,9165
4950,4950
2119,2119
4161,4161
3488,3488
600,600
9915,9915
1580,1580
6447,6447
7057,7057
5079,5079
6256,6256
597,597
2298,2298
2109,2109
2521,2521
9477,9477
6630,6630
4501,4501
2107,2107
762,762
8795,8795
7050,7050
5003,5003
3375,3375
62,62
471,471
9000,9000
7833,7833
3326,3326
2006,2006
4040,4040
5854,5854
5297,5297
7666,7666
2824,2824
6192,6192
2371,2371
7995,7995
1420,1420
3104,3104
6397,6397
4804,4804
4147,4147
5493,5493
4638,4638
5375,5375
6472,6472
3025,3025
7919,7919
7213,7213
3051,3051
6668,6668
1077,1077
7310,7310
5216,5216
9318,9318
5753,5753
85,85
3725,3725
6814,6814
2145,2145
7609,7609
439,439
4757,4757
6014,6014
1096,1096
4192,4192
7113,7113
9219,9219
9702,9702
1818,1818
9733,9733
1232,1232
2272,2272
6404,6404
4709,4709
1018,1018
7167,7167
5203,5203
3117,3117
6363,6363
1601,1601
9364,9364
3203,3203
652,652
3649,3649
7309,7309
1986,1986
1665,1665
3528,3528
9699,9699
5576,5576
1631,1631
9210,9210
5761,5761
1346,1346
9738,9738
5766,5766
8956,8956
6766,6766
3831,3831
4491,4491
6873,6873
299,299
7514,7514
8644,8644
6190,6190
2838,2838
5482,5482
280,280
4327,4327
2077,2077
5622,5622
777,777
4172,4172
9475,9475
5032,5032
3770,3770
417,417
1001,1001
3534,3534
2078,2078
9475,9475
6776,6776
8262,8262
9486,9486
3849,3849
5451,5451
1783,1783
2758,2758
1838,1838
3971,3971
5761,5761
7599,7599
1117,1117
6546,6546
9410,9410
4566,4566
3281,3281
7761,7761
4402,4402
1980,1980
7746,7746
6831,6831
5095,5095
5963,5963
9937,9937
2699,2699
732,732
787,787
4950,4950
7137,7137
7052,7052
8011,8011
1424,1424
9184,9184
7458,7458
2721,2721
8788,8788
6928,6928
9295,9295
493,493
4411,4411
3270,3270
1147,1147
2828,2828
1082,1082
7804,7804
5748,5748
3957,3957
6370,6370
827,827
4716,4716
2875,2875
7871,7871
8316,8316
3869,3869
6314,6314
9688,9688
407,407
5117,5117
3062,3062
3971,3971
2707,2707
3747,3747
4976,4976
7477,7477
5499,5499
1727,1727
7091,7091
9578,9578
548,548
4888,4888
8204,8204
6773,6773
6751,6751
6052,6052
6298,6298
139,139
1360,1360
3387,3387
7777,7777
8888,8888
9574,9574
7093,7093
7818,7818
5463,5463
9592,9592
5067,5067
2634,2634
4821,4821
5327,5327
6169,6169
3817,3817
5875,5875
1856,1856
7540,7540
2087,2087
8603,8603
1870,1870
5614,5614
6526,6526
8835,8835
2005,2005
6452,6452
2574,2574
9482,9482
4618,4618
3002,3002
4010,4010
4936,4936
1081,1081
9116,9116
4981,4981
8248,8248
7323,7323
3211,3211
2127,2127
8742,8742
7203,7203
878,878
6687,6687
7677,7677
7241,7241
6195,6195
3423,3423
5068,5068
1799,1799
8058,8058
5695,5695
8551,8551
9551,9551
9466,9466
8551,8551
4031,4031
2798,2798
1286,1286
5541,5541
6239,6239
7791,7791
4840,4840
8877,8877
6091,6091
611,611
1634,1634
9338,9338
1571,1571
7922,7922
4596,4596
9681,9681
1424,1424
3002,3002
7572,7572
8776,8776
320,320
9625,9625
4628,4628
8004,8004
6259,6259
1934,1934
2511,2511
8636,8636
5868,5868
3079,3079
3359,3359
5102,5102
7455,7455
864,864
9084,9084
4519,4519
6083,6083
4678,4678
9279,9279
794,794
7490,7490
7315,7315
2565,2565
1565,1565
1397,1397
2994,2994
4174,4174
3656,3656
1681,1681
8,8
6939,6939
6171,6171
7477,7477
3933,3933
8820,8820
8243,8243
9647,9647
6121,6121
1580,1580
6049,6049
4912,4912
7745,7745
5602,5602
2150,2150
2769,2769
1515,1515
9316,9316
5814,5814
8357,8357
5276,5276
6567,6567
9378,9378
1126,1126
7427,7427
6173,6173
4792,4792
122,122
9091,9091
3784,3784
6367,6367
7836,7836
7018,7018
5452,5452
6015,6015
8052,8052
7638,7638
988,988
3415,3415
8714,8714
7693,7693
7137,7137
8906,8906
6341,6341
3776,3776
6492,6492
4604,4604
9038,9038
1015,1015
5895,5895
8080,8080
2294,2294
9700,9700
9807,9807
1132,1132
1363,1363
9822,9822
1058,1058
9413,9413
3150,3150
8468,8468
2609,2609
8626,8626
389,389
371,371
7609,7609
3588,3588
8094,8094
6085,6085
8542,8542
7670,7670
9239,9239
3082,3082
856,856
3666,3666
7838,7838
2325,2325
6078,6078
8588,8588
2949,2949
8233,8233
3579,3579
1781,1781
6634,6634
5202,5202
4635,4635
4479,4479
765,765
3809,3809
9320,9320
9387,9387
8072,8072
5188,5188
9183,9183
8964,8964
7130,7130
8493,8493
6208,6208
6618,6618
1186,1186
1630,1630
6770,6770
8729,8729
5732,5732
9120,9120
8192,8192
2228,2228
777,777
1367,1367
6979,6979
343,343
4025,4025
22,22
8240,8240
6637,6637
4010,4010
3765,3765
3922,3922
9535,9535
4914,4914
1785,1785
5313,5313
636,636
734,734
3219,3219
7418,7418
3076,3076
1029,1029
9044,9044
3722,3722
7766,7766
9677,9677
1200,1200
6511,6511
4387,4387
3117,3117
4644,4644
2396,2396
914,914
2793,2793
3844,3844
5096,5096
7930,7930
490,490
8519,8519
2385,2385
1894,1894
8221,8221
1932,1932
5160,5160
6107,6107
5320,5320
5902,5902
6917,6917
6789,6789
4881,4881
5799,5799
9042,9042
5518,5518
1569,1569
3704,3704
9445,9445
7304,7304
2283,2283
3419,3419
555,555
1608,1608
8004,8004
4459,4459
3222,3222
395,395
4149,4149
8892,8892
6192,6192
2205,2205
6825,6825
1330,1330
679,679
4061,4061
7435,7435
4456,4456
2339,2339
2403,2403
7059,7059
3568,3568
2138,2138
6191,6191
6284,6284
4246,4246
6440,6440
1607,1607
7201,7201
7771,7771
1462,1462
3016,3016
7487,7487
6590,6590
2013,2013
2195,2195
1630,1630
272,272
4312,4312
4920,4920
8248,8248
3934,3934
9523,9523
2743,2743
3455,3455
1425,1425
5977,5977
3964,3964
952,952
4028,4028
8093,8093
5718,5718
6236,6236
2393,2393
7463,7463
3551,3551
3435,3435
8134,8134
8696,8696
6878,6878
7411,7411
2603,2603
2818,2818
9151,9151
2235,2235
4990,4990
249,249
968,968
3484,3484
2141,2141
7540,7540
5280,5280
6910,6910
6217,6217
6158,6158
2283,2283
9717,9717
6049,6049
4103,4103
8637,8637
9041,9041
215,215
6033,6033
2361,2361
9453,9453
2028,2028
72,72
4912,4912
4718,4718
9553,9553
337,337
9859,9859
603,603
8565,8565
7984,7984
9192,9192
1407,1407
2943,2943
4739,4739
2136,2136
9728,9728
4778,4778
5930,5930
1684,1684
441,441
5849,5849
4669,4669
3084,3084
3811,3811
8333,8333
1266,1266
8946,8946
7737,7737
7562,7562
8880,8880
4728,4728
2019,2019
6572,6572
5462,5462
4347,4347
4430,4430
2348,2348
4963,4963
7034,7034
2340,2340
9825,9825
3829,3829
2255,2255
8111,8111
4265,4265
4088,4088
5248,5248
1510,1510
3220,3220
2587,2587
413,413
6619,6619
7850,7850
6078,6078
9436,9436
5531,5531
9137,9137
9136,9136
5965,5965
5854,5854
5003,5003
7552,7552
2567,2567
9862,9862
2122,2122
9123,9123
3393,3393
9502,9502
4991,4991
5884,5884
5365,5365
433,433
2019,2019
1867,1867
8001,8001
8842,8842
1089,1089
3102,3102
4809,4809
4507,4507
7776,7776
292,292
6410,6410
3598,3598
2827,2827
6826,6826
6648,6648
831,831
5686,5686
4389,4389
6785,6785
9779,9779
465,465
431,431
6314,6314
774,774
1988,1988
4238,4238
5002,5002
5510,5510
2476,2476
4051,4051
2549,2549
1613,1613
868,868
5446,5446
6629,6629
8449,8449
7711,7711
2511,2511
9851,9851
148,148
2869,2869
3893,3893
3045,3045
2552,2552
6569,6569
2797,2797
5974,5974
72,72
3144,3144
9589,9589
399,399
3731,3731
405,405
1331,1331
8588,8588
4814,4814
6963,6963
7744,7744
947,947
6937,6937
8147,8147
8534,8534
8534,8534
3459,3459
387,387
7975,7975
7604,7604
6191,6191
1014,1014
3766,3766
7583,7583
1520,1520
2931,2931
1665,1665
1364,1364
6212,6212
8717,8717
2428,2428
9530,9530
773,773
767,767
4810,4810
9030,9030
4531,4531
3508,3508
5691,5691
9736,9736
4686,4686
631,631
9640,9640
4938,4938
3751,3751
8275,8275
4124,4124
9422,9422
6359,6359
2463,2463
9296,9296
6557,6557
7720,7720
9604,9604
5702,5702
1929,1929
7108,7108
5205,5205
4332,4332
6391,6391
3565,3565
3143,3143
1637,1637
9242,9242
7320,7320
3352,3352
6461,6461
1283,1283
7627,7627
8043,8043
1017,1017
1672,1672
4505,4505
7413,7413
5376,5376
6502,6502
8155,8155
8550,8550
7224,7224
3937,3937
5387,5387
1920,1920
7293,7293
615,615
6759,6759
8166,8166
5243,5243
3640,3640
9540,9540
4111,4111
7931,7931
3562,3562
5375,5375
3742,3742
6967,6967
1580,1580
4886,4886
2848,2848
8263,8263
2224,2224
6286,6286
4985,4985
5770,5770
3095,3095
9998,9998
7377,7377
581,581
681,681
2099,2099
2964,2964
3161,3161
7393,7393
1058,1058
3675,3675
4091,4091
2016,2016
4371,4371
6069,6069
7090,7090
2064,2064
8425,8425
9982,9982
7368,7368
1291,1291
5401,5401
1514,1514
1577,1577
4626,4626
3777,3777
2299,2299
7158,7158
9590,9590
5902,5902
8287,8287
7639,7639
388,388
2327,2327
6870,6870
6269,6269
2779,2779
4854,4854
4003,4003
386,386
7972,7972
1875,1875
4783,4783
5034,5034
8924,8924
3963,3963
5209,5209
4032,4032
1907,1907
569,569
6992,6992
4115,4115
5026,5026
3134,3134
6684,6684
6078,6078
9171,9171
1863,1863
7055,7055
1139,1139
7466,7466
3809,3809
760,760
3304,3304
9674,9674
3217,3217
5195,5195
9758,9758
4178,4178
5359,5359
3,3
7975,7975
3410,3410
6639,6639
1040,1040
1372,1372
5294,5294
2539,2539
3931,3931
7337,7337
300,300
6527,6527
76,76
2266,2266
4013,4013
3897,3897
3896,3896
7250,7250
8993,8993
9831,9831
9977,9977
5365,5365
68,68
45,45
2951,2951
9493,9493
6531,6531
5859,5859
9495,9495
8909,8909
4157,4157
4687,4687
7567,7567
7530,7530
7501,7501
2437,2437
9455,9455
4265,4265
5808,5808
5589,5589
481,481
9359,9359
163,163
853,853
2372,2372
758,758
4990,4990
6472,6472
2860,2860
6444,6444
9691,9691
6229,6229
5868,5868
6538,6538
4301,4301
9031,9031
8121,8121
8234,8234
591,591
8476,8476
3423,3423
9341,9341
1689,1689
5755,5755
7772,7772
2835,2835
4858,4858
3007,3007
7770,7770
1856,1856
1865,1865
718,718
8599,8599
5059,5059
78,78
2435,2435
8705,8705
8036,8036
5501,5501
9099,9099
1112,1112
977,977
6820,6820
4064,4064
7281,7281
3033,3033
155,155
8257,8257
5015,5015
3440,3440
9989,9989
3629,3629
6321,6321
4012,4012
4015,4015
2135,2135
6336,6336
2935,2935
6984,6984
2992,2992
1876,1876
5510,5510
3992,3992
8037,8037
1070,1070
3820,3820
6396,6396
2632,2632
1950,1950
2220,2220
436,436
4723,4723
9781,9781
9102,9102
7572,7572
9548,9548
5706,5706
8467,8467
268,268
3656,3656
5998,5998
2145,2145
5128,5128
7405,7405
8930,8930
8695,8695
4814,4814
6183,6183
8820,8820
7342,7342
2816,2816
6252,6252
8382,8382
4354,4354
2903,2903
1466,1466
9425,9425
1177,1177
1282,1282
9169,9169
5541,5541
648,648
7478,7478
3614,3614
6180,6180
6863,6863
3424,3424
7655,7655
9937,9937
4244,4244
5930,5930
1758,1758
2355,2355
4082,4082
2819,2819
5737,5737
2780,2780
4591,4591
8756,8756
1579,1579
9099,9099
8458,8458
8767,8767
7735,7735
3528,3528
9969,9969
7647,7647
2912,2912
748,748
3124,3124
6748,6748
791,791
2697,2697
5993,5993
6153,6153
7869,7869
1486,1486
5244,5244
7600,7600
311,311
3627,3627
8556,8556
7654,7654
732,732
7033,7033
7701,7701
6508,6508
5425,5425
1205,1205
1099,1099
8664,8664
3132,3132
2793,2793
3169,3169
4347,4347
623,623
4960,4960
6965,6965
7940,7940
3424,3424
9149,9149
9372,9372
8886,8886
4090,4090
8746,8746
8290,8290
3374,3374
4525,4525
7194,7194
7245,7245
3,3
5911,5911
3443,3443
5569,5569
2311,2311
3948,3948
9530,9530
8528,8528
8761,8761
4317,4317
1693,1693
3123,3123
8601,8601
7090,7090
4442,4442
3384,3384
3146,3146
8329,8329
3221,3221
5955,5955
9441,9441
3009,3009
6456,6456
6246,6246
5643,5643
4846,4846
5548,5548
3616,3616
6769,6769
8023,8023
1045,1045
6207,6207
7211,7211
5654,5654
2553,2553
8843,8843
2468,2468
3379,3379
2654,2654
7612,7612
7443,7443
5475,5475
2707,2707
9535,9535
398,398
9272,9272
9573,9573
8290,8290
9631,9631
6941,6941
9676,9676
6423,6423
4978,4978
407,407
5822,5822
2955,2955
1286,1286
6298,6298
7528,7528
115,115
4358,4358
4464,4464
4881,4881
2745,2745
7781,7781
1187,1187
2616,2616
5004,5004
2324,2324
9322,9322
631,631
9648,9648
3572,3572
9044,9044
341,341
9979,9979
2053,2053
8498,8498
8945,8945
7125,7125
4661,4661
7948,7948
9000,9000
9128,9128
3952,3952
1409,1409
6646,6646
3918,3918
9328,9328
5023,5023
3398,3398
4774,4774
5819,5819
6726,6726
7196,7196
9849,9849
3599,3599
9901,9901
6540,6540
8091,8091
3305,3305
2374,2374
1622,1622
2842,2842
5163,5163
2191,2191
924,924
3635,3635
1827,1827
4542,4542
6808,6808
9070,9070
7047,7047
8256,8256
4212,4212
5059,5059
4297,4297
3596,3596
3769,3769
256,256
7961,7961
1720,1720
4405,4405
1458,1458
6133,6133
3890,3890
424,424
855,855
6645,6645
9543,9543
625,625
3067,3067
5945,5945
5778,5778
5950,5950
3327,3327
3429,3429
3001,3001
4249,4249
3051,3051
8817,8817
7848,7848
4062,4062
8145,8145
9669,9669
6644,6644
4244,4244
9535,9535
1144,1144
771,771
8697,8697
263,263
1301,1301
3208,3208
2567,2567
3086,3086
631,631
8217,8217
4565,4565
5771,5771
4818,4818
6121,6121
2128,2128
7840,7840
1364,1364
8995,8995
1941,1941
3637,3637
33,33
8517,8517
1755,1755
5342,5342
1722,1722
5426,5426
6959,6959
5145,5145
9535,9535
5942,5942
7767,7767
58,58
3661,3661
7708,7708
6757,6757
7158,7158
3003,3003
2904,2904
4049,4049
5339,5339
2292,2292
3993,3993
3008,3008
1820,1820
8173,8173
4854,4854
640,640
1518,1518
485,485
9719,9719
1896,1896
5739,5739
8302,8302
9621,9621
3406,3406
543,543
6157,6157
6306,6306
7665,7665
8729,8729
8475,8475
644,644
9452,9452
6565,6565
9044,9044
9992,9992
621,621
8557,8557
4230,4230
5687,5687
5982,5982
2176,2176
7143,7143
5324,5324
728,728
5073,5073
8530,8530
8262,8262
3675,3675
278,278
51,51
4404,4404
594,594
5688,5688
7938,7938
63,63
4887,4887
3644,3644
9281,9281
4300,4300
6403,6403
19,19
5055,5055
7987,7987
8285,8285
7583,7583
4747,4747
5020,5020
849,849
4616,4616
5573,5573
5790,5790
7090,7090
2568,2568
3662,3662
7380,7380
5559,5559
8674,8674
3941,3941
1466,1466
1784,1784
3989,3989
7848,7848
1447,1447
5466,5466
8884,8884
4057,4057
5868,5868
3730,3730
3683,3683
8393,8393
1648,1648
5001,5001
2968,2968
3603,3603
2466,2466
1559,1559
6352,6352
3289,3289
1914,1914
9650,9650
7810,7810
1987,1987
3966,3966
5001,5001
8083,8083
6687,6687
1743,1743
8726,8726
35,35
703,703
2849,2849
1141,1141
4504,4504
9934,9934
7484,7484
377,377
8127,8127
7103,7103
3055,3055
222,222
8402,8402
1771,1771
5318,5318
1598,1598
1334,1334
1594,1594
5483,5483
2947,2947
3168,3168
1954,1954
6986,6986
4973,4973
6294,6294
3503,3503
1553,1553
9757,9757
2620,2620
1262,1262
491,491
2590,2590
1152,1152
9527,9527
8830,8830
1556,1556
1900,1900
9060,9060
6314,6314
2528,2528
5268,5268
9304,9304
8662,8662
6879,6879
4561,4561
2214,2214
3673,3673
3976,3976
8625,8625
155,155
1456,1456
1629,1629
983,983
9375,9375
4744,4744
6411,6411
2695,2695
4425,4425
9906,9906
6412,6412
1631,1631
5379,5379
3567,3567
6427,6427
9922,9922
7253,7253
3312,3312
5105,5105
4942,4942
5029,5029
8590,8590
9047,9047
7033,7033
2597,2597
2550,2550
1291,1291
2529,2529
9628,9628
6173,6173
3464,3464
5168,5168
1723,1723
8381,8381
4935,4935
1816,1816
8406,8406
4865,4865
2758,2758
9881,9881
9763,9763
8507,8507
6305,6305
2302,2302
6769,6769
8511,8511
6972,6972
5979,5979
7285,7285
4102,4102
5746,5746
8029,8029
5219,5219
5057,5057
3251,3251
9795,9795
9824,9824
9508,9508
1478,1478
4934,4934
3169,3169
6136,6136
8216,8216
186,186
7493,7493
4037,4037
915,915
5919,5919
5605,5605
9875,9875
3114,3114
6250,6250
6205,6205
3505,3505
5267,5267
4613,4613
3300,3300
9065,9065
1450,1450
9406,9406
4327,4327
9645,9645
8361,8361
4311,4311
5931,5931
446,446
6616,6616
5227,5227
6121,6121
795,795
8468,8468
6724,6724
7772,7772
4549,4549
5747,5747
2066,2066
8208,8208
4272,4272
385,385
4287,4287
3429,3429
1845,1845
4705,4705
2103,2103
4489,4489
8757,8757
9275,9275
3097,3097
8166,8166
933,933
1870,1870
6649,6649
7726,7726
5402,5402
8832,8832
2068,2068
9088,9088
1781,1781
2294,2294
3700,3700
5634,5634
2778,2778
8596,8596
2090,2090
1094,1094
63,63
6827,6827
7866,7866
4827,4827
2294,2294
3061,3061
8857,8857
2236,2236
5435,5435
1129,1129
8326,8326
4525,4525
7007,7007
7656,7656
8906,8906
9642,9642
7268,7268
3634,3634
837,837
9144,9144
2107,2107
3676,3676
5958,5958
4822,4822
411,411
9783,9783
609,609
8538,8538
6902,6902
9699,9699
6349,6349
663,663
9830,9830
8259,8259
4063,4063
8064,8064
6757,6757
3772,3772
7667,7667
8315,8315
1120,1120
4575,4575
6990,6990
8320,8320
6239,6239
2283,2283
5322,5322
4718,4718
9061,9061
9754,9754
326,326
9567,9567
760,760
2806,2806
8552,8552
1239,1239
7096,7096
3516,3516
5977,5977
8372,8372
4502,4502
4485,4485
8255,8255
8750,8750
8834,8834
1074,1074
4727,4727
4926,4926
8674,8674
2171,2171
1039,1039
5454,5454
3624,3624
8976,8976
3099,3099
4404,4404
5950,5950
6516,6516
1208,1208
7297,7297
4572,4572
4862,4862
8425,8425
6974,6974
9892,9892
3061,3061
3840,3840
8109,8109
1995,1995
2347,2347
2468,2468
9899,9899
4766,4766
4908,4908
3756,3756
6014,6014
2138,2138
6553,6553
3844,3844
4122,4122
583,583
2817,2817
5140,5140
3767,3767
682,682
6960,6960
7125,7125
5270,5270
6151,6151
9048,9048
2727,2727
6270,6270
3256,3256
6914,6914
9198,9198
1644,1644
1573,1573
390,390
6953,6953
251,251
5338,5338
4686,4686
1481,1481
8071,8071
1059,1059
9003,9003
8421,8421
5751,5751
406,406
3660,3660
6936,6936
1775,1775
4487,4487
5794,5794
9495,9495
5323,5323
8209,8209
5686,5686
1414,1414
5710,5710
8050,8050
3304,3304
6604,6604
9085,9085
5760,5760
918,918
3979,3979
888,888
3598,3598
7024,7024
3939,3939
4931,4931
5256,5256
3271,3271
5172,5172
3364,3364
6117,6117
3028,3028
1364,1364
5072,5072
6172,6172
6950,6950
9572,9572
8250,8250
474,474
9267,9267
898,898
4302,4302
7837,7837
1188,1188
4689,4689
8231,8231
8145,8145
6165,6165
8060,8060
6903,6903
7024,7024
2380,2380
7027,7027
822,822
4276,4276
3575,3575
7402,7402
5194,5194
1059,1059
8828,8828
200,200
1708,1708
2469,2469
8041,8041
3054,3054
1573,1573
6341,6341
3152,3152
2954,2954
9271,9271
6960,6960
6876,6876
7076,7076
4788,4788
7393,7393
4363,4363
4536,4536
2444,2444
3704,3704
9623,9623
5836,5836
5749,5749
8049,8049
8881,8881
5997,5997
7724,7724
6460,6460
5392,5392
9590,9590
5240,5240
6236,6236
5875,5875
3038,3038
5293,5293
2897,2897
9835,9835
7320,7320
9463,9463
8596,8596
6189,6189
2463,2463
7353,7353
3326,3326
8773,8773
8665,8665
5719,5719
2577,2577
716,716
5944,5944
6601,6601
5871,5871
1921,1921
639,639
9802,9802
4968,4968
750,750
5697,5697
1966,1966
1100,1100
8715,8715
41,41
6661,6661
1403,1403
1038,1038
9868,9868
4293,4293
1765,1765
8744,8744
1101,1101
3991,3991
4973,4973
3,3
8917,8917
1257,1257
8289,8289
6812,6812
3129,3129
2015,2015
9209,9209
8389,8389
6607,6607
5420,5420
6390,6390
588,588
4728,4728
5979,5979
7869,7869
7269,7269
9823,9823
3761,3761
5451,5451
5360,5360
9006,9006
4635,4635
8186,8186
8761,8761
4558,4558
1327,1327
5126,5126
6410,6410
2825,2825
3106,3106
3703,3703
1765,1765
3302,3302
3832,3832
3387,3387
1642,1642
4820,4820
6729,6729
9870,9870
673,673
1084,1084
168,168
1105,1105
9988,9988
330,330
4565,4565
5227,5227
5601,5601
9428,9428
183,183
6543,6543
4597,4597
5136,5136
6661,6661
6607,6607
1109,1109
960,960
5507,5507
6426,6426
7933,7933
356,356
7100,7100
8028,8028
558,558
9288,9288
6268,6268
3686,3686
818,818
6466,6466
2612,2612
4347,4347
4254,4254
2871,2871
5232,5232
2421,2421
9840,9840
3129,3129
2247,2247
8110,8110
653,653
5598,5598
5932,5932
5566,5566
192,192
2655,2655
7109,7109
3702,3702
9362,9362
3630,3630
2719,2719
7810,7810
6493,6493
9024,9024
7513,7513
1313,1313
9652,9652
9689,9689
9068,9068
2778,2778
6456,6456
2105,2105
3831,3831
8730,8730
6904,6904
2928,2928
8155,8155
5881,5881
6941,6941
8403,8403
9080,9080
3093,3093
7210,7210
1434,1434
2106,2106
7796,7796
860,860
2867,2867
9543,9543
4361,4361
6369,6369
1249,1249
3539,3539
6508,6508
6146,6146
8329,8329
3378,3378
9024,9024
3274,3274
1968,1968
3537,3537
6280,6280
9155,9155
1489,1489
8324,8324
1100,1100
9953,9953
258,258
3623,3623
5160,5160
9979,9979
2664,2664
2153,2153
7661,7661
9079,9079
3952,3952
8402,8402
9911,9911
8476,8476
9994,9994
7293,7293
7141,7141
3444,3444
6095,6095
3634,3634
9440,9440
1732,1732
1696,1696
8251,8251
438,438
8727,8727
873,873
2796,2796
2447,2447
6301,6301
6664,6664
2205,2205
4581,4581
3066,3066
1609,1609
5489,5489
8364,8364
552,552
6067,6067
9459,9459
150,150
2559,2559
7653,7653
8772,8772
5743,5743
1329,1329
9200,9200
4734,4734
4678,4678
2315,2315
8290,8290
4096,4096
4805,4805
6546,6546
4288,4288
9730,9730
8501,8501
4709,4709
326,326
2509,2509
120,120
3795,3795
1880,1880
4388,4388
167,167
7353,7353
2331,2331
8104,8104
1464,1464
5088,5088
9302,9302
3545,3545
4162,4162
3845,3845
9031,9031
1784,1784
826,826
8859,8859
5936,5936
3389,3389
7315,7315
9013,9013
3667,3667
9550,9550
5674,5674
8264,8264
1837,1837
9508,9508
9725,9725
6674,6674
9036,9036
7452,7452
9353,9353
7443,7443
4766,4766
4333,4333
1651,1651
5283,5283
6651,6651
9295,9295
8057,8057
880,880
5213,5213
7238,7238
5889,5889
8518,8518
3442,3442
5774,5774
8810,8810
4619,4619
153,153
7255,7255
4766,4766
9609,9609
3313,3313
8493,8493
4244,4244
4751,4751
7900,7900
6811,6811
9618,9618
6488,6488
8824,8824
4077,4077
6901,6901
9267,9267
7120,7120
4905,4905
9418,9418
1283,1283
801,801
8375,8375
6950,6950
4066,4066
5512,5512
5964,5964
962,962
7303,7303
7287,7287
9370,9370
3355,3355
6318,6318
8383,8383
4537,4537
5266,5266
5355,5355
8213,8213
6115,6115
3250,3250
7676,7676
3756,3756
864,864
547,547
8054,8054
1114,1114
3859,3859
4675,4675
7721,7721
7317,7317
5232,5232
7748,7748
787,787
1317,1317
4415,4415
2945,2945
9738,9738
9709,9709
1889,1889
908,908
3109,3109
2443,2443
2947,2947
8545,8545
4050,4050
3925,3925
1618,1618
3344,3344
5096,5096
3146,3146
8231,8231
4988,4988
4181,4181
4111,4111
1231,1231
6663,6663
3644,3644
160,160
3700,3700
6919,6919
829,829
4378,4378
3332,3332
7718,7718
8710,8710
1949,1949
9716,9716
4781,4781
9522,9522
6098,6098
1289,1289
8970,8970
4677,4677
4635,4635
1041,1041
5099,5099
2105,2105
6258,6258
4599,4599
4906,4906
4399,4399
6239,6239
5648,5648
179,179
4510,4510
7285,7285
3192,3192
9073,9073
2328,2328
1831,1831
7892,7892
8993,8993
4422,4422
8780,8780
8089,8089
8238,8238
2027,2027
239,239
6988,6988
6727,6727
3068,3068
6134,6134
6292,6292
1147,1147
2149,2149
8796,8796
1795,1795
2744,2744
8735,8735
7629,7629
2516,2516
9966,9966
5690,5690
5442,5442
9830,9830
7854,7854
8581,8581
7603,7603
8232,8232
3690,3690
7156,7156
1626,1626
8191,8191
2230,2230
5463,5463
5527,5527
339,339
4117,4117
1350,1350
1040,1040
7488,7488
2173,2173
1830,1830
864,864
3742,3742
3132,3132
9350,9350
9193,9193
9080,9080
6342,6342
4832,4832
6746,6746
8584,8584
1839,1839
3428,3428
4677,4677
1112,1112
4460,4460
9767,9767
5081,5081
1497,1497
3226,3226
2388,2388
4004,4004
8978,8978
572,572
949,949
281,281
3617,3617
2621,2621
240,240
7848,7848
2044,2044
149,149
6999,6999
5380,5380
2620,2620
9464,9464
8862,8862
2053,2053
764,764
5857,5857
6286,6286
4410,4410
8659,8659
4551,4551
3401,3401
9317,9317
6375,6375
397,397
2120,2120
6565,6565
4556,4556
6011,6011
346,346
6680,6680
8235,8235
1588,1588
882,882
5096,5096
9881,9881
1693,1693
8155,8155
3937,3937
792,792
3144,3144
7531,7531
9167,9167
3895,3895
2995,2995
4051,4051
6353,6353
8250,8250
2899,2899
3424,3424
4046,4046
7218,7218
5425,5425
8000,8000
5423,5423
9742,9742
7106,7106
9885,9885
7191,7191
9707,9707
7205,7205
7450,7450
1972,1972
3518,3518
3930,3930
6673,6673
534,534
496,496
5427,5427
5081,5081
4722,4722
1716,1716
2853,2853
2277,2277
3701,3701
3948,3948
6778,6778
3704,3704
3913,3913
8985,8985
828,828
9644,9644
8726,8726
6374,6374
3956,3956
3174,3174
8646,8646
2768,2768
8675,8675
9420,9420
5952,5952
7737,7737
4187,4187
1812,1812
3119,3119
267,267
5040,5040
9708,9708
8921,8921
4341,4341
4794,4794
5807,5807
4192,4192
7809,7809
4658,4658
8655,8655
1654,1654
1276,1276
5543,5543
6644,6644
7309,7309
3100,3100
4004,4004
654,654
4460,4460
8179,8179
3733,3733
9617,9617
9343,9343
3269,3269
6415,6415
4,4
1991,1991
8205,8205
5467,5467
3916,3916
6574,6574
599,599
6245,6245
6782,6782
7457,7457
5775,5775
8899,8899
6154,6154
7799,7799
8268,8268
5737,5737
5437,5437
3425,3425
1804,1804
6096,6096
6543,6543
5778,5778
7573,7573
9251,9251
616,616
2961,2961
3553,3553
7459,7459
7138,7138
2432,2432
4214,4214
4249,4249
6617,6617
9200,9200
8305,8305
4429,4429
3370,3370
6813,6813
2121,2121
8071,8071
7209,7209
9768,9768
6501,6501
2333,2333
5640,5640
1697,1697
5369,5369
6504,6504
5627,5627
3983,3983
9078,9078
1980,1980
2359,2359
5610,5610
7612,7612
2414,2414
6960,6960
7490,7490
2133,2133
4370,4370
7586,7586
9355,9355
66,66
8459,8459
2234,2234
3513,3513
7423,7423
7643,7643
4238,4238
2286,2286
2924,2924
7852,7852
4579,4579
4120,4120
1818,1818
2987,2987
7864,7864
6170,6170
8981,8981
6235,6235
1259,1259
6840,6840
1506,1506
6813,6813
8896,8896
6088,6088
3634,3634
3252,3252
4350,4350
9056,9056
3317,3317
3202,3202
9148,9148
9705,9705
5364,5364
3397,3397
9551,9551
6173,6173
6188,6188
4408,4408
801,801
2333,2333
8534,8534
9789,9789
3915,3915
1816,1816
7498,7498
9541,9541
7402,7402
2210,2210
6546,6546
6169,6169
4536,4536
3146,3146
2830,2830
3833,3833
3118,3118
3691,3691
8168,8168
9140,9140
7365,7365
8475,8475
2133,2133
1447,1447
5077,5077
6856,6856
7466,7466
1773,1773
2529,2529
8930,8930
8892,8892
652,652
8771,8771
1969,1969
9230,9230
9897,9897
9159,9159
3796,3796
7444,7444
9189,9189
4710,4710
5012,5012
7097,7097
952,952
7588,7588
8365,8365
3191,3191
8502,8502
8824,8824
8319,8319
9570,9570
5521,5521
9579,9579
8058,8058
335,335
9331,9331
6250,6250
2959,2959
2009,2009
4888,4888
5525,5525
4511,4511
6693,6693
2272,2272
9152,9152
4281,4281
4830,4830
3572,3572
7962,7962
6469,6469
9491,9491
5563,5563
3831,3831
7908,7908
1550,1550
9667,9667
8799,8799
1199,1199
6010,6010
1766,1766
7444,7444
2451,2451
4476,4476
5447,5447
807,807
6776,6776
5808,5808
2601,2601
2942,2942
1693,1693
445,445
6938,6938
7824,7824
7261,7261
8191,8191
3521,3521
4963,4963
7587,7587
2633,2633
3757,3757
4387,4387
1747,1747
5146,5146
3522,3522
2035,2035
7974,7974
6934,6934
9721,9721
6122,6122
2037,2037
4851,4851
8786,8786
7508,7508
2204,2204
1883,1883
8345,8345
3923,3923
3966,3966
7674,7674
3939,3939
7874,7874
8714,8714
4161,4161
9800,9800
901,901
6880,6880
4138,4138
2675,2675
4002,4002
2851,2851
6359,6359
5285,5285
7492,7492
1848,1848
3306,3306
5792,5792
5565,5565
5015,5015
3361,3361
9671,9671
4741,4741
8879,8879
2454,2454
296,296
1840,1840
583,583
8861,8861
7948,7948
592,592
793,793
3598,3598
6656,6656
3084,3084
9903,9903
8996,8996
706,706
5297,5297
8384,8384
155,155
5985,5985
2220,2220
5504,5504
7429,7429
3247,3247
5884,5884
5041,5041
979,979
1883,1883
2416,2416
7721,7721
806,806
4708,4708
5717,5717
3549,3549
2505,2505
2050,2050
4498,4498
5700,5700
3751,3751
9458,9458
8532,8532
171,171
4772,4772
4787,4787
2565,2565
5703,5703
3472,3472
6532,6532
3926,3926
1297,1297
9502,9502
4829,4829
1483,1483
347,347
1483,1483
1368,1368
369,369
1301,1301
963,963
5187,5187
4110,4110
6432,6432
488,488
5094,5094
5814,5814
3855,3855
1441,1441
6822,6822
4222,4222
5495,5495
1975,1975
6740,6740
4576,4576
815,815
886,886
2462,2462
5645,5645
4132,4132
2292,2292
119,119
4403,4403
2437,2437
9952,9952
5566,5566
804,804
6436,6436
8862,8862
6878,6878
9534,9534
8217,8217
3259,3259
9768,9768
5170,5170
2312,2312
2656,2656
484,484
323,323
4549,4549
826,826
4725,4725
1282,1282
3607,3607
1992,1992
5594,5594
6235,6235
9116,9116
5738,5738
7173,7173
7551,7551
3978,3978
5772,5772
3009,3009
9991,9991
8475,8475
7387,7387
9559,9559
7926,7926
9107,9107
7114,7114
1355,1355
6921,6921
9582,9582
3156,3156
455,455
871,871
9914,9914
2650,2650
1454,1454
3106,3106
1440,1440
3432,3432
5649,5649
6851,6851
99,99
877,877
2583,2583
3713,3713
5532,5532
1512,1512
8946,8946
9038,9038
1984,1984
7198,7198
727,727
279,279
2118,2118
9808,9808
2825,2825
345,345
6817,6817
610,610
5349,5349
9869,9869
696,696
6193,6193
7195,7195
9748,9748
1144,1144
7988,7988
3340,3340
4223,4223
169,169
4251,4251
9921,9921
5287,5287
9811,9811
3420,3420
1335,1335
2507,2507
3757,3757
5053,5053
8195,8195
1780,1780
358,358
5191,5191
7958,7958
4589,4589
7131,7131
7438,7438
1870,1870
6685,6685
3067,3067
3664,3664
3991,3991
4300,4300
4020,4020
2648,2648
2362,2362
9570,9570
9589,9589
6037,6037
5076,5076
7374,7374
1817,1817
2010,2010
5193,5193
7419,7419
7299,7299
7024,7024
3564,3564
1200,1200
6829,6829
6435,6435
5180,5180
1004,1004
3660,3660
5761,5761
130,130
3622,3622
7031,7031
4889,4889
3165,3165
9743,9743
1987,1987
4680,4680
9938,9938
973,973
1146,1146
893,893
3509,3509
3641,3641
6782,6782
218,218
8626,8626
4153,4153
7918,7918
6744,6744
3892,3892
2713,2713
4043,4043
280,280
3816,3816
502,502
9322,9322
3586,3586
8573,8573
8198,8198
3147,3147
2434,2434
3053,3053
1153,1153
7619,7619
1615,1615
3591,3591
2790,2790
6485,6485
9127,9127
9184,9184
4977,4977
7540,7540
2938,2938
4265,4265
8138,8138
6269,6269
5214,5214
1160,1160
5180,5180
9872,9872
6344,6344
2999,2999
4727,4727
4765,4765
8708,8708
8997,8997
6046,6046
2503,2503
2751,2751
3058,3058
5108,5108
8291,8291
5412,5412
5480,5480
6236,6236
5649,5649
4889,4889
2799,2799
6976,6976
6426,6426
8523,8523
6095,6095
9395,9395
472,472
2486,2486
8104,8104
6945,6945
3876,3876
9398,9398
2879,2879
9872,9872
9192,9192
1379,1379
557,557
8689,8689
470,470
4755,4755
7205,7205
3644,3644
3102,3102
6818,6818
5330,5330
3658,3658
8510,8510
1179,1179
690,690
8250,8250
1776,1776
7105,7105
6307,6307
373,373
8015,8015
5981,5981
424,424
9991,9991
9028,9028
1950,1950
6205,6205
5861,5861
4281,4281
8555,8555
2101,2101
232,232
7873,7873
4427,4427
9557,9557
8742,8742
6820,6820
1175,1175
1126,1126
93,93
6742,6742
5256,5256
489,489
185,185
3229,3229
5106,5106
9908,9908
7397,7397
9902,9902
8042,8042
3252,3252
6293,6293
4489,4489
535,535
8035,8035
5660,5660
8917,8917
5608,5608
6693,6693
3005,3005
9805,9805
5141,5141
947,947
1773,1773
5679,5679
7980,7980
6595,6595
9226,9226
255,255
6792,6792
5868,5868
7690,7690
4064,4064
8302,8302
2875,2875
9110,9110
4790,4790
8727,8727
2659,2659
2474,2474
8527,8527
15,15
4742,4742
7650,7650
1881,1881
6204,6204
8774,8774
3051,3051
8361,8361
8014,8014
1891,1891
1323,1323
5819,5819
6067,6067
1208,1208
6433,6433
8146,8146
4571,4571
3929,3929
1689,1689
1851,1851
8357,8357
7729,7729
4315,4315
473,473
7040,7040
293,293
2886,2886
5085,5085
4162,4162
5619,5619
7006,7006
7762,7762
2221,2221
6802,6802
8813,8813
8971,8971
8170,8170
4438,4438
8703,8703
6566,6566
4217,4217
7151,7151
6994,6994
4406,4406
8487,8487
2824,2824
1061,1061
9357,9357
450,450
8519,8519
8435,8435
7956,7956
5583,5583
3921,3921
9190,9190
2002,2002
5065,5065
130,130
6549,6549
9813,9813
5955,5955
6573,6573
3204,3204
1645,1645
4164,4164
8488,8488
8558,8558
4562,4562
4015,4015
7999,7999
1806,1806
4324,4324
6744,6744
2917,2917
4365,4365
7112,7112
2945,2945
6449,6449
4798,4798
6094,6094
3943,3943
2686,2686
7957,7957
6671,6671
2670,2670
8013,8013
9399,9399
3968,3968
7221,7221
8147,8147
8419,8419
1286,1286
2986,2986
5588,5588
7601,7601
3562,3562
2576,2576
9162,9162
7526,7526
2305,2305
7088,7088
7290,7290
5380,5380
5050,5050
6369,6369
3836,3836
3742,3742
3902,3902
6180,6180
6648,6648
3276,3276
6451,6451
7215,7215
4358,4358
6856,6856
7911,7911
1126,1126
8396,8396
8413,8413
3105,3105
8945,8945
2321,2321
365,365
7458,7458
4907,4907
2747,2747
3907,3907
9396,9396
8569,8569
5515,5515
2212,2212
8294,8294
291,291
9439,9439
3964,3964
4298,4298
4863,4863
4648,4648
3585,3585
1646,1646
450,450
21,21
1418,1418
695,695
2473,2473
6790,6790
8261,8261
2359,2359
2006,2006
8706,8706
7241,7241
5312,5312
3222,3222
5539,5539
3576,3576
147,147
1157,1157
738,738
2023,2023
8224,8224
2143,2143
1848,1848
7280,7280
9556,9556
8336,8336
3021,3021
5465,5465
1889,1889
8065,8065
6581,6581
966,966
6657,6657
7957,7957
562,562
3031,3031
2246,2246
3766,3766
8685,8685
1601,1601
7803,7803
1872,1872
9330,9330
2871,2871
5203,5203
9425,9425
1780,1780
6149,6149
3741,3741
7165,7165
7222,7222
6492,6492
4414,4414
2712,2712
2693,2693
4496,4496
7673,7673
4227,4227
5493,5493
8952,8952
8789,8789
6624,6624
8853,8853
3304,3304
592,592
4582,4582
7300,7300
9079,9079
3101,3101
561,561
964,964
8510,8510
2255,2255
2711,2711
9904,9904
741,741
4017,4017
2966,2966
9823,9823
4918,4918
21,21
433,433
5808,5808
8980,8980
4370,4370
6900,6900
8428,8428
2408,2408
1453,1453
8457,8457
8667,8667
2974,2974
9750,9750
2534,2534
7173,7173
5504,5504
3545,3545
2900,2900
6199,6199
5138,5138
9850,9850
198,198
6233,6233
187,187
1506,1506
2436,2436
1127,1127
8827,8827
5610,5610
1925,1925
5044,5044
2947,2947
2001,2001
511,511
438,438
5683,5683
8280,8280
8015,8015
200,200
8451,8451
3007,3007
9853,9853
2676,2676
7261,7261
8668,8668
5947,5947
717,717
6947,6947
9916,9916
5850,5850
795,795
2559,2559
1331,1331
6928,6928
4513,4513
6793,6793
7753,7753
7691,7691
4735,4735
5296,5296
4175,4175
9500,9500
6931,6931
7593,7593
1147,1147
2350,2350
9992,9992
8857,8857
2286,2286
2975,2975
2406,2406
628,628
9523,9523
3218,3218
5077,5077
9030,9030
1629,1629
2012,2012
7501,7501
6725,6725
3374,3374
6530,6530
6328,6328
9473,9473
8446,8446
936,936
6443,6443
2296,2296
788,788
2062,2062
2746,2746
5252,5252
9589,9589
5379,5379
9861,9861
7634,7634
9286,9286
4525,4525
9242,9242
5261,5261
1013,1013
1274,1274
1254,1254
4954,4954
3648,3648
1185,1185
1468,1468
8489,8489
2449,2449
1769,1769
6586,6586
2441,2441
5557,5557
297,297
6277,6277
1121,1121
4029,4029
2722,2722
5446,5446
8446,8446
550,550
156,156
249,249
3466,3466
7544,7544
7848,7848
646,646
6895,6895
136,136
120,120
2935,2935
4924,4924
2184,2184
2005,2005
1869,1869
1792,1792
5070,5070
8025,8025
9590,9590
3946,3946
2555,2555
4423,4423
4444,4444
8060,8060
7421,7421
2739,2739
2443,2443
3380,3380
1032,1032
9210,9210
5779,5779
9261,9261
8403,8403
4887,4887
7153,7153
2822,2822
6891,6891
348,348
5407,5407
5819,5819
939,939
4628,4628
6459,6459
5118,5118
9435,9435
9275,9275
7560,7560
7527,7527
3817,3817
9612,9612
995,995
5444,5444
958,958
300,300
8693,8693
9817,9817
4704,4704
797,797
9129,9129
9267,9267
4510,4510
5668,5668
3855,3855
5326,5326
5631,5631
9628,9628
2798,2798
9547,9547
9016,9016
2493,2493
6642,6642
5005,5005
5127,5127
9604,9604
5038,5038
7152,7152
5208,5208
2565,2565
5509,5509
9857,9857
1924,1924
2702,2702
2657,2657
2725,2725
6240,6240
4025,4025
2792,2792
5128,5128
9612,9612
1574,1574
8531,8531
8906,8906
384,384
3417,3417
5914,5914
9147,9147
656,656
9472,9472
5888,5888
9849,9849
8252,8252
3420,3420
5420,5420
6592,6592
3078,3078
3139,3139
1579,1579
3945,3945
4271,4271
1763,1763
3509,3509
7023,7023
6281,6281
7741,7741
9196,9196
6827,6827
3764,3764
8711,8711
9418,9418
4913,4913
6367,6367
2367,2367
1318,1318
1491,1491
3236,3236
4657,4657
1777,1777
6736,6736
4775,4775
7841,7841
1081,1081
4815,4815
2538,2538
3714,3714
1173,1173
1999,1999
2089,2089
3644,3644
5735,5735
1271,1271
7045,7045
6691,6691
3351,3351
7449,7449
7637,7637
1439,1439
7688,7688
3795,3795
3678,3678
8282,8282
7456,7456
6091,6091
6483,6483
7533,7533
5612,5612
5679,5679
5323,5323
7369,7369
7978,7978
3193,3193
1115,1115
450,450
4502,4502
1169,1169
2076,2076
9160,9160
7642,7642
1815,1815
915,915
9025,9025
5487,5487
1847,1847
6379,6379
9001,9001
3525,3525
2658,2658
8709,8709
7600,7600
1831,1831
7951,7951
1313,1313
3714,3714
8869,8869
5271,5271
2345,2345
1231,1231
6734,6734
5981,5981
7061,7061
5189,5189
6704,6704
7021,7021
3206,3206
212,212
3497,3497
2129,2129
4078,4078
350,350
9604,9604
9226,9226
4477,4477
6957,6957
4100,4100
8922,8922
6015,6015
7637,7637
7301,7301
8879,8879
9126,9126
8176,8176
7681,7681
3763,3763
7245,7245
379,379
5360,5360
7564,7564
2500,2500
3248,3248
2581,2581
4217,4217
3283,3283
1843,1843
8068,8068
9225,9225
1802,1802
649,649
9662,9662
1819,1819
637,637
2118,2118
2196,2196
729,729
1830,1830
9634,9634
279,279
2582,2582
7515,7515
1697,1697
7228,7228
932,932
9183,9183
8822,8822
7722,7722
1662,1662
7212,7212
2633,2633
8384,8384
6018,6018
2775,2775
232,232
2650,2650
1272,1272
9592,9592
3960,3960
500,500
7861,7861
8098,8098
5868,5868
8874,8874
1883,1883
6790,6790
1675,1675
878,878
1375,1375
7519,7519
8216,8216
9122,9122
1156,1156
1136,1136
5123,5123
6724,6724
3678,3678
1001,1001
5675,5675
9558,9558
4962,4962
7832,7832
5786,5786
9171,9171
6464,6464
2962,2962
7695,7695
2905,2905
7433,7433
5846,5846
2464,2464
45,45
3719,3719
6501,6501
9151,9151
8691,8691
6415,6415
7338,7338
9199,9199
7309,7309
5880,5880
8574,8574
3039,3039
9745,9745
205,205
5600,5600
4186,4186
8023,8023
4750,4750
7430,7430
9192,9192
3590,3590
70,70
7038,7038
393,393
7341,7341
6164,6164
658,658
3762,3762
2041,2041
2168,2168
5568,5568
7954,7954
4061,4061
1867,1867
3109,3109
4090,4090
8802,8802
9348,9348
508,508
1088,1088
3200,3200
4858,4858
5771,5771
1277,1277
4000,4000
774,774
3430,3430
2997,2997
4226,4226
4769,4769
5692,5692
9981,9981
7786,7786
3473,3473
2643,2643
1933,1933
3209,3209
3754,3754
4301,4301
1576,1576
4401,4401
7484,7484
1095,1095
7893,7893
521,521
2179,2179
2527,2527
9937,9937
2101,2101
2977,2977
6298,6298
4387,4387
2443,2443
4077,4077
8113,8113
5200,5200
9174,9174
2092,2092
7834,7834
9545,9545
7294,7294
8218,8218
2586,2586
7946,7946
1203,1203
7290,7290
2570,2570
8439,8439
7162,7162
5673,5673
2772,2772
9726,9726
6415,6415
4381,4381
1160,1160
8628,8628
4970,4970
7771,7771
4500,4500
1029,1029
2506,2506
8653,8653
5772,5772
2437,2437
5428,5428
6875,6875
9819,9819
9113,9113
2626,2626
714,714
60,60
8750,8750
6869,6869
71,71
3379,3379
566,566
1804,1804
1730,1730
9678,9678
7185,7185
3651,3651
2819,2819
2448,2448
2110,2110
1413,1413
6429,6429
3743,3743
3835,3835
1304,1304
2061,2061
5806,5806
2694,2694
5031,5031
2999,2999
7017,7017
9216,9216
1857,1857
7603,7603
3600,3600
3573,3573
5907,5907
187,187
4174,4174
7170,7170
1000,1000
3885,3885
7881,7881
4135,4135
2266,2266
2742,2742
5585,5585
8657,8657
125,125
651,651
6124,6124
7828,7828
8407,8407
4085,4085
5612,5612
5063,5063
601,601
7679,7679
882,882
8039,8039
471,471
3385,3385
3727,3727
9444,9444
9862,9862
2610,2610
2435,2435
5918,5918
7722,7722
1148,1148
8693,8693
6106,6106
9684,9684
4376,4376
7599,7599
8698,8698
9163,9163
8638,8638
8752,8752
2930,2930
6,6
6548,6548
3808,3808
1777,1777
2388,2388
7200,7200
9483,9483
6979,6979
2499,2499
5908,5908
1589,1589
9029,9029
5269,5269
8050,8050
3080,3080
3419,3419
1648,1648
1733,1733
7996,7996
8307,8307
8579,8579
3302,3302
7468,7468
1711,1711
4250,4250
9521,9521
4033,4033
6820,6820
9975,9975
5764,5764
4352,4352
4162,4162
7621,7621
5741,5741
9981,9981
4380,4380
4771,4771
6481,6481
2779,2779
3747,3747
8236,8236
8734,8734
9719,9719
6661,6661
4001,4001
9683,9683
3587,3587
2255,2255
1932,1932
6736,6736
6528,6528
9564,9564
5914,5914
7281,7281
9287,9287
6143,6143
2411,2411
3507,3507
7714,7714
773,773
3128,3128
3894,3894
4182,4182
7507,7507
4974,4974
7145,7145
7225,7225
4666,4666
7127,7127
453,453
4436,4436
2001,2001
8267,8267
4477,4477
1368,1368
2088,2088
970,970
85,85
4462,4462
4763,4763
3379,3379
317,317
8814,8814
9306,9306
6552,6552
5191,5191
407,407
8251,8251
3092,3092
9568,9568
3288,3288
1577,1577
8180,8180
320,320
8427,8427
4839,4839
2275,2275
683,683
2409,2409
1254,1254
2512,2512
8190,8190
1141,1141
2043,2043
2833,2833
5163,5163
6812,6812
6528,6528
4444,4444
9530,9530
5449,5449
3251,3251
8026,8026
2978,2978
7041,7041
9899,9899
5374,5374
3053,3053
3442,3442
3173,3173
9260,9260
4061,4061
3051,3051
928,928
8930,8930
1250,1250
1117,1117
3446,3446
9881,9881
8757,8757
5154,5154
8400,8400
8750,8750
4381,4381
9848,9848
5228,5228
7795,7795
1127,1127
4924,4924
5941,5941
3447,3447
5329,5329
1321,1321
3289,3289
5179,5179
9696,9696
226,226
3588,3588
2851,2851
6584,6584
9488,9488
2963,2963
6036,6036
1943,1943
204,204
8469,8469
235,235
1007,1007
7400,7400
741,741
8798,8798
6216,6216
3168,3168
6908,6908
4931,4931
6558,6558
7653,7653
3613,3613
8805,8805
2048,2048
9457,9457
9738,9738
7119,7119
4445,4445
7637,7637
4328,4328
609,609
8100,8100
301,301
5583,5583
1196,1196
2202,2202
7,7
5071,5071
6154,6154
5138,5138
7383,7383
1847,1847
6472,6472
9815,9815
5304,5304
816,816
8605,8605
131,131
4024,4024
8948,8948
8379,8379
7135,7135
6382,6382
266,266
427,427
2500,2500
9698,9698
2528,2528
113,113
7172,7172
4223,4223
2672,2672
8541,8541
8777,8777
8775,8775
3838,3838
5614,5614
6620,6620
8993,8993
5604,5604
43,43
3228,3228
1115,1115
4815,4815
1771,1771
7623,7623
3376,3376
6160,6160
4343,4343
7820,7820
5528,5528
8482,8482
2479,2479
6290,6290
9956,9956
87,87
2669,2669
8007,8007
3357,3357
3769,3769
336,336
517,517
6162,6162
7357,7357
1601,1601
3203,3203
3790,3790
4054,4054
1773,1773
9030,9030
5847,5847
9120,9120
8437,8437
3234,3234
5420,5420
6429,6429
4866,4866
586,586
8448,8448
3145,3145
4357,4357
2581,2581
1329,1329
3753,3753
7409,7409
957,957
2157,2157
469,469
9193,9193
4459,4459
8569,8569
8679,8679
9864,9864
8052,8052
2352,2352
6277,6277
1280,1280
2094,2094
6543,6543
5894,5894
3048,3048
9432,9432
243,243
9186,9186
779,779
135,135
3698,3698
9277,9277
9175,9175
8946,8946
2683,2683
536,536
5862,5862
4483,4483
9265,9265
9959,9959
3986,3986
3902,3902
670,670
5446,5446
1255,1255
5364,5364
9970,9970
4887,4887
7989,7989
2050,2050
4923,4923
8346,8346
5976,5976
4887,4887
1118,1118
5468,5468
6226,6226
1149,1149
5481,5481
2655,2655
2757,2757
6944,6944
6333,6333
7902,7902
963,963
1666,1666
9748,9748
8807,8807
7525,7525
4276,4276
7966,7966
3262,3262
5545,5545
9326,9326
2469,2469
5990,5990
3164,3164
5616,5616
3718,3718
7562,7562
2901,2901
7206,7206
4243,4243
138,138
3085,3085
9451,9451
4102,4102
1324,1324
3588,3588
3142,3142
4442,4442
8088,8088
879,879
7392,7392
9005,9005
5401,5401
5850,5850
4567,4567
463,463
9821,9821
8678,8678
2231,2231
9916,9916
7746,7746
3522,3522
6186,6186
7033,7033
8475,8475
3827,3827
4893,4893
217,217
2950,2950
9748,9748
5169,5169
8790,8790
623,623
1920,1920
457,457
6668,6668
2688,2688
3835,3835
6378,6378
6239,6239
4720,4720
9326,9326
8368,8368
336,336
885,885
8190,8190
1655,1655
2163,2163
184,184
5621,5621
7153,7153
9562,9562
6043,6043
1171,1171
1317,1317
3365,3365
293,293
1034,1034
7357,7357
9929,9929
1925,1925
2811,2811
5720,5720
2925,2925
8346,8346
1173,1173
7400,7400
3325,3325
4276,4276
5908,5908
9885,9885
9503,9503
6572,6572
8905,8905
8795,8795
3153,3153
834,834
7255,7255
7630,7630
7467,7467
6844,6844
9753,9753
8140,8140
3743,3743
9482,9482
1020,1020
8696,8696
9048,9048
9533,9533
3033,3033
8888,8888
1094,1094
5246,5246
4884,4884
7572,7572
6557,6557
1060,1060
6620,6620
7372,7372
9254,9254
9264,9264
7113,7113
531,531
743,743
2028,2028
4714,4714
2587,2587
1239,1239
9398,9398
9808,9808
509,509
4838,4838
4978,4978
492,492
1267,1267
8213,8213
8694,8694
7750,7750
6763,6763
155,155
420,420
6937,6937
5614,5614
9227,9227
6184,6184
1194,1194
3332,3332
7254,7254
4856,4856
2025,2025
728,728
7760,7760
4376,4376
6074,6074
8161,8161
6484,6484
6959,6959
5034,5034
6119,6119
2480,2480
3836,3836
6000,6000
2755,2755
9104,9104
3783,3783
2777,2777
9194,9194
6704,6704
3175,3175
1321,1321
6708,6708
865,865
5866,5866
7783,7783
8921,8921
9516,9516
9567,9567
7791,7791
8068,8068
2009,2009
2171,2171
6589,6589
8808,8808
3020,3020
1054,1054
574,574
312,312
2186,2186
7249,7249
4656,4656
5254,5254
5953,5953
912,912
1058,1058
9257,9257
5308,5308
3324,3324
3030,3030
724,724
9281,9281
6556,6556
4786,4786
2932,2932
7657,7657
7168,7168
6891,6891
2937,2937
4262,4262
4277,4277
5081,5081
6989,6989
3022,3022
3875,3875
6372,6372
4176,4176
1693,1693
307,307
4466,4466
3820,3820
6058,6058
9025,9025
539,539
2571,2571
1376,1376
372,372
409,409
5894,5894
1589,1589
2354,2354
5448,5448
80,80
556,556
7956,7956
2322,2322
3142,3142
9618,9618
1547,1547
7599,7599
6585,6585
9181,9181
8729,8729
8627,8627
6191,6191
4514,4514
891,891
4490,4490
9462,9462
8055,8055
1523,1523
146,146
8159,8159
7424,7424
8022,8022
9331,9331
9135,9135
5851,5851
8588,8588
7629,7629
9925,9925
7059,7059
1400,1400
5348,5348
8452,8452
2715,2715
9525,9525
9552,9552
1838,1838
2563,2563
2434,2434
334,334
9990,9990
4983,4983
3155,3155
1286,1286
4690,4690
1110,1110
5962,5962
7769,7769
9960,9960
6546,6546
2040,2040
761,761
590,590
1784,1784
2152,2152
6718,6718
762,762
665,665
9232,9232
6200,6200
8004,8004
6487,6487
600,600
6685,6685
3244,3244
1228,1228
6489,6489
4875,4875
9423,9423
6472,6472
6940,6940
3996,3996
2468,2468
6421,6421
4273,4273
9802,9802
5282,5282
7985,7985
8463,8463
1554,1554
6673,6673
537,537
8495,8495
1048,1048
990,990
7897,7897
1282,1282
7995,7995
7860,7860
1713,1713
6543,6543
5065,5065
4100,4100
9330,9330
6410,6410
6364,6364
1900,1900
4837,4837
1438,1438
5520,5520
2966,2966
6476,6476
4474,4474
9806,9806
9045,9045
5028,5028
4337,4337
6919,6919
8128,8128
262,262
4094,4094
3271,3271
2148,2148
3069,3069
5475,5475
3323,3323
457,457
7460,7460
5775,5775
152,152
5099,5099
8129,8129
9408,9408
5818,5818
3344,3344
9579,9579
4250,4250
5491,5491
4749,4749
8417,8417
6803,6803
1080,1080
343,343
1886,1886
7770,7770
7400,7400
6625,6625
883,883
4123,4123
918,918
1716,1716
8744,8744
7197,7197
3513,3513
4918,4918
3798,3798
294,294
4672,4672
1426,1426
3299,3299
2139,2139
5453,5453
6321,6321
6817,6817
5625,5625
1918,1918
3310,3310
2410,2410
8832,8832
8094,8094
5381,5381
4977,4977
8117,8117
7453,7453
4605,4605
8925,8925
9928,9928
7190,7190
7877,7877
9114,9114
5682,5682
8928,8928
1608,1608
111,111
9215,9215
4307,4307
3884,3884
7517,7517
3587,3587
1747,1747
7544,7544
9936,9936
9414,9414
833,833
9988,9988
2894,2894
8157,8157
3785,3785
8662,8662
6778,6778
7134,7134
9964,9964
7179,7179
5479,5479
6509,6509
8756,8756
5921,5921
3388,3388
630,630
8085,8085
6309,6309
8412,8412
2279,2279
9165,9165
3673,3673
2395,2395
634,634
3478,3478
3002,3002
2782,2782
5907,5907
6111,6111
7161,7161
6022,6022
6900,6900
4160,4160
7986,7986
7390,7390
9751,9751
6925,6925
1542,1542
5161,5161
7159,7159
8386,8386
9756,9756
5716,5716
4303,4303
7612,7612
4579,4579
276,276
991,991
9297,9297
4113,4113
4992,4992
9423,9423
5356,5356
5047,5047
3584,3584
5917,5917
1423,1423
9683,9683
6307,6307
476,476
8757,8757
1145,1145
8002,8002
163,163
2306,2306
625,625
4783,4783
7086,7086
4092,4092
385,385
4157,4157
7978,7978
358,358
395,395
3124,3124
6424,6424
3794,3794
7199,7199
4085,4085
6485,6485
7876,7876
6589,6589
5098,5098
7840,7840
7543,7543
983,983
8565,8565
6481,6481
7482,7482
4222,4222
269,269
6169,6169
4575,4575
7667,7667
8746,8746
6012,6012
1126,1126
8713,8713
1399,1399
951,951
6351,6351
2003,2003
2351,2351
5208,5208
8711,8711
18,18
7944,7944
533,533
7813,7813
6453,6453
4598,4598
92,92
6029,6029
9039,9039
9255,9255
6186,6186
9105,9105
3791,3791
3634,3634
8659,8659
4602,4602
9137,9137
2506,2506
839,839
8554,8554
1750,1750
7310,7310
1000,1000
5667,5667
2106,2106
6419,6419
6200,6200
3741,3741
9734,9734
4186,4186
5466,5466
8542,8542
5449,5449
64,64
3954,3954
2996,2996
2918,2918
1058,1058
976,976
2963,2963
5286,5286
5793,5793
529,529
7284,7284
4903,4903
4280,4280
4119,4119
2694,2694
9580,9580
9137,9137
627,627
2273,2273
5118,5118
8608,8608
7251,7251
3427,3427
7693,7693
1744,1744
5595,5595
9571,9571
2484,2484
2170,2170
3847,3847
2945,2945
7171,7171
2984,2984
4523,4523
8749,8749
8070,8070
2787,2787
5503,5503
2998,2998
4317,4317
2746,2746
6053,6053
8593,8593
6340,6340
8797,8797
1658,1658
7649,7649
7481,7481
3719,3719
1063,1063
8939,8939
1000,1000
5620,5620
5585,5585
7770,7770
2490,2490
3298,3298
2343,2343
6002,6002
6667,6667
3287,3287
4139,4139
4721,4721
7589,7589
5410,5410
4965,4965
1153,1153
2144,2144
2799,2799
6975,6975
7742,7742
221,221
2661,2661
7381,7381
6613,6613
6413,6413
3482,3482
9015,9015
3701,3701
5944,5944
6072,6072
2005,2005
9945,9945
5521,5521
8431,8431
2764,2764
1514,1514
6405,6405
8378,8378
3085,3085
8689,8689
7732,7732
1537,1537
7421,7421
9427,9427
3428,3428
9016,9016
3671,3671
2832,2832
8056,8056
6252,6252
7126,7126
3384,3384
2021,2021
5622,5622
6565,6565
794,794
707,707
3933,3933
682,682
9289,9289
4762,4762
4420,4420
8811,8811
4495,4495
43,43
5677,5677
4602,4602
8296,8296
7526,7526
5113,5113
7304,7304
3689,3689
7442,7442
8143,8143
5731,5731
6367,6367
3868,3868
9927,9927
8688,8688
4904,4904
5111,5111
4189,4189
7321,7321
3123,3123
7113,7113
8264,8264
2056,2056
229,229
3062,3062
7008,7008
4302,4302
885,885
3288,3288
7806,7806
1386,1386
2746,2746
4611,4611
8844,8844
8645,8645
9425,9425
1238,1238
7143,7143
5666,5666
9908,9908
2984,2984
516,516
8499,8499
5126,5126
7220,7220
8835,8835
3801,3801
955,955
5159,5159
6694,6694
9055,9055
5788,5788
5254,5254
9583,9583
2273,2273
7323,7323
3482,3482
2602,2602
8132,8132
882,882
7639,7639
9020,9020
9180,9180
1185,1185
4707,4707
6606,6606
4989,4989
3577,3577
536,536
3510,3510
1151,1151
9931,9931
6545,6545
6376,6376
427,427
7183,7183
9636,9636
8376,8376
409,409
3591,3591
8911,8911
7917,7917
1290,1290
2129,2129
7885,7885
6809,6809
5976,5976
418,418
1346,1346
5240,5240
6182,6182
8706,8706
4469,4469
1122,1122
5549,5549
4585,4585
277,277
4158,4158
5471,5471
8955,8955
356,356
425,425
7450,7450
6946,6946
2999,2999
4766,4766
7693,7693
5675,5675
538,538
7397,7397
7942,7942
9228,9228
1791,1791
9885,9885
6528,6528
4933,4933
642,642
8280,8280
5541,5541
9019,9019
4712,4712
525,525
8939,8939
368,368
8082,8082
1072,1072
4869,4869
7197,7197
9998,9998
3702,3702
5606,5606
1698,1698
8333,8333
6302,6302
6665,6665
1794,1794
764,764
7114,7114
3015,3015
5734,5734
3882,3882
2044,2044
7292,7292
3771,3771
2563,2563
8918,8918
552,552
3936,3936
6280,6280
2734,2734
1500,1500
9541,9541
3114,3114
9960,9960
557,557
5994,5994
6586,6586
5755,5755
882,882
4126,4126
9054,9054
1942,1942
7949,7949
9899,9899
4338,4338
2010,2010
2554,2554
6422,6422
8872,8872
7257,7257
9728,9728
551,551
3250,3250
7535,7535
7811,7811
3769,3769
8242,8242
3017,3017
6206,6206
3835,3835
2607,2607
2774,2774
6723,6723
8138,8138
436,436
9727,9727
3012,3012
9660,9660
1000,1000
8693,8693
9482,9482
9033,9033
2525,2525
2444,2444
8469,8469
4638,4638
8848,8848
2905,2905
374,374
2330,2330
5651,5651
7739,7739
4144,4144
109,109
6716,6716
3357,3357
9622,9622
9252,9252
1502,1502
3433,3433
2306,2306
5575,5575
2752,2752
5645,5645
936,936
3385,3385
3464,3464
8980,8980
1055,1055
4099,4099
1266,1266
9628,9628
6171,6171
5554,5554
2936,2936
4296,4296
5869,5869
4089,4089
8407,8407
9453,9453
5213,5213
5385,5385
9452,9452
7012,7012
166,166
2259,2259
4928,4928
8785,8785
7299,7299
1427,1427
2769,2769
2461,2461
8778,8778
1584,1584
7934,7934
7030,7030
8179,8179
4719,4719
3026,3026
6195,6195
9442,9442
446,446
9964,9964
8275,8275
6416,6416
4661,4661
7080,7080
9338,9338
599,599
1337,1337
5097,5097
8564,8564
687,687
7016,7016
6475,6475
3469,3469
296,296
2581,2581
477,477
2551,2551
9939,9939
1776,1776
971,971
869,869
5482,5482
9998,9998
9675,9675
1862,1862
2032,2032
1783,1783
3951,3951
1535,1535
7766,7766
7879,7879
5788,5788
5695,5695
3249,3249
5497,5497
8715,8715
7237,7237
4340,4340
2420,2420
1251,1251
6520,6520
4082,4082
5400,5400
9808,9808
7311,7311
2498,2498
9051,9051
9302,9302
6443,6443
8886,8886
8081,8081
983,983
8732,8732
6244,6244
1622,1622
6659,6659
1712,1712
8060,8060
3734,3734
8651,8651
181,181
4028,4028
3416,3416
8923,8923
3866,3866
3506,3506
1579,1579
4253,4253
3650,3650
2146,2146
1728,1728
8957,8957
7230,7230
1501,1501
5583,5583
6085,6085
2313,2313
7048,7048
3513,3513
5858,5858
5756,5756
2825,2825
136,136
110,110
4635,4635
3795,3795
2866,2866
2691,2691
2570,2570
8789,8789
9110,9110
6394,6394
2112,2112
683,683
663,663
1052,1052
9574,9574
6474,6474
7952,7952
3526,3526
4677,4677
8749,8749
1278,1278
5022,5022
2394,2394
6945,6945
4638,4638
3547,3547
4831,4831
5204,5204
9712,9712
4184,4184
977,977
6230,6230
1470,1470
4324,4324
906,906
8595,8595
1780,1780
3719,3719
8986,8986
5942,5942
1122,1122
9341,9341
3633,3633
4595,4595
7047,7047
8456,8456
6444,6444
3507,3507
5102,5102
1602,1602
8691,8691
4045,4045
865,865
2322,2322
6745,6745
5204,5204
7083,7083
531,531
8223,8223
8910,8910
5046,5046
2435,2435
2385,2385
5036,5036
5799,5799
3825,3825
7341,7341
2999,2999
6070,6070
3041,3041
7756,7756
1658,1658
1711,1711
5378,5378
6681,6681
4888,4888
2698,2698
2041,2041
710,710
800,800
4788,4788
8124,8124
9077,9077
7575,7575
1177,1177
8718,8718
9718,9718
3178,3178
8236,8236
49,49
1092,1092
318,318
7304,7304
5469,5469
3010,3010
9549,9549
8080,8080
8211,8211
1891,1891
9818,9818
4537,4537
4996,4996
8529,8529
9552,9552
3537,3537
4987,4987
5353,5353
1091,1091
301,301
819,819
5770,5770
8461,8461
1830,1830
8866,8866
4254,4254
4143,4143
1271,1271
1586,1586
3558,3558
5477,5477
5077,5077
6840,6840
5644,5644
8437,8437
9382,9382
3955,3955
7885,7885
6505,6505
5934,5934
9982,9982
8968,8968
8472,8472
7508,7508
245,245
1386,1386
8361,8361
516,516
5964,5964
661,661
8693,8693
9633,9633
2615,2615
7555,7555
1910,1910
1372,1372
2914,2914
2501,2501
5452,5452
763,763
8345,8345
5303,5303
9386,9386
669,669
7570,7570
5281,5281
7521,7521
6504,6504
514,514
1572,1572
8976,8976
5440,5440
2964,2964
264,264
3610,3610
7506,7506
9882,9882
8935,8935
3088,3088
116,116
6017,6017
9922,9922
6058,6058
9745,9745
7747,7747
5554,5554
1057,1057
8769,8769
6387,6387
19,19
5888,5888
2823,2823
3327,3327
9881,9881
6600,6600
7015,7015
3241,3241
3224,3224
9139,9139
6613,6613
3430,3430
838,838
7024,7024
4485,4485
3800,3800
2583,2583
2335,2335
4916,4916
4082,4082
7502,7502
7156,7156
3378,3378
5812,5812
8133,8133
1117,1117
4128,4128
6299,6299
1540,1540
1490,1490
7291,7291
3748,3748
6555,6555
8638,8638
7972,7972
3296,3296
8370,8370
4216,4216
5050,5050
1422,1422
4441,4441
2607,2607
5354,5354
9641,9641
752,752
6848,6848
5393,5393
4648,4648
5689,5689
4979,4979
912,912
1432,1432
8632,8632
9485,9485
6846,6846
8881,8881
8822,8822
1012,1012
4794,4794
1474,1474
7658,7658
2739,2739
4407,4407
2863,2863
3746,3746
246,246
9001,9001
9999,9999
6096,6096
6752,6752
5792,5792
5270,5270
2424,2424
9607,9607
7456,7456
8784,8784
2594,2594
6698,6698
1562,1562
7830,7830
7730,7730
7034,7034
4167,4167
7350,7350
5521,5521
4376,4376
2207,2207
9515,9515
6766,6766
7954,7954
1809,1809
4284,4284
4669,4669
6602,6602
9220,9220
5813,5813
1063,1063
9282,9282
7673,7673
4330,4330
6346,6346
6259,6259
6231,6231
3605,3605
2124,2124
8479,8479
4551,4551
589,589
9739,9739
829,829
7937,7937
8492,8492
7199,7199
7799,7799
2214,2214
9541,9541
3429,3429
2623,2623
7,7
7997,7997
7849,7849
5716,5716
4844,4844
7518,7518
5570,5570
74,74
840,840
314,314
9321,9321
6682,6682
6184,6184
8922,8922
5737,5737
5246,5246
8925,8925
1638,1638
7839,7839
8758,8758
1815,1815
5882,5882
2257,2257
7399,7399
5018,5018
1795,1795
7009,7009
831,831
5650,5650
448,448
947,947
419,419
8686,8686
6037,6037
8663,8663
9104,9104
2901,2901
417,417
1615,1615
3569,3569
6095,6095
2405,2405
8814,8814
917,917
3534,3534
5932,5932
543,543
4039,4039
4555,4555
8087,8087
2156,2156
215,215
875,875
7425,7425
8801,8801
4300,4300
6063,6063
2705,2705
9414,9414
1205,1205
5460,5460
4337,4337
1046,1046
135,135
4523,4523
3476,3476
2582,2582
9798,9798
4786,4786
8426,8426
1017,1017
3946,3946
6177,6177
8589,8589
3681,3681
7197,7197
6525,6525
1314,1314
8798,8798
5475,5475
8903,8903
4654,4654
2680,2680
7380,7380
1628,1628
7697,7697
8760,8760
4998,4998
252,252
8066,8066
1745,1745
9187,9187
1137,1137
9550,9550
7126,7126
8928,8928
6540,6540
5602,5602
2130,2130
2363,2363
2871,2871
6806,6806
5176,5176
1433,1433
2855,2855
9636,9636
5588,5588
666,666
3156,3156
3809,3809
6910,6910
3179,3179
9125,9125
3981,3981
8979,8979
6395,6395
2575,2575
1676,1676
6258,6258
7677,7677
824,824
6641,6641
3465,3465
2789,2789
8084,8084
3497,3497
6196,6196
1196,1196
2499,2499
6981,6981
8127,8127
1275,1275
459,459
8611,8611
1395,1395
2050,2050
4381,4381
7381,7381
912,912
163,163
4299,4299
9516,9516
2435,2435
1709,1709
8312,8312
3724,3724
5744,5744
473,473
5659,5659
3631,3631
1910,1910
5674,5674
9299,9299
1785,1785
8944,8944
206,206
8495,8495
1948,1948
6402,6402
4371,4371
7035,7035
6741,6741
6252,6252
9236,9236
6490,6490
5306,5306
9263,9263
6223,6223
9548,9548
3280,3280
2268,2268
7221,7221
7535,7535
4172,4172
808,808
9832,9832
9159,9159
1116,1116
6308,6308
8242,8242
4185,4185
7485,7485
5921,5921
7144,7144
2992,2992
7076,7076
2406,2406
8481,8481
7741,7741
3616,3616
4231,4231
1754,1754
7680,7680
4030,4030
2476,2476
4891,4891
225,225
4982,4982
2163,2163
2658,2658
6136,6136
6040,6040
516,516
6129,6129
3385,3385
6717,6717
6644,6644
369,369
5288,5288
3858,3858
5399,5399
7433,7433
5939,5939
3579,3579
8773,8773
5437,5437
5507,5507
3219,3219
1640,1640
5329,5329
4531,4531
6031,6031
8178,8178
814,814
9778,9778
8338,8338
4712,4712
2870,2870
9571,9571
2083,2083
5199,5199
3607,3607
3778,3778
7251,7251
4781,4781
9067,9067
8482,8482
9082,9082
4388,4388
2537,2537
850,850
5675,5675
6162,6162
5698,5698
8430,8430
4360,4360
575,575
2797,2797
3925,3925
88,88
7646,7646
1061,1061
5309,5309
9535,9535
6362,6362
4481,4481
6561,6561
4117,4117
1370,1370
6355,6355
618,618
245,245
190,190
1588,1588
9543,9543
5173,5173
2831,2831
5970,5970
5401,5401
8734,8734
9975,9975
8828,8828
8782,8782
7317,7317
6847,6847
6899,6899
1370,1370
1286,1286
6403,6403
2,2
1056,1056
5924,5924
2910,2910
942,942
9693,9693
7896,7896
3333,3333
9470,9470
3897,3897
9105,9105
5666,5666
7607,7607
4033,4033
2033,2033
9388,9388
187,187
1651,1651
5019,5019
292,292
8736,8736
9788,9788
2880,2880
1948,1948
6529,6529
6503,6503
7351,7351
3084,3084
8527,8527
4962,4962
5009,5009
3241,3241
8102,8102
30,30
7082,7082
2552,2552
8031,8031
9960,9960
2456,2456
4720,4720
9652,9652
432,432
6667,6667
5121,5121
2819,2819
1266,1266
6801,6801
3899,3899
3104,3104
4177,4177
7092,7092
1454,1454
7043,7043
2578,2578
7853,7853
7634,7634
5683,5683
34,34
5706,5706
8679,8679
2294,2294
333,333
2114,2114
4655,4655
2487,2487
4622,4622
3435,3435
3536,3536
1812,1812
7268,7268
1863,1863
7255,7255
9920,9920
4815,4815
2535,2535
9249,9249
9726,9726
5835,5835
8072,8072
7556,7556
3862,3862
2952,2952
5295,5295
8462,8462
2610,2610
7861,7861
7881,7881
4754,4754
4209,4209
9459,9459
4762,4762
4511,4511
7176,7176
4798,4798
5255,5255
1842,1842
975,975
5257,5257
196,196
8986,8986
1657,1657
3706,3706
912,912
1819,1819
8620,8620
4908,4908
2157,2157
8869,8869
8028,8028
4787,4787
9636,9636
8828,8828
1045,1045
2153,2153
9901,9901
568,568
993,993
1506,1506
7801,7801
6675,6675
4432,4432
1244,1244
3591,3591
7298,7298
5430,5430
6743,6743
3468,3468
8159,8159
5827,5827
260,260
6271,6271
3550,3550
5449,5449
1511,1511
2828,2828
5420,5420
2324,2324
6696,6696
16,16
4814,4814
6045,6045
1291,1291
1429,1429
8444,8444
91,91
892,892
9905,9905
2279,2279
214,214
1791,1791
8404,8404
3776,3776
1479,1479
1210,1210
9030,9030
1530,1530
5634,5634
3190,3190
726,726
8163,8163
5197,5197
6205,6205
8516,8516
8104,8104
9775,9775
7465,7465
8920,8920
2533,2533
1323,1323
5795,5795
9819,9819
9809,9809
2292,2292
7208,7208
1739,1739
5747,5747
3644,3644
6409,6409
1845,1845
2527,2527
3168,3168
6826,6826
9396,9396
9354,9354
1252,1252
5676,5676
2960,2960
7903,7903
5332,5332
5405,5405
8149,8149
3958,3958
7602,7602
5622,5622
2751,2751
9650,9650
4374,4374
6010,6010
8672,8672
9805,9805
3111,3111
6385,6385
5210,5210
6268,6268
1496,1496
5180,5180
7845,7845
4635,4635
7541,7541
1823,1823
5526,5526
9106,9106
4463,4463
5008,5008
764,764
2630,2630
5192,5192
4054,4054
9353,9353
7476,7476
7676,7676
2651,2651
6760,6760
9106,9106
6035,6035
7406,7406
6360,6360
5938,5938
9696,9696
9500,9500
5983,5983
6238,6238
7765,7765
4701,4701
8983,8983
3144,3144
289,289
8349,8349
6321,6321
5850,5850
7866,7866
6544,6544
479,479
5077,5077
5617,5617
4356,4356
3678,3678
103,103
1412,1412
5902,5902
1002,1002
6724,6724
6724,6724
2347,2347
1370,1370
3445,3445
1935,1935
6235,6235
1584,1584
6503,6503
95,95
7402,7402
385,385
4570,4570
6820,6820
4061,4061
7604,7604
4681,4681
1641,1641
8373,8373
9027,9027
4025,4025
7161,7161
2864,2864
1154,1154
6169,6169
1910,1910
7293,7293
5788,5788
1000,1000
5477,5477
1092,1092
2672,2672
5064,5064
9473,9473
6390,6390
6627,6627
8730,8730
7301,7301
4369,4369
5733,5733
8404,8404
811,811
6085,6085
1661,1661
7255,7255
507,507
2395,2395
9620,9620
1656,1656
4893,4893
2811,2811
5983,5983
1611,1611
2461,2461
3914,3914
1093,1093
6363,6363
224,224
2361,2361
2658,2658
8714,8714
951,951
9609,9609
8908,8908
1497,1497
9672,9672
9759,9759
7357,7357
7629,7629
1836,1836
1596,1596
1376,1376
1242,1242
3667,3667
6584,6584
6007,6007
6828,6828
7640,7640
3680,3680
4234,4234
1422,1422
9874,9874
6163,6163
2255,2255
2188,2188
1846,1846
9152,9152
3942,3942
117,117
9719,9719
7086,7086
3004,3004
7108,7108
2532,2532
1557,1557
2653,2653
7645,7645
1063,1063
5607,5607
4443,4443
1822,1822
2574,2574
2008,2008
9960,9960
2477,2477
4112,4112
9409,9409
5159,5159
8299,8299
9791,9791
246,246
8121,8121
218,218
7411,7411
7593,7593
2764,2764
5176,5176
7936,7936
9731,9731
422,422
7464,7464
8872,8872
7588,7588
4248,4248
1302,1302
2725,2725
3059,3059
3416,3416
2372,2372
6096,6096
5453,5453
3588,3588
287,287
1243,1243
3749,3749
1566,1566
7457,7457
6027,6027
1681,1681
8903,8903
4287,4287
7549,7549
7907,7907
178,178
9740,9740
8436,8436
207,207
7760,7760
3766,3766
688,688
768,768
292,292
9820,9820
6427,6427
3115,3115
308,308
8302,8302
674,674
6978,6978
5727,5727
7395,7395
2794,2794
94,94
6403,6403
2779,2779
5048,5048
8157,8157
2636,2636
5443,5443
3415,3415
9764,9764
8917,8917
7332,7332
6668,6668
3432,3432
3340,3340
7745,7745
4400,4400
2439,2439
4717,4717
2159,2159
7369,7369
1185,1185
1792,1792
5533,5533
1260,1260
9936,9936
726,726
8451,8451
8009,8009
1656,1656
1125,1125
2566,2566
8735,8735
320,320
9817,9817
5768,5768
6570,6570
6636,6636
6226,6226
4633,4633
6963,6963
3017,3017
9373,9373
591,591
1853,1853
8233,8233
154,154
586,586
8361,8361
3942,3942
3152,3152
198,198
8338,8338
1335,1335
6533,6533
2913,2913
301,301
3889,3889
4797,4797
381,381
4468,4468
6835,6835
8481,8481
5682,5682
1927,1927
5126,5126
3441,3441
9871,9871
286,286
5678,5678
7118,7118
5731,5731
3952,3952
2762,2762
7761,7761
5134,5134
6017,6017
8285,8285
6658,6658
8588,8588
318,318
2981,2981
1914,1914
2983,2983
5005,5005
9315,9315
9674,9674
9932,9932
3473,3473
220,220
307,307
5815,5815
1748,1748
5233,5233
1008,1008
3576,3576
7328,7328
7773,7773
621,621
9817,9817
5193,5193
4942,4942
5302,5302
5312,5312
2817,2817
5585,5585
4938,4938
5432,5432
7782,7782
1794,1794
4730,4730
5893,5893
3301,3301
8058,8058
4509,4509
4028,4028
5932,5932
7974,7974
3102,3102
7713,7713
6240,6240
6811,6811
398,398
753,753
9858,9858
7030,7030
9459,9459
5036,5036
6971,6971
5219,5219
3498,3498
816,816
9531,9531
379,379
4504,4504
2835,2835
7052,7052
7940,7940
5470,5470
2954,2954
7129,7129
3814,3814
2156,2156
5542,5542
986,986
1555,1555
1588,1588
6585,6585
8859,8859
904,904
9149,9149
4800,4800
6886,6886
6244,6244
473,473
4197,4197
4457,4457
2534,2534
4908,4908
1670,1670
6438,6438
5604,5604
3386,3386
8779,8779
5535,5535
8900,8900
1560,1560
2153,2153
1672,1672
6110,6110
5074,5074
7138,7138
1627,1627
5067,5067
978,978
1614,1614
2115,2115
6269,6269
9949,9949
8944,8944
3524,3524
3360,3360
779,779
7345,7345
6643,6643
8753,8753
2910,2910
1186,1186
5609,5609
1308,1308
527,527
7485,7485
9143,9143
1159,1159
2566,2566
2257,2257
9596,9596
4122,4122
2061,2061
1236,1236
6161,6161
3966,3966
419,419
8825,8825
7356,7356
1637,1637
3575,3575
6612,6612
1677,1677
3096,3096
1347,1347
4629,4629
9825,9825
3944,3944
8652,8652
8695,8695
2264,2264
3343,3343
7709,7709
8039,8039
1154,1154
3493,3493
9682,9682
2999,2999
1531,1531
8772,8772
7186,7186
866,866
1557,1557
5018,5018
2283,2283
4805,4805
3776,3776
1328,1328
2308,2308
252,252
8085,8085
9391,9391
8179,8179
2586,2586
9990,9990
2896,2896
9352,9352
3044,3044
4464,4464
8334,8334
1554,1554
4961,4961
35,35
232,232
9314,9314
938,938
4320,4320
3255,3255
2937,2937
2472,2472
73,73
6902,6902
1214,1214
6598,6598
4739,4739
4122,4122
4303,4303
8456,8456
7088,7088
8289,8289
369,369
6579,6579
3116,3116
9560,9560
6226,6226
1804,1804
9582,9582
865,865
7650,7650
6617,6617
5730,5730
342,342
6619,6619
1598,1598
9655,9655
1295,1295
869,869
9478,9478
6790,6790
1429,1429
7942,7942
516,516
2542,2542
6006,6006
633,633
5692,5692
3768,3768
3916,3916
171,171
3448,3448
9238,9238
8523,8523
8106,8106
5698,5698
3359,3359
166,166
6876,6876
9153,9153
3705,3705
4722,4722
9147,9147
7213,7213
7921,7921
2823,2823
7204,7204
7218,7218
2491,2491
4763,4763
6043,6043
3805,3805
8187,8187
1795,1795
1883,1883
1936,1936
7329,7329
8181,8181
8453,8453
8978,8978
6809,6809
961,961
1237,1237
8334,8334
776,776
3128,3128
5660,5660
7121,7121
3428,3428
836,836
8000,8000
878,878
3325,3325
9708,9708
9922,9922
3532,3532
762,762
6542,6542
7956,7956
7332,7332
3874,3874
2356,2356
6537,6537
5592,5592
6344,6344
1399,1399
9814,9814
2291,2291
8130,8130
1044,1044
7496,7496
3462,3462
9187,9187
3520,3520
7418,7418
5801,5801
3749,3749
8745,8745
2752,2752
7982,7982
7961,7961
1566,1566
1393,1393
9652,9652
7135,7135
5419,5419
3519,3519
616,616
6225,6225
7038,7038
3820,3820
4822,4822
8489,8489
2213,2213
4938,4938
6190,6190
7459,7459
7093,7093
6048,6048
61,61
7650,7650
1449,1449
8367,8367
8463,8463
9649,9649
8683,8683
3976,3976
7475,7475
75,75
4911,4911
2968,2968
9861,9861
3490,3490
1419,1419
3298,3298
954,954
6567,6567
1168,1168
6206,6206
7390,7390
8990,8990
5057,5057
5837,5837
5318,5318
4194,4194
7815,7815
6922,6922
7014,7014
3360,3360
6481,6481
7642,7642
9832,9832
4545,4545
7746,7746
7013,7013
3975,3975
3991,3991
1570,1570
6842,6842
8845,8845
4300,4300
9221,9221
2481,2481
4590,4590
5249,5249
9791,9791
5677,5677
5197,5197
6370,6370
2759,2759
7805,7805
7603,7603
1675,1675
2366,2366
3976,3976
3529,3529
2860,2860
5350,5350
6212,6212
2838,2838
9392,9392
8980,8980
8143,8143
4054,4054
3961,3961
9837,9837
6065,6065
1883,1883
5179,5179
1460,1460
9863,9863
873,873
1099,1099
3380,3380
9674,9674
9730,9730
1599,1599
3213,3213
2340,2340
8519,8519
5858,5858
4522,4522
5184,5184
6078,6078
5121,5121
749,749
6642,6642
3970,3970
8529,8529
8301,8301
4965,4965
5895,5895
9917,9917
28,28
3052,3052
9399,9399
3001,3001
4656,4656
8177,8177
4999,4999
8997,8997
5558,5558
2348,2348
5814,5814
1132,1132
276,276
6949,6949
8215,8215
434,434
7126,7126
5149,5149
4574,4574
2161,2161
7513,7513
382,382
5998,5998
1131,1131
2650,2650
7732,7732
8858,8858
7165,7165
6433,6433
6393,6393
3258,3258
6212,6212
3344,3344
7240,7240
4203,4203
2345,2345
7346,7346
6877,6877
7539,7539
4639,4639
5839,5839
9576,9576
1573,1573
1544,1544
2393,2393
7060,7060
3306,3306
4618,4618
8554,8554
1028,1028
9163,9163
8634,8634
2328,2328
5441,5441
9412,9412
5749,5749
5033,5033
590,590
4021,4021
5541,5541
6443,6443
5397,5397
9253,9253
8136,8136
2121,2121
7204,7204
3641,3641
3763,3763
4025,4025
9039,9039
6575,6575
8625,8625
2042,2042
2819,2819
7082,7082
1006,1006
4814,4814
5946,5946
7012,7012
6075,6075
1262,1262
7999,7999
1705,1705
4460,4460
1657,1657
7534,7534
8569,8569
1774,1774
4190,4190
1380,1380
5394,5394
1036,1036
9838,9838
9824,9824
830,830
8756,8756
3127,3127
8890,8890
2972,2972
4605,4605
3644,3644
5008,5008
390,390
7314,7314
5838,5838
279,279
9583,9583
5251,5251
1394,1394
9050,9050
3592,3592
8063,8063
8364,8364
1535,1535
6670,6670
2143,2143
1441,1441
8298,8298
9140,9140
9746,9746
7101,7101
7133,7133
4015,4015
1448,1448
1083,1083
1429,1429
6333,6333
450,450
5506,5506
8231,8231
794,794
971,971
6080,6080
8838,8838
4970,4970
8040,8040
3398,3398
1984,1984
7723,7723
3448,3448
9143,9143
9687,9687
3205,3205
9023,9023
6036,6036
9143,9143
4213,4213
1082,1082
2847,2847
9555,9555
4864,4864
998,998
7330,7330
5405,5405
8677,8677
2088,2088
4474,4474
3548,3548
7113,7113
9637,9637
9086,9086
484,484
6479,6479
9971,9971
3303,3303
1187,1187
6441,6441
7252,7252
2450,2450
1670,1670
783,783
7838,7838
7862,7862
9156,9156
3142,3142
774,774
7613,7613
7679,7679
4409,4409
355,355
801,801
1647,1647
6705,6705
6149,6149
2534,2534
7947,7947
628,628
1363,1363
1224,1224
1643,1643
7435,7435
3047,3047
1971,1971
3453,3453
1576,1576
2432,2432
6360,6360
1038,1038
2843,2843
3068,3068
6108,6108
7140,7140
6141,6141
4432,4432
1955,1955
9301,9301
9290,9290
1650,1650
6369,6369
1421,1421
7959,7959
9165,9165
2810,2810
7080,7080
2017,2017
3290,3290
16,16
7854,7854
6666,6666
9064,9064
4606,4606
1387,1387
4229,4229
9822,9822
2609,2609
3366,3366
9357,9357
9322,9322
6990,6990
8927,8927
9350,9350
2544,2544
3328,3328
7677,7677
3145,3145
5465,5465
7798,7798
7133,7133
346,346
4631,4631
4121,4121
1224,1224
1443,1443
2111,2111
4822,4822
216,216
8348,8348
6209,6209
8280,8280
5524,5524
6103,6103
7684,7684
1496,1496
484,484
5884,5884
6760,6760
1057,1057
4600,4600
9311,9311
3737,3737
5707,5707
5337,5337
1067,1067
2809,2809
5976,5976
3584,3584
3694,3694
8262,8262
350,350
7607,7607
8445,8445
6060,6060
2072,2072
1921,1921
4038,4038
7306,7306
941,941
1241,1241
3387,3387
5902,5902
8146,8146
357,357
9233,9233
2058,2058
7956,7956
4473,4473
7757,7757
748,748
1693,1693
8795,8795
1586,1586
6529,6529
5546,5546
2644,2644
2268,2268
1249,1249
9043,9043
1154,1154
5756,5756
1320,1320
8591,8591
9923,9923
8019,8019
4677,4677
3542,3542
4958,4958
9354,9354
6823,6823
2294,2294
6290,6290
401,401
899,899
5417,5417
3184,3184
2570,2570
6677,6677
4454,4454
9931,9931
9020,9020
4613,4613
1496,1496
6038,6038
171,171
322,322
7552,7552
936,936
1388,1388
3533,3533
4161,4161
6269,6269
6751,6751
4339,4339
2311,2311
5268,5268
9104,9104
7241,7241
8062,8062
8732,8732
5233,5233
3088,3088
1461,1461
8654,8654
8864,8864
519,519
3628,3628
737,737
1435,1435
6776,6776
8715,8715
2853,2853
7099,7099
504,504
5757,5757
4261,4261
9530,9530
476,476
7997,7997
8874,8874
9091,9091
9938,9938
408,408
8994,8994
1508,1508
6721,6721
3343,3343
6442,6442
7908,7908
6573,6573
3287,3287
5713,5713
5231,5231
2220,2220
3957,3957
6687,6687
9472,9472
5075,5075
8868,8868
799,799
6666,6666
9814,9814
4565,4565
2332,2332
9722,9722
3199,3199
7352,7352
7188,7188
7960,7960
9923,9923
3356,3356
8038,8038
3037,3037
3261,3261
4048,4048
1909,1909
4221,4221
2304,2304
13635
10775
21012
29467
93182
45214
40656
18992
51524
58157
10639
47552
26021
83387
18890
29776
58897
46138
3644
49552
84838
21132
61118
56471
70056
61275
36969
58974
38509
16548
2025
77243
25914
13142
48758
74472
89835
32882
38514
3313
32839
4511
16595
55794
40467
64454
84807
28212
39520
46883
1487
36397
46578
29566
44325
55672
5642
62194
47424
7603
23233
20100
43750
8072
60204
82767
23693
32016
15077
27373
56506
69123
71317
19851
1931
41673
76264
51921
22036
89259
42151
14718
65974
26777
82365
49369
87841
75332
69682
65088
71856
1578
83615
14769
90550
86390
51896
56940
21579
43984
79016
48506
30922
38550
44705
69692
81048
47758
42926
73438
7686
42213
55968
11833
54512
18991
32149
85305
47095
43957
73283
22984
80851
15431
20057
18032
16258
55063
64587
67406
38343
50743
43789
51461
28456
47236
49224
68956
78469
11020
3513
29842
42590
46797
63525
33160
15125
76991
32459
17717
67772
27190
24184
37349
37728
4117
57300
42062
41317
16639
53779
37229
64358
64241
31681
13604
18747
22083
14441
78652
48537
5693
49433
19291
33143
56985
47064
72298
52369
17357
31722
59963
22200
5519
12854
76745
35442
52765
65
59988
45266
38875
73349
29208
53634
29199
66954
49073
61336
12691
4788
1784
44496
14795
65643
13554
78860
63237
15685
56849
30597
20870
61937
24783
16768
17470
57997
14738
70726
71898
13603
19754
30298
38991
49423
73746
25436
30747
62929
61057
31554
17498
54183
35411
66760
51061
50836
18519
10424
67943
3940
38152
24307
75190
16982
55150
29642
13145
13290
42063
9584
47601
24497
37412
62542
41320
11337
12671
29774
5884
20019
37442
10130
33098
5003
45526
56309
46978
27329
51016
30544
35776
36756
32035
53527
48058
41993
56953
50265
28725
62908
49725
19294
52381
56693
10933
12889
60745
240
38450
3566
8130
37357
37196
73
516
33022
62427
54752
51955
9876
38406
7619
28827
25590
28733
9720
13880
51160
27318
2589
49899
29109
26817
17921
48833
53738
21474
50203
31556
66762
55801
27431
28439
2077
42300
47381
51051
24970
5561
11930
41529
61809
34687
62879
14459
2990
46939
51085
27563
42403
51231
2263
19171
35164
47681
4484
65716
57234
65999
37207
8267
37919
39284
10456
18695
54604
42104
65512
44787
48530
32225
30380
33612
55909
17357
32252
40210
55792
10406
29151
56263
22124
14152
32824
55635
46248
29669
12631
17924
8115
17041
12518
2759
8659
24632
54498
49324
25994
2816
2749
24125
35852
1039
60176
28214
11030
58352
60851
2070
57058
10634
36330
46067
22530
55543
3304
58657
1175
25197
123
59685
48760
49245
3481
55528
41079
21556
45480
49378
37387
18502
25239
54733
18481
55857
6055
52704
10605
49873
11919
28747
73
20482
21957
54348
54202
40195
1094
5027
32641
16864
12593
3121
51282
30300
32969
16253
46493
36518
19163
48678
43440
21811
17680
20392
39064
25906
28977
41419
20979
5801
36236
45528
42909
20797
13959
47069
56540
17522
3746
47276
38548
1003
17812
21364
18474
31698
34430
17936
55016
13605
4537
29156
16150
38675
20401
45517
51089
54445
10351
1926
31476
11833
1415
31562
34102
48008
1761
34421
16176
35517
16543
22224
29714
28953
1286
39058
45005
40530
52528
25369
18575
28883
15697
12830
39929
34179
37674
40858
17567
40719
21268
51290
27071
35479
39930
28710
35229
30766
11124
36377
46247
1302
876
17452
1857
28990
38422
687
48953
22689
17444
16418
40136
51703
49381
33246
2621
33680
39022
31170
26248
18271
35680
25772
562
8243
27516
42169
43539
44095
32659
9640
25636
5428
16552
34126
40117
27627
28186
11734
33977
1098
21967
5186
6527
41097
27825
46001
38591
38589
38397
46796
9350
11998
45924
2740
29580
48934
199
35932
32502
5770
19389
25494
21367
3969
4902
37083
16685
27054
29264
13259
41765
24929
23960
29215
22520
1399
9013
34391
30065
43311
31392
11849
30492
16768
16699
12370
30981
1664
37926
21688
22037
42613
30390
14742
30599
41481
6009
12851
7892
30267
30239
24657
31345
16358
3109
25825
17419
20473
22585
45123
2045
7913
45083
18542
7421
32333
20629
42288
36311
19856
27227
25593
12030
40025
4491
37236
8920
27760
35915
3826
28096
36829
42383
12871
34246
16216
39792
16532
18520
34561
23622
12622
25478
34899
21952
21778
34785
18458
2350
43052
11442
25455
1121
20799
33090
39854
19198
6143
33229
6283
11306
5707
26574
8843
27136
42342
13875
33408
12486
25400
29390
593
32089
36992
32639
12619
19379
35179
8045
8006
11182
39369
5149
31243
24258
9770
29081
14191
27685
2609
14500
23714
29658
3035
39968
3772
35160
6189
39952
21319
17742
15890
1281
11910
31201
9499
35207
17744
2625
30456
15112
27412
25955
9022
6906
35970
9470
11756
3042
5627
13489
9337
11789
13767
25337
26814
1108
10070
22262
21685
19778
10607
10048
25976
6380
8742
34567
28970
5824
25876
15735
19989
28594
3207
22476
34406
31253
660
75
15103
28475
32802
16898
34941
25730
12243
3842
12604
5619
25612
4557
31071
35136
38016
1692
17287
