424,424
488,488
556,556
835,835
800,800
444,444
99,99
883,883
712,712
782,782
871,871
505,505
899,899
554,554
442,442
59,59
768,768
447,447
356,356
52,52
422,422
225,225
759,759
984,984
959,959
725,725
400,400
452,452
96,96
231,231
444,444
961,961
739,739
95,95
720,720
903,903
509,509
129,129
188,188
643,643
481,481
736,736
669,669
38,38
496,496
541,541
419,419
984,984
174,174
208,208
790,790
464,464
397,397
595,595
943,943
275,275
971,971
303,303
470,470
385,385
984,984
310,310
279,279
402,402
183,183
424,424
966,966
509,509
32,32
584,584
686,686
715,715
217,217
544,544
276,276
198,198
367,367
28,28
169,169
261,261
104,104
762,762
335,335
821,821
694,694
441,441
989,989
345,345
1,1
43,43
190,190
514,514
647,647
359,359
632,632
131,131
941,941
529,529
549,549
677,677
815,815
198,198
168,168
424,424
468,468
883,883
192,192
647,647
44,44
613,613
485,485
448,448
288,288
809,809
874,874
109,109
742,742
854,854
318,318
155,155
408,408
304,304
853,853
664,664
943,943
557,557
107,107
574,574
225,225
28,28
924,924
221,221
878,878
809,809
717,717
150,150
229,229
140,140
484,484
421,421
198,198
833,833
48,48
58,58
868,868
167,167
207,207
663,663
559,559
598,598
408,408
83,83
855,855
52,52
860,860
469,469
514,514
430,430
19,19
467,467
265,265
846,846
782,782
914,914
726,726
903,903
91,91
669,669
664,664
655,655
686,686
260,260
158,158
574,574
838,838
422,422
977,977
402,402
739,739
406,406
141,141
242,242
235,235
98,98
627,627
574,574
11,11
781,781
637,637
90,90
91,91
633,633
679,679
462,462
429,429
977,977
981,981
2,2
309,309
287,287
392,392
699,699
497,497
859,859
18,18
921,921
547,547
326,326
621,621
473,473
859,859
521,521
129,129
905,905
810,810
229,229
660,660
198,198
549,549
947,947
682,682
717,717
575,575
757,757
52,52
743,743
736,736
343,343
878,878
315,315
203,203
927,927
101,101
468,468
900,900
144,144
368,368
401,401
48,48
696,696
67,67
824,824
98,98
159,159
684,684
20,20
158,158
632,632
798,798
576,576
536,536
950,950
505,505
254,254
236,236
17,17
717,717
977,977
225,225
226,226
9,9
477,477
579,579
46,46
888,888
132,132
976,976
26,26
735,735
941,941
379,379
803,803
232,232
697,697
102,102
58,58
478,478
471,471
705,705
79,79
742,742
963,963
782,782
464,464
550,550
993,993
90,90
703,703
447,447
323,323
201,201
783,783
703,703
971,971
344,344
911,911
764,764
483,483
510,510
629,629
302,302
657,657
457,457
383,383
783,783
405,405
609,609
964,964
869,869
280,280
951,951
630,630
535,535
558,558
47,47
873,873
859,859
181,181
348,348
155,155
528,528
505,505
354,354
819,819
392,392
107,107
494,494
60,60
800,800
91,91
827,827
508,508
888,888
314,314
158,158
660,660
525,525
306,306
815,815
341,341
853,853
563,563
510,510
437,437
208,208
419,419
323,323
852,852
860,860
739,739
193,193
861,861
202,202
784,784
743,743
865,865
651,651
367,367
14,14
769,769
868,868
212,212
335,335
186,186
730,730
631,631
622,622
114,114
218,218
786,786
49,49
939,939
97,97
306,306
75,75
895,895
244,244
622,622
262,262
547,547
316,316
948,948
9,9
527,527
756,756
582,582
629,629
781,781
901,901
28,28
255,255
646,646
989,989
528,528
552,552
487,487
174,174
740,740
142,142
726,726
244,244
617,617
702,702
10,10
377,377
920,920
935,935
923,923
642,642
447,447
103,103
798,798
127,127
399,399
343,343
579,579
671,671
200,200
928,928
725,725
121,121
468,468
875,875
154,154
179,179
101,101
599,599
919,919
440,440
736,736
184,184
983,983
579,579
312,312
165,165
262,262
707,707
189,189
182,182
143,143
654,654
821,821
83,83
418,418
266,266
985,985
923,923
729,729
431,431
412,412
215,215
357,357
522,522
854,854
319,319
750,750
965,965
618,618
524,524
975,975
387,387
916,916
600,600
447,447
785,785
547,547
91,91
627,627
433,433
241,241
464,464
257,257
445,445
604,604
599,599
463,463
376,376
441,441
220,220
793,793
374,374
583,583
732,732
175,175
674,674
586,586
606,606
376,376
164,164
437,437
446,446
719,719
919,919
43,43
193,193
865,865
158,158
634,634
823,823
234,234
560,560
218,218
766,766
514,514
106,106
691,691
328,328
653,653
553,553
541,541
54,54
611,611
593,593
968,968
185,185
938,938
679,679
708,708
805,805
202,202
511,511
418,418
94,94
755,755
617,617
484,484
39,39
895,895
469,469
840,840
121,121
318,318
428,428
945,945
650,650
257,257
946,946
914,914
518,518
640,640
310,310
415,415
706,706
938,938
340,340
222,222
944,944
364,364
451,451
542,542
344,344
263,263
449,449
605,605
288,288
967,967
606,606
479,479
745,745
515,515
9,9
706,706
653,653
6,6
287,287
745,745
561,561
890,890
348,348
288,288
934,934
912,912
935,935
598,598
240,240
511,511
699,699
799,799
793,793
844,844
605,605
795,795
26,26
595,595
78,78
749,749
565,565
631,631
459,459
642,642
127,127
195,195
830,830
236,236
969,969
991,991
289,289
116,116
586,586
227,227
168,168
650,650
961,961
741,741
543,543
142,142
312,312
582,582
500,500
433,433
493,493
615,615
785,785
304,304
446,446
574,574
570,570
431,431
924,924
222,222
405,405
654,654
149,149
961,961
308,308
909,909
835,835
516,516
90,90
762,762
350,350
973,973
494,494
268,268
16,16
783,783
769,769
174,174
943,943
712,712
560,560
290,290
689,689
557,557
420,420
636,636
300,300
907,907
983,983
264,264
659,659
757,757
87,87
86,86
932,932
183,183
735,735
545,545
398,398
25,25
376,376
195,195
302,302
226,226
948,948
459,459
264,264
535,535
796,796
453,453
141,141
324,324
501,501
562,562
477,477
733,733
946,946
414,414
635,635
152,152
819,819
917,917
645,645
470,470
177,177
295,295
12,12
799,799
341,341
6,6
372,372
621,621
165,165
461,461
813,813
876,876
548,548
368,368
967,967
246,246
629,629
423,423
219,219
124,124
511,511
480,480
988,988
332,332
460,460
874,874
964,964
650,650
377,377
846,846
468,468
479,479
30,30
751,751
784,784
211,211
538,538
656,656
521,521
308,308
211,211
192,192
8,8
79,79
405,405
169,169
281,281
466,466
532,532
494,494
841,841
176,176
826,826
709,709
119,119
968,968
436,436
501,501
743,743
45,45
397,397
928,928
377,377
149,149
296,296
776,776
851,851
88,88
311,311
581,581
246,246
291,291
125,125
434,434
668,668
813,813
780,780
375,375
905,905
311,311
501,501
289,289
862,862
810,810
710,710
940,940
900,900
548,548
136,136
651,651
238,238
429,429
168,168
144,144
951,951
837,837
579,579
743,743
315,315
382,382
13,13
331,331
374,374
678,678
180,180
265,265
805,805
432,432
127,127
873,873
550,550
83,83
845,845
708,708
468,468
718,718
709,709
249,249
816,816
453,453
319,319
88,88
231,231
393,393
307,307
794,794
773,773
535,535
912,912
856,856
93,93
326,326
411,411
198,198
742,742
72,72
621,621
261,261
122,122
4,4
812,812
997,997
552,552
322,322
684,684
533,533
235,235
797,797
610,610
97,97
48,48
530,530
672,672
490,490
671,671
661,661
709,709
599,599
783,783
653,653
313,313
983,983
645,645
306,306
334,334
148,148
957,957
477,477
215,215
115,115
779,779
823,823
522,522
966,966
50,50
70,70
236,236
695,695
10,10
843,843
523,523
406,406
814,814
329,329
467,467
220,220
514,514
474,474
358,358
495,495
28,28
695,695
682,682
921,921
297,297
543,543
278,278
953,953
843,843
970,970
437,437
490,490
382,382
188,188
536,536
704,704
894,894
473,473
566,566
495,495
356,356
948,948
283,283
860,860
692,692
890,890
838,838
786,786
25,25
465,465
456,456
355,355
248,248
317,317
440,440
577,577
556,556
726,726
117,117
168,168
605,605
910,910
188,188
723,723
265,265
834,834
816,816
29,29
136,136
517,517
290,290
787,787
241,241
460,460
39,39
440,440
715,715
141,141
131,131
869,869
255,255
454,454
668,668
126,126
319,319
152,152
201,201
954,954
113,113
18,18
982,982
315,315
902,902
682,682
296,296
456,456
850,850
195,195
922,922
494,494
769,769
856,856
560,560
370,370
156,156
565,565
582,582
435,435
871,871
23,23
340,340
179,179
230,230
32,32
440,440
235,235
906,906
696,696
228,228
250,250
888,888
788,788
910,910
560,560
418,418
436,436
989,989
887,887
769,769
207,207
271,271
639,639
392,392
135,135
427,427
39,39
630,630
539,539
144,144
166,166
437,437
773,773
336,336
818,818
189,189
349,349
606,606
957,957
656,656
455,455
558,558
25,25
219,219
437,437
145,145
528,528
70,70
848,848
888,888
722,722
424,424
385,385
492,492
851,851
78,78
855,855
899,899
991,991
354,354
522,522
639,639
239,239
306,306
718,718
758,758
352,352
587,587
199,199
914,914
730,730
294,294
344,344
47,47
37,37
272,272
793,793
121,121
226,226
554,554
606,606
89,89
670,670
145,145
892,892
602,602
602,602
561,561
569,569
822,822
853,853
472,472
745,745
794,794
579,579
688,688
247,247
531,531
850,850
14,14
121,121
49,49
651,651
848,848
937,937
350,350
796,796
506,506
604,604
616,616
799,799
876,876
249,249
694,694
135,135
344,344
28,28
348,348
906,906
256,256
500,500
328,328
132,132
648,648
467,467
909,909
143,143
725,725
416,416
10,10
227,227
989,989
285,285
440,440
257,257
68,68
822,822
717,717
228,228
397,397
745,745
430,430
433,433
330,330
960,960
747,747
438,438
355,355
129,129
704,704
389,389
604,604
688,688
194,194
718,718
945,945
238,238
626,626
870,870
438,438
987,987
536,536
20,20
668,668
289,289
593,593
967,967
720,720
667,667
905,905
275,275
942,942
479,479
682,682
644,644
724,724
593,593
273,273
468,468
829,829
811,811
740,740
227,227
487,487
337,337
110,110
387,387
859,859
636,636
117,117
221,221
317,317
293,293
511,511
780,780
104,104
183,183
792,792
175,175
23,23
852,852
304,304
310,310
362,362
717,717
653,653
935,935
866,866
330,330
986,986
399,399
27,27
725,725
753,753
741,741
619,619
535,535
267,267
679,679
87,87
255,255
525,525
909,909
363,363
562,562
57,57
566,566
317,317
342,342
935,935
733,733
12,12
947,947
159,159
417,417
333,333
422,422
48,48
7,7
782,782
4,4
257,257
69,69
448,448
775,775
103,103
628,628
867,867
861,861
294,294
865,865
887,887
965,965
803,803
826,826
930,930
686,686
985,985
742,742
381,381
772,772
625,625
198,198
67,67
525,525
510,510
708,708
330,330
815,815
826,826
769,769
303,303
313,313
137,137
690,690
504,504
76,76
300,300
455,455
17,17
674,674
870,870
522,522
962,962
447,447
429,429
951,951
468,468
190,190
71,71
289,289
793,793
751,751
471,471
281,281
748,748
831,831
573,573
358,358
573,573
716,716
84,84
894,894
543,543
164,164
320,320
990,990
43,43
488,488
159,159
222,222
844,844
451,451
908,908
698,698
701,701
72,72
998,998
973,973
261,261
16,16
261,261
875,875
226,226
595,595
654,654
136,136
320,320
254,254
150,150
263,263
141,141
47,47
879,879
11,11
859,859
822,822
178,178
923,923
228,228
487,487
566,566
880,880
327,327
274,274
767,767
617,617
161,161
782,782
272,272
108,108
558,558
13,13
832,832
405,405
319,319
522,522
738,738
421,421
81,81
943,943
671,671
957,957
415,415
362,362
753,753
666,666
887,887
251,251
791,791
891,891
928,928
419,419
290,290
682,682
469,469
731,731
430,430
542,542
972,972
331,331
664,664
735,735
767,767
664,664
749,749
789,789
180,180
93,93
955,955
77,77
407,407
904,904
276,276
179,179
571,571
959,959
399,399
506,506
433,433
202,202
849,849
30,30
40,40
120,120
660,660
697,697
568,568
568,568
111,111
578,578
37,37
458,458
36,36
329,329
333,333
818,818
610,610
985,985
219,219
523,523
624,624
654,654
225,225
535,535
430,430
509,509
452,452
957,957
569,569
351,351
548,548
969,969
251,251
692,692
803,803
795,795
514,514
142,142
402,402
564,564
374,374
372,372
992,992
651,651
728,728
498,498
449,449
394,394
680,680
504,504
213,213
136,136
605,605
864,864
762,762
399,399
192,192
554,554
64,64
622,622
834,834
858,858
644,644
938,938
906,906
633,633
135,135
916,916
179,179
696,696
496,496
706,706
384,384
891,891
458,458
971,971
165,165
52,52
816,816
890,890
819,819
9,9
412,412
735,735
676,676
887,887
394,394
931,931
517,517
911,911
336,336
773,773
755,755
833,833
737,737
578,578
677,677
835,835
389,389
191,191
308,308
984,984
154,154
599,599
993,993
520,520
260,260
856,856
828,828
861,861
336,336
601,601
576,576
123,123
894,894
157,157
269,269
482,482
674,674
900,900
134,134
942,942
760,760
164,164
918,918
645,645
796,796
718,718
528,528
719,719
281,281
916,916
476,476
519,519
671,671
984,984
372,372
217,217
7,7
964,964
675,675
517,517
658,658
140,140
450,450
161,161
507,507
311,311
431,431
900,900
124,124
456,456
251,251
426,426
248,248
430,430
967,967
34,34
861,861
8,8
913,913
336,336
475,475
961,961
132,132
959,959
798,798
38,38
618,618
813,813
817,817
612,612
508,508
799,799
35,35
25,25
385,385
574,574
443,443
62,62
614,614
477,477
373,373
45,45
756,756
372,372
67,67
35,35
387,387
252,252
654,654
556,556
823,823
463,463
69,69
147,147
440,440
774,774
344,344
880,880
976,976
658,658
828,828
723,723
481,481
102,102
385,385
199,199
353,353
408,408
955,955
667,667
722,722
823,823
576,576
554,554
876,876
654,654
757,757
423,423
693,693
42,42
544,544
546,546
899,899
600,600
612,612
941,941
512,512
481,481
556,556
507,507
333,333
301,301
496,496
559,559
528,528
541,541
791,791
574,574
68,68
979,979
239,239
886,886
727,727
297,297
137,137
26,26
756,756
1,1
979,979
468,468
210,210
734,734
582,582
6,6
386,386
524,524
525,525
23,23
943,943
384,384
931,931
305,305
246,246
630,630
52,52
209,209
550,550
56,56
224,224
543,543
553,553
788,788
228,228
954,954
201,201
305,305
41,41
967,967
605,605
734,734
371,371
509,509
684,684
589,589
287,287
773,773
487,487
106,106
877,877
820,820
124,124
185,185
575,575
399,399
387,387
254,254
606,606
597,597
887,887
608,608
598,598
78,78
171,171
617,617
813,813
204,204
797,797
361,361
79,79
751,751
712,712
231,231
976,976
959,959
449,449
604,604
99,99
494,494
881,881
376,376
883,883
561,561
394,394
213,213
364,364
442,442
530,530
192,192
20,20
325,325
764,764
910,910
625,625
653,653
165,165
246,246
269,269
927,927
173,173
599,599
870,870
564,564
286,286
133,133
987,987
888,888
404,404
846,846
11,11
563,563
327,327
526,526
490,490
115,115
475,475
280,280
574,574
940,940
1000,1000
814,814
148,148
962,962
995,995
545,545
172,172
624,624
949,949
696,696
124,124
333,333
158,158
27,27
650,650
58,58
874,874
935,935
999,999
941,941
851,851
903,903
453,453
960,960
68,68
404,404
934,934
634,634
384,384
756,756
819,819
135,135
639,639
992,992
577,577
876,876
736,736
586,586
290,290
659,659
498,498
631,631
902,902
425,425
91,91
498,498
723,723
326,326
294,294
733,733
933,933
11,11
251,251
892,892
199,199
996,996
539,539
476,476
238,238
259,259
404,404
49,49
435,435
390,390
487,487
690,690
32,32
124,124
690,690
682,682
948,948
917,917
573,573
581,581
678,678
409,409
693,693
495,495
905,905
308,308
454,454
302,302
587,587
216,216
970,970
289,289
155,155
644,644
94,94
184,184
348,348
898,898
42,42
833,833
338,338
18,18
909,909
642,642
688,688
869,869
860,860
668,668
938,938
991,991
650,650
203,203
234,234
46,46
345,345
506,506
299,299
853,853
940,940
305,305
472,472
653,653
843,843
783,783
414,414
522,522
240,240
857,857
483,483
254,254
474,474
739,739
849,849
445,445
76,76
837,837
453,453
186,186
725,725
513,513
232,232
967,967
187,187
44,44
703,703
434,434
574,574
611,611
663,663
128,128
864,864
905,905
16,16
932,932
805,805
70,70
57,57
110,110
563,563
462,462
467,467
398,398
459,459
571,571
100,100
396,396
76,76
808,808
73,73
329,329
441,441
470,470
749,749
195,195
880,880
963,963
470,470
178,178
510,510
615,615
638,638
433,433
568,568
386,386
676,676
930,930
572,572
408,408
230,230
401,401
465,465
780,780
275,275
146,146
185,185
527,527
931,931
159,159
936,936
117,117
868,868
994,994
617,617
593,593
954,954
118,118
177,177
158,158
980,980
966,966
593,593
557,557
127,127
245,245
356,356
802,802
967,967
711,711
615,615
125,125
210,210
388,388
321,321
450,450
387,387
455,455
885,885
265,265
444,444
860,860
293,293
35,35
561,561
639,639
693,693
568,568
620,620
847,847
283,283
412,412
820,820
837,837
637,637
800,800
468,468
992,992
620,620
452,452
503,503
770,770
183,183
548,548
111,111
826,826
35,35
557,557
717,717
281,281
623,623
93,93
519,519
332,332
494,494
674,674
943,943
22,22
568,568
88,88
664,664
973,973
900,900
898,898
48,48
113,113
769,769
700,700
814,814
356,356
801,801
451,451
122,122
68,68
312,312
542,542
513,513
774,774
316,316
103,103
843,843
637,637
475,475
911,911
942,942
375,375
782,782
217,217
937,937
727,727
791,791
299,299
297,297
485,485
816,816
281,281
539,539
890,890
850,850
498,498
154,154
363,363
689,689
55,55
613,613
762,762
734,734
380,380
524,524
195,195
643,643
985,985
899,899
432,432
120,120
939,939
556,556
107,107
216,216
752,752
56,56
97,97
63,63
67,67
133,133
370,370
4,4
950,950
563,563
913,913
497,497
150,150
331,331
304,304
301,301
822,822
814,814
139,139
309,309
779,779
611,611
976,976
104,104
314,314
771,771
337,337
745,745
847,847
94,94
898,898
828,828
65,65
157,157
415,415
76,76
658,658
889,889
730,730
766,766
339,339
693,693
969,969
732,732
715,715
85,85
471,471
960,960
668,668
806,806
605,605
866,866
8,8
386,386
817,817
710,710
930,930
119,119
62,62
917,917
367,367
490,490
22,22
70,70
947,947
621,621
498,498
522,522
501,501
275,275
215,215
35,35
746,746
519,519
265,265
505,505
598,598
546,546
451,451
222,222
675,675
619,619
771,771
572,572
937,937
520,520
144,144
303,303
661,661
5,5
186,186
392,392
371,371
648,648
280,280
293,293
33,33
516,516
523,523
730,730
191,191
95,95
794,794
36,36
358,358
876,876
433,433
875,875
831,831
615,615
855,855
767,767
143,143
843,843
812,812
580,580
447,447
378,378
572,572
657,657
301,301
110,110
910,910
951,951
854,854
494,494
613,613
90,90
748,748
460,460
509,509
384,384
956,956
959,959
582,582
161,161
419,419
799,799
996,996
968,968
761,761
81,81
806,806
164,164
692,692
891,891
912,912
36,36
513,513
491,491
853,853
70,70
140,140
450,450
491,491
799,799
148,148
63,63
459,459
546,546
852,852
713,713
494,494
604,604
757,757
51,51
630,630
718,718
559,559
335,335
113,113
752,752
21,21
291,291
552,552
861,861
623,623
503,503
123,123
725,725
627,627
574,574
357,357
723,723
807,807
435,435
763,763
573,573
920,920
456,456
713,713
621,621
671,671
13,13
52,52
826,826
406,406
90,90
664,664
614,614
262,262
862,862
918,918
937,937
16,16
60,60
475,475
65,65
217,217
183,183
978,978
963,963
854,854
860,860
151,151
79,79
128,128
717,717
524,524
297,297
343,343
99,99
201,201
962,962
759,759
400,400
9,9
28,28
261,261
972,972
35,35
391,391
129,129
306,306
639,639
350,350
905,905
661,661
654,654
606,606
757,757
176,176
738,738
683,683
889,889
793,793
178,178
860,860
699,699
193,193
284,284
102,102
214,214
939,939
35,35
554,554
60,60
379,379
729,729
672,672
711,711
385,385
41,41
793,793
264,264
911,911
424,424
31,31
989,989
503,503
193,193
591,591
203,203
991,991
812,812
943,943
426,426
981,981
460,460
895,895
493,493
65,65
38,38
193,193
423,423
90,90
683,683
117,117
801,801
136,136
808,808
683,683
480,480
403,403
912,912
672,672
580,580
646,646
280,280
716,716
395,395
905,905
319,319
185,185
826,826
6,6
8,8
317,317
881,881
618,618
309,309
485,485
52,52
325,325
429,429
725,725
550,550
850,850
723,723
815,815
536,536
896,896
893,893
191,191
155,155
18,18
235,235
800,800
611,611
354,354
562,562
912,912
639,639
693,693
135,135
107,107
355,355
309,309
871,871
742,742
720,720
496,496
814,814
690,690
272,272
356,356
923,923
665,665
940,940
988,988
384,384
140,140
254,254
151,151
309,309
453,453
519,519
206,206
93,93
725,725
332,332
70,70
697,697
681,681
649,649
30,30
453,453
934,934
880,880
249,249
838,838
164,164
236,236
835,835
540,540
978,978
735,735
607,607
917,917
617,617
564,564
201,201
876,876
497,497
807,807
363,363
703,703
831,831
869,869
437,437
27,27
126,126
243,243
347,347
806,806
415,415
601,601
706,706
786,786
269,269
914,914
400,400
303,303
643,643
797,797
830,830
550,550
791,791
995,995
25,25
624,624
87,87
817,817
557,557
508,508
995,995
968,968
230,230
616,616
776,776
267,267
831,831
677,677
897,897
125,125
574,574
24,24
101,101
462,462
628,628
926,926
716,716
913,913
135,135
517,517
916,916
12,12
866,866
965,965
91,91
537,537
956,956
794,794
683,683
851,851
416,416
366,366
359,359
285,285
303,303
296,296
593,593
473,473
821,821
805,805
319,319
193,193
336,336
945,945
730,730
562,562
352,352
24,24
99,99
648,648
953,953
584,584
812,812
55,55
159,159
555,555
795,795
240,240
407,407
47,47
444,444
867,867
526,526
347,347
591,591
284,284
210,210
151,151
570,570
917,917
324,324
389,389
660,660
58,58
446,446
310,310
80,80
776,776
940,940
454,454
354,354
281,281
821,821
14,14
486,486
590,590
1000,1000
292,292
485,485
777,777
935,935
191,191
904,904
146,146
765,765
306,306
40,40
519,519
748,748
221,221
305,305
302,302
88,88
75,75
589,589
680,680
888,888
181,181
83,83
922,922
205,205
910,910
487,487
409,409
830,830
561,561
276,276
134,134
536,536
419,419
949,949
510,510
896,896
886,886
517,517
549,549
321,321
997,997
867,867
533,533
576,576
558,558
899,899
958,958
398,398
881,881
357,357
294,294
606,606
185,185
738,738
358,358
131,131
242,242
486,486
238,238
221,221
799,799
701,701
547,547
254,254
719,719
15,15
514,514
568,568
473,473
191,191
658,658
122,122
686,686
536,536
121,121
905,905
149,149
306,306
966,966
365,365
433,433
941,941
376,376
941,941
174,174
278,278
230,230
913,913
890,890
777,777
780,780
650,650
629,629
625,625
67,67
702,702
661,661
572,572
699,699
43,43
826,826
500,500
819,819
745,745
260,260
886,886
162,162
451,451
372,372
937,937
875,875
89,89
852,852
763,763
604,604
537,537
205,205
73,73
348,348
243,243
640,640
558,558
953,953
744,744
459,459
439,439
415,415
494,494
310,310
406,406
848,848
21,21
815,815
896,896
126,126
546,546
857,857
518,518
91,91
646,646
676,676
495,495
405,405
317,317
952,952
879,879
22,22
704,704
339,339
984,984
701,701
35,35
160,160
896,896
654,654
411,411
229,229
710,710
217,217
685,685
146,146
309,309
245,245
304,304
263,263
172,172
256,256
623,623
128,128
84,84
241,241
412,412
273,273
156,156
918,918
11,11
216,216
295,295
309,309
611,611
530,530
221,221
984,984
267,267
131,131
183,183
613,613
739,739
801,801
553,553
296,296
762,762
485,485
338,338
253,253
310,310
317,317
746,746
101,101
93,93
272,272
959,959
583,583
788,788
217,217
60,60
362,362
806,806
253,253
323,323
319,319
969,969
182,182
976,976
650,650
57,57
535,535
860,860
202,202
96,96
883,883
742,742
323,323
396,396
477,477
106,106
428,428
102,102
287,287
798,798
575,575
526,526
441,441
123,123
911,911
508,508
336,336
540,540
122,122
989,989
671,671
973,973
946,946
588,588
727,727
159,159
877,877
673,673
690,690
39,39
482,482
196,196
246,246
16,16
61,61
122,122
394,394
529,529
109,109
900,900
244,244
809,809
494,494
586,586
485,485
657,657
66,66
774,774
776,776
770,770
536,536
219,219
718,718
202,202
172,172
242,242
38,38
563,563
546,546
697,697
977,977
281,281
543,543
641,641
472,472
847,847
230,230
658,658
162,162
233,233
376,376
794,794
460,460
100,100
891,891
986,986
177,177
933,933
499,499
812,812
655,655
319,319
718,718
797,797
501,501
33,33
810,810
779,779
832,832
253,253
928,928
23,23
737,737
213,213
401,401
510,510
539,539
764,764
111,111
108,108
476,476
361,361
426,426
170,170
255,255
879,879
836,836
911,911
444,444
352,352
885,885
599,599
601,601
411,411
673,673
582,582
996,996
199,199
320,320
152,152
918,918
377,377
204,204
663,663
79,79
794,794
63,63
858,858
587,587
37,37
98,98
143,143
577,577
131,131
486,486
660,660
395,395
387,387
217,217
265,265
819,819
950,950
508,508
860,860
322,322
691,691
9,9
459,459
494,494
276,276
835,835
122,122
425,425
166,166
2,2
12,12
688,688
463,463
228,228
973,973
746,746
797,797
270,270
686,686
983,983
345,345
179,179
641,641
729,729
627,627
514,514
30,30
711,711
793,793
694,694
113,113
426,426
290,290
842,842
327,327
165,165
889,889
404,404
479,479
736,736
561,561
800,800
445,445
82,82
35,35
875,875
98,98
962,962
557,557
112,112
713,713
802,802
4,4
203,203
451,451
780,780
241,241
185,185
424,424
201,201
48,48
791,791
547,547
954,954
735,735
728,728
804,804
484,484
109,109
662,662
806,806
567,567
901,901
217,217
391,391
729,729
482,482
393,393
111,111
505,505
993,993
651,651
83,83
53,53
487,487
3,3
584,584
276,276
469,469
560,560
368,368
758,758
737,737
333,333
274,274
543,543
319,319
758,758
741,741
486,486
169,169
408,408
950,950
991,991
317,317
776,776
554,554
27,27
503,503
559,559
421,421
952,952
452,452
246,246
253,253
135,135
988,988
282,282
235,235
585,585
746,746
177,177
877,877
554,554
341,341
223,223
256,256
927,927
751,751
531,531
349,349
522,522
719,719
804,804
586,586
868,868
240,240
856,856
360,360
795,795
707,707
523,523
213,213
503,503
484,484
721,721
671,671
779,779
665,665
997,997
569,569
26,26
895,895
68,68
384,384
667,667
657,657
620,620
97,97
972,972
864,864
846,846
738,738
370,370
518,518
454,454
484,484
1,1
57,57
788,788
420,420
653,653
398,398
792,792
583,583
41,41
788,788
987,987
501,501
662,662
254,254
158,158
317,317
277,277
240,240
331,331
911,911
56,56
262,262
584,584
190,190
586,586
297,297
667,667
35,35
329,329
355,355
569,569
320,320
523,523
21,21
804,804
267,267
436,436
176,176
885,885
82,82
624,624
62,62
829,829
272,272
944,944
93,93
439,439
208,208
575,575
699,699
778,778
275,275
966,966
21,21
423,423
904,904
80,80
808,808
440,440
500,500
119,119
886,886
806,806
87,87
249,249
382,382
819,819
642,642
265,265
725,725
173,173
251,251
84,84
190,190
411,411
316,316
67,67
125,125
134,134
863,863
408,408
63,63
493,493
509,509
703,703
597,597
894,894
283,283
163,163
889,889
477,477
524,524
84,84
608,608
18,18
667,667
94,94
317,317
943,943
479,479
103,103
227,227
779,779
421,421
136,136
455,455
227,227
780,780
407,407
355,355
171,171
720,720
639,639
973,973
838,838
998,998
230,230
220,220
390,390
786,786
224,224
704,704
195,195
502,502
43,43
277,277
302,302
716,716
730,730
439,439
110,110
108,108
868,868
949,949
365,365
844,844
813,813
973,973
895,895
912,912
341,341
31,31
457,457
877,877
670,670
394,394
35,35
837,837
980,980
203,203
940,940
23,23
756,756
927,927
273,273
896,896
6,6
177,177
945,945
376,376
81,81
362,362
153,153
75,75
552,552
332,332
698,698
772,772
171,171
372,372
436,436
740,740
375,375
534,534
503,503
839,839
305,305
385,385
998,998
477,477
628,628
243,243
933,933
116,116
400,400
379,379
81,81
855,855
198,198
656,656
376,376
207,207
8,8
976,976
63,63
552,552
926,926
63,63
480,480
144,144
712,712
958,958
164,164
68,68
498,498
685,685
190,190
574,574
845,845
117,117
215,215
632,632
423,423
470,470
148,148
235,235
915,915
356,356
769,769
198,198
132,132
157,157
44,44
972,972
219,219
286,286
132,132
688,688
124,124
560,560
104,104
803,803
317,317
495,495
788,788
677,677
657,657
118,118
374,374
418,418
757,757
476,476
862,862
983,983
795,795
35,35
118,118
796,796
368,368
773,773
847,847
936,936
318,318
440,440
628,628
527,527
142,142
10,10
513,513
199,199
919,919
632,632
748,748
420,420
1,1
620,620
626,626
683,683
75,75
622,622
180,180
122,122
230,230
101,101
502,502
412,412
730,730
236,236
186,186
8,8
994,994
755,755
593,593
592,592
175,175
980,980
575,575
692,692
293,293
926,926
297,297
217,217
122,122
609,609
710,710
466,466
283,283
908,908
45,45
143,143
492,492
756,756
808,808
207,207
469,469
98,98
547,547
597,597
389,389
347,347
684,684
573,573
973,973
745,745
50,50
500,500
245,245
889,889
680,680
518,518
719,719
451,451
723,723
819,819
665,665
448,448
569,569
20,20
271,271
493,493
929,929
185,185
28,28
228,228
786,786
402,402
895,895
95,95
320,320
655,655
298,298
331,331
850,850
949,949
20,20
619,619
408,408
481,481
518,518
239,239
366,366
524,524
778,778
953,953
111,111
470,470
141,141
597,597
590,590
365,365
129,129
393,393
898,898
639,639
756,756
811,811
754,754
830,830
119,119
985,985
302,302
471,471
411,411
953,953
39,39
785,785
91,91
853,853
604,604
79,79
164,164
569,569
485,485
3,3
973,973
567,567
348,348
575,575
562,562
983,983
82,82
929,929
902,902
334,334
164,164
23,23
863,863
820,820
446,446
909,909
594,594
566,566
349,349
554,554
460,460
105,105
547,547
965,965
255,255
837,837
555,555
891,891
463,463
13,13
183,183
726,726
253,253
225,225
408,408
113,113
983,983
395,395
412,412
527,527
412,412
205,205
421,421
201,201
379,379
492,492
837,837
691,691
114,114
297,297
978,978
323,323
24,24
412,412
191,191
371,371
462,462
532,532
831,831
282,282
16,16
561,561
656,656
927,927
357,357
659,659
397,397
37,37
291,291
856,856
568,568
678,678
913,913
670,670
417,417
416,416
199,199
377,377
649,649
104,104
186,186
522,522
358,358
773,773
344,344
971,971
527,527
906,906
786,786
906,906
284,284
681,681
308,308
902,902
164,164
926,926
135,135
997,997
561,561
296,296
19,19
297,297
568,568
462,462
791,791
378,378
421,421
571,571
553,553
686,686
959,959
175,175
564,564
404,404
61,61
332,332
88,88
266,266
106,106
409,409
537,537
397,397
650,650
624,624
137,137
671,671
276,276
940,940
671,671
326,326
866,866
942,942
465,465
188,188
498,498
974,974
140,140
371,371
855,855
251,251
775,775
320,320
24,24
256,256
347,347
702,702
378,378
271,271
935,935
604,604
905,905
291,291
90,90
759,759
360,360
464,464
852,852
835,835
924,924
170,170
439,439
5,5
7,7
529,529
915,915
288,288
656,656
489,489
460,460
239,239
7,7
728,728
579,579
457,457
215,215
160,160
438,438
821,821
155,155
851,851
910,910
344,344
864,864
988,988
569,569
814,814
609,609
919,919
214,214
296,296
693,693
28,28
446,446
325,325
810,810
693,693
303,303
912,912
559,559
538,538
57,57
693,693
768,768
181,181
517,517
594,594
810,810
58,58
412,412
786,786
187,187
742,742
828,828
284,284
897,897
541,541
884,884
469,469
582,582
299,299
54,54
833,833
712,712
138,138
458,458
35,35
866,866
973,973
405,405
442,442
265,265
243,243
88,88
359,359
120,120
70,70
86,86
28,28
555,555
643,643
763,763
108,108
215,215
167,167
83,83
724,724
139,139
175,175
14,14
795,795
779,779
227,227
345,345
677,677
130,130
277,277
850,850
274,274
252,252
738,738
647,647
648,648
387,387
14,14
199,199
920,920
477,477
899,899
172,172
603,603
777,777
60,60
53,53
751,751
193,193
314,314
948,948
984,984
886,886
514,514
89,89
342,342
834,834
283,283
260,260
668,668
907,907
47,47
290,290
765,765
559,559
965,965
278,278
984,984
355,355
631,631
506,506
665,665
153,153
973,973
15,15
596,596
227,227
590,590
141,141
97,97
85,85
462,462
62,62
876,876
677,677
927,927
767,767
888,888
728,728
857,857
809,809
397,397
158,158
931,931
7,7
408,408
128,128
81,81
549,549
155,155
832,832
679,679
178,178
41,41
663,663
590,590
988,988
539,539
281,281
647,647
252,252
194,194
9,9
979,979
257,257
33,33
994,994
791,791
734,734
459,459
523,523
459,459
45,45
853,853
92,92
379,379
895,895
295,295
981,981
225,225
721,721
61,61
815,815
340,340
230,230
681,681
170,170
976,976
711,711
765,765
778,778
186,186
671,671
169,169
185,185
893,893
499,499
958,958
671,671
675,675
741,741
415,415
274,274
427,427
100,100
849,849
413,413
39,39
537,537
717,717
830,830
613,613
16,16
137,137
37,37
629,629
133,133
973,973
137,137
377,377
158,158
639,639
861,861
932,932
677,677
669,669
802,802
846,846
185,185
749,749
303,303
250,250
352,352
573,573
226,226
53,53
907,907
150,150
878,878
31,31
231,231
409,409
254,254
656,656
686,686
766,766
747,747
969,969
248,248
254,254
179,179
858,858
149,149
42,42
409,409
120,120
638,638
653,653
989,989
781,781
998,998
414,414
874,874
923,923
196,196
581,581
789,789
490,490
236,236
974,974
780,780
785,785
798,798
569,569
861,861
278,278
762,762
13,13
498,498
181,181
483,483
708,708
490,490
618,618
37,37
939,939
714,714
450,450
503,503
308,308
307,307
605,605
80,80
772,772
59,59
927,927
310,310
255,255
981,981
85,85
620,620
145,145
472,472
951,951
67,67
925,925
336,336
105,105
373,373
576,576
704,704
250,250
512,512
861,861
152,152
9,9
273,273
233,233
955,955
942,942
591,591
960,960
446,446
595,595
208,208
590,590
449,449
611,611
997,997
681,681
951,951
295,295
50,50
661,661
720,720
199,199
920,920
60,60
325,325
336,336
127,127
144,144
542,542
422,422
435,435
58,58
290,290
271,271
335,335
153,153
883,883
599,599
727,727
397,397
870,870
640,640
84,84
682,682
220,220
711,711
110,110
600,600
772,772
73,73
140,140
203,203
472,472
495,495
862,862
127,127
921,921
857,857
114,114
869,869
356,356
157,157
6,6
17,17
526,526
213,213
862,862
45,45
421,421
154,154
493,493
610,610
420,420
857,857
647,647
480,480
284,284
727,727
250,250
266,266
497,497
22,22
211,211
733,733
471,471
4,4
894,894
252,252
919,919
226,226
411,411
652,652
593,593
806,806
671,671
665,665
878,878
836,836
667,667
562,562
226,226
628,628
267,267
661,661
231,231
538,538
386,386
939,939
292,292
922,922
883,883
133,133
471,471
827,827
158,158
473,473
893,893
605,605
565,565
599,599
121,121
571,571
961,961
690,690
313,313
896,896
477,477
897,897
833,833
385,385
631,631
843,843
761,761
37,37
297,297
595,595
201,201
793,793
329,329
620,620
377,377
69,69
177,177
784,784
923,923
632,632
989,989
246,246
491,491
383,383
410,410
430,430
634,634
168,168
288,288
262,262
484,484
82,82
879,879
161,161
616,616
653,653
918,918
936,936
540,540
879,879
688,688
515,515
39,39
206,206
24,24
207,207
508,508
851,851
512,512
315,315
606,606
504,504
937,937
165,165
917,917
217,217
591,591
426,426
57,57
444,444
702,702
753,753
779,779
567,567
271,271
769,769
988,988
776,776
781,781
556,556
606,606
415,415
905,905
588,588
181,181
949,949
626,626
213,213
671,671
532,532
227,227
884,884
935,935
486,486
112,112
665,665
967,967
895,895
116,116
551,551
949,949
7,7
429,429
917,917
876,876
16,16
652,652
617,617
503,503
341,341
528,528
546,546
149,149
344,344
541,541
858,858
253,253
948,948
544,544
219,219
774,774
35,35
930,930
485,485
331,331
626,626
288,288
664,664
231,231
385,385
775,775
721,721
250,250
124,124
792,792
577,577
745,745
199,199
298,298
517,517
506,506
755,755
756,756
995,995
400,400
818,818
5,5
796,796
548,548
622,622
708,708
630,630
218,218
146,146
9,9
871,871
677,677
4,4
843,843
196,196
402,402
394,394
298,298
597,597
840,840
361,361
235,235
216,216
430,430
261,261
849,849
356,356
760,760
881,881
103,103
616,616
172,172
509,509
372,372
75,75
263,263
234,234
32,32
343,343
132,132
110,110
235,235
43,43
328,328
855,855
918,918
28,28
532,532
329,329
275,275
536,536
89,89
172,172
904,904
995,995
220,220
629,629
404,404
877,877
780,780
640,640
667,667
949,949
260,260
883,883
632,632
48,48
869,869
749,749
141,141
362,362
409,409
591,591
625,625
940,940
668,668
579,579
46,46
926,926
183,183
231,231
540,540
359,359
934,934
824,824
298,298
264,264
723,723
372,372
86,86
721,721
336,336
935,935
402,402
118,118
375,375
234,234
112,112
108,108
770,770
1,1
949,949
549,549
178,178
606,606
953,953
449,449
891,891
223,223
512,512
148,148
190,190
428,428
901,901
518,518
751,751
878,878
538,538
772,772
952,952
490,490
194,194
360,360
32,32
643,643
781,781
286,286
884,884
298,298
707,707
757,757
265,265
421,421
906,906
198,198
204,204
401,401
589,589
662,662
179,179
93,93
405,405
889,889
241,241
51,51
154,154
855,855
912,912
830,830
776,776
36,36
250,250
883,883
86,86
681,681
109,109
937,937
580,580
215,215
187,187
631,631
480,480
495,495
892,892
695,695
395,395
316,316
189,189
602,602
322,322
607,607
370,370
776,776
402,402
427,427
218,218
899,899
639,639
815,815
948,948
940,940
360,360
207,207
885,885
37,37
243,243
175,175
904,904
594,594
394,394
217,217
163,163
168,168
411,411
951,951
404,404
314,314
476,476
48,48
544,544
512,512
378,378
794,794
579,579
385,385
628,628
872,872
286,286
500,500
62,62
237,237
164,164
254,254
10,10
441,441
904,904
901,901
564,564
396,396
860,860
646,646
250,250
889,889
850,850
990,990
416,416
653,653
796,796
799,799
964,964
99,99
591,591
616,616
431,431
278,278
43,43
603,603
541,541
941,941
937,937
38,38
413,413
722,722
823,823
268,268
437,437
933,933
848,848
906,906
360,360
66,66
861,861
840,840
616,616
501,501
596,596
908,908
405,405
928,928
566,566
786,786
872,872
447,447
827,827
449,449
771,771
875,875
569,569
764,764
904,904
985,985
378,378
983,983
227,227
610,610
451,451
233,233
388,388
807,807
599,599
818,818
399,399
187,187
80,80
826,826
45,45
604,604
316,316
392,392
399,399
286,286
729,729
189,189
126,126
109,109
490,490
626,626
841,841
637,637
846,846
347,347
207,207
235,235
753,753
321,321
429,429
233,233
704,704
24,24
599,599
530,530
524,524
614,614
817,817
76,76
660,660
364,364
794,794
984,984
477,477
387,387
988,988
934,934
493,493
520,520
944,944
962,962
922,922
882,882
235,235
737,737
313,313
400,400
136,136
138,138
252,252
679,679
160,160
968,968
153,153
242,242
325,325
196,196
611,611
920,920
452,452
776,776
948,948
940,940
812,812
1,1
219,219
774,774
542,542
986,986
953,953
142,142
765,765
99,99
874,874
719,719
404,404
388,388
15,15
737,737
596,596
121,121
317,317
295,295
294,294
788,788
796,796
897,897
145,145
491,491
971,971
612,612
16,16
595,595
72,72
225,225
727,727
747,747
98,98
916,916
824,824
771,771
510,510
834,834
911,911
758,758
483,483
414,414
89,89
317,317
432,432
523,523
197,197
252,252
132,132
746,746
425,425
628,628
966,966
378,378
289,289
262,262
354,354
562,562
770,770
114,114
875,875
393,393
489,489
826,826
43,43
734,734
12,12
573,573
63,63
559,559
309,309
412,412
762,762
851,851
149,149
935,935
55,55
319,319
21,21
51,51
219,219
80,80
235,235
398,398
720,720
302,302
346,346
988,988
474,474
859,859
267,267
200,200
795,795
36,36
337,337
980,980
54,54
485,485
559,559
869,869
705,705
333,333
231,231
651,651
481,481
767,767
169,169
714,714
1,1
413,413
418,418
287,287
174,174
80,80
119,119
884,884
521,521
716,716
355,355
789,789
943,943
372,372
760,760
210,210
179,179
562,562
227,227
741,741
261,261
582,582
447,447
262,262
29,29
493,493
874,874
386,386
862,862
433,433
36,36
487,487
27,27
848,848
243,243
92,92
624,624
259,259
420,420
49,49
820,820
435,435
413,413
800,800
533,533
470,470
129,129
398,398
283,283
313,313
538,538
80,80
171,171
976,976
552,552
804,804
928,928
198,198
827,827
944,944
135,135
359,359
220,220
965,965
921,921
798,798
357,357
532,532
718,718
538,538
333,333
462,462
724,724
620,620
538,538
3,3
365,365
449,449
218,218
111,111
651,651
349,349
672,672
510,510
400,400
634,634
570,570
760,760
911,911
429,429
797,797
58,58
691,691
825,825
702,702
334,334
24,24
543,543
842,842
364,364
851,851
784,784
943,943
700,700
293,293
158,158
458,458
2,2
476,476
142,142
242,242
344,344
330,330
725,725
245,245
356,356
931,931
645,645
179,179
33,33
532,532
600,600
243,243
724,724
917,917
453,453
451,451
500,500
53,53
299,299
380,380
377,377
368,368
604,604
107,107
589,589
57,57
636,636
449,449
41,41
513,513
571,571
398,398
741,741
491,491
69,69
747,747
888,888
308,308
609,609
475,475
707,707
941,941
213,213
223,223
543,543
341,341
619,619
143,143
128,128
131,131
143,143
135,135
566,566
746,746
517,517
723,723
381,381
698,698
540,540
709,709
195,195
360,360
723,723
427,427
163,163
269,269
469,469
704,704
120,120
981,981
688,688
721,721
556,556
22,22
828,828
239,239
628,628
600,600
205,205
7,7
344,344
449,449
990,990
252,252
259,259
76,76
373,373
804,804
265,265
295,295
414,414
829,829
483,483
738,738
239,239
290,290
221,221
956,956
451,451
824,824
457,457
135,135
764,764
794,794
293,293
377,377
459,459
740,740
49,49
852,852
331,331
501,501
437,437
693,693
920,920
318,318
672,672
56,56
583,583
92,92
945,945
748,748
361,361
822,822
32,32
784,784
200,200
924,924
836,836
870,870
457,457
789,789
395,395
284,284
682,682
188,188
5,5
750,750
669,669
851,851
876,876
594,594
426,426
308,308
157,157
774,774
658,658
535,535
879,879
407,407
307,307
355,355
310,310
98,98
242,242
456,456
183,183
493,493
675,675
126,126
553,553
708,708
781,781
699,699
302,302
584,584
880,880
836,836
383,383
305,305
427,427
914,914
558,558
542,542
532,532
34,34
291,291
302,302
935,935
451,451
820,820
791,791
414,414
437,437
358,358
444,444
805,805
880,880
475,475
620,620
299,299
114,114
144,144
776,776
606,606
415,415
429,429
75,75
103,103
754,754
312,312
744,744
567,567
751,751
601,601
402,402
206,206
428,428
498,498
174,174
684,684
739,739
108,108
978,978
810,810
143,143
499,499
95,95
287,287
757,757
711,711
980,980
730,730
533,533
475,475
910,910
315,315
367,367
872,872
700,700
481,481
489,489
89,89
127,127
551,551
667,667
433,433
514,514
742,742
242,242
149,149
495,495
631,631
573,573
958,958
361,361
814,814
871,871
86,86
365,365
272,272
870,870
701,701
311,311
607,607
572,572
561,561
331,331
626,626
784,784
692,692
354,354
266,266
436,436
738,738
850,850
609,609
257,257
49,49
969,969
907,907
419,419
637,637
947,947
870,870
666,666
182,182
745,745
695,695
367,367
353,353
653,653
969,969
532,532
442,442
629,629
628,628
870,870
312,312
692,692
668,668
800,800
975,975
284,284
124,124
884,884
25,25
375,375
281,281
82,82
275,275
489,489
283,283
446,446
319,319
857,857
395,395
406,406
124,124
870,870
534,534
571,571
278,278
292,292
328,328
372,372
822,822
360,360
92,92
157,157
574,574
306,306
528,528
99,99
450,450
957,957
144,144
802,802
451,451
922,922
824,824
1000,1000
550,550
172,172
552,552
712,712
625,625
862,862
476,476
704,704
809,809
441,441
410,410
272,272
425,425
932,932
972,972
709,709
114,114
594,594
769,769
633,633
18,18
60,60
595,595
973,973
81,81
998,998
415,415
306,306
296,296
137,137
590,590
728,728
102,102
716,716
973,973
975,975
603,603
621,621
92,92
589,589
76,76
136,136
646,646
731,731
947,947
886,886
701,701
655,655
702,702
321,321
656,656
459,459
449,449
376,376
856,856
272,272
537,537
797,797
949,949
921,921
397,397
438,438
865,865
812,812
47,47
102,102
187,187
588,588
938,938
924,924
817,817
929,929
457,457
690,690
578,578
470,470
983,983
253,253
246,246
159,159
173,173
840,840
961,961
20,20
379,379
734,734
501,501
405,405
633,633
147,147
583,583
429,429
865,865
496,496
9,9
351,351
939,939
596,596
934,934
991,991
910,910
75,75
905,905
385,385
831,831
48,48
9,9
507,507
154,154
761,761
593,593
40,40
620,620
120,120
311,311
998,998
909,909
683,683
143,143
760,760
845,845
553,553
154,154
338,338
500,500
917,917
753,753
217,217
642,642
678,678
121,121
234,234
169,169
815,815
796,796
657,657
633,633
509,509
310,310
852,852
825,825
965,965
442,442
555,555
224,224
460,460
668,668
757,757
574,574
885,885
863,863
15,15
145,145
592,592
889,889
679,679
847,847
184,184
325,325
290,290
238,238
830,830
501,501
443,443
886,886
240,240
328,328
953,953
892,892
951,951
170,170
717,717
9,9
804,804
482,482
691,691
962,962
805,805
626,626
952,952
420,420
62,62
74,74
371,371
185,185
539,539
807,807
427,427
900,900
931,931
591,591
10,10
83,83
485,485
698,698
93,93
599,599
761,761
573,573
718,718
407,407
303,303
773,773
667,667
608,608
172,172
263,263
408,408
141,141
870,870
449,449
305,305
702,702
949,949
836,836
302,302
837,837
158,158
297,297
850,850
647,647
903,903
479,479
264,264
19,19
801,801
200,200
945,945
142,142
461,461
401,401
200,200
869,869
865,865
969,969
938,938
959,959
997,997
265,265
283,283
447,447
724,724
58,58
746,746
449,449
20,20
528,528
256,256
157,157
758,758
792,792
646,646
481,481
707,707
440,440
738,738
62,62
998,998
414,414
777,777
181,181
117,117
147,147
891,891
949,949
234,234
251,251
195,195
446,446
961,961
379,379
177,177
476,476
691,691
414,414
248,248
41,41
349,349
107,107
183,183
634,634
806,806
971,971
795,795
804,804
24,24
174,174
695,695
626,626
918,918
44,44
621,621
685,685
317,317
439,439
971,971
692,692
37,37
457,457
4,4
715,715
932,932
586,586
630,630
240,240
25,25
114,114
65,65
817,817
23,23
719,719
980,980
248,248
36,36
962,962
353,353
672,672
511,511
109,109
595,595
348,348
321,321
463,463
136,136
590,590
944,944
863,863
421,421
370,370
53,53
871,871
329,329
619,619
288,288
499,499
411,411
523,523
122,122
529,529
702,702
208,208
407,407
980,980
937,937
910,910
497,497
762,762
485,485
843,843
163,163
844,844
874,874
110,110
730,730
846,846
305,305
821,821
721,721
985,985
111,111
832,832
6,6
303,303
200,200
75,75
278,278
676,676
844,844
441,441
529,529
238,238
154,154
299,299
361,361
899,899
714,714
871,871
946,946
193,193
653,653
235,235
613,613
852,852
642,642
892,892
950,950
972,972
748,748
42,42
180,180
1,1
814,814
167,167
428,428
997,997
451,451
438,438
212,212
90,90
784,784
352,352
194,194
601,601
308,308
103,103
977,977
955,955
191,191
940,940
667,667
48,48
666,666
602,602
493,493
168,168
318,318
500,500
650,650
119,119
176,176
531,531
232,232
420,420
741,741
774,774
803,803
298,298
198,198
128,128
441,441
639,639
860,860
134,134
264,264
956,956
54,54
503,503
19,19
939,939
982,982
537,537
772,772
139,139
553,553
21,21
788,788
70,70
392,392
232,232
845,845
839,839
916,916
606,606
707,707
513,513
893,893
514,514
598,598
328,328
165,165
870,870
704,704
811,811
65,65
630,630
381,381
598,598
842,842
868,868
557,557
528,528
353,353
793,793
861,861
408,408
436,436
411,411
175,175
274,274
864,864
161,161
347,347
650,650
946,946
830,830
738,738
40,40
944,944
280,280
998,998
300,300
147,147
945,945
933,933
659,659
542,542
596,596
748,748
686,686
27,27
854,854
809,809
828,828
272,272
251,251
701,701
353,353
409,409
416,416
510,510
15,15
697,697
149,149
189,189
317,317
558,558
593,593
431,431
592,592
837,837
617,617
970,970
629,629
878,878
11,11
753,753
928,928
493,493
48,48
21,21
922,922
327,327
107,107
807,807
901,901
190,190
596,596
566,566
21,21
340,340
45,45
54,54
217,217
779,779
498,498
734,734
462,462
402,402
194,194
262,262
15,15
288,288
280,280
329,329
173,173
324,324
447,447
124,124
907,907
616,616
676,676
253,253
140,140
356,356
664,664
353,353
468,468
766,766
607,607
816,816
920,920
834,834
730,730
995,995
366,366
213,213
471,471
875,875
823,823
785,785
273,273
212,212
428,428
843,843
202,202
134,134
606,606
240,240
996,996
352,352
882,882
282,282
307,307
439,439
830,830
389,389
441,441
469,469
42,42
665,665
730,730
866,866
207,207
674,674
602,602
795,795
287,287
48,48
582,582
75,75
833,833
153,153
564,564
36,36
463,463
789,789
729,729
671,671
769,769
186,186
417,417
815,815
872,872
958,958
467,467
231,231
362,362
864,864
716,716
416,416
693,693
418,418
461,461
247,247
664,664
599,599
337,337
665,665
5,5
778,778
560,560
413,413
855,855
193,193
127,127
743,743
301,301
326,326
201,201
517,517
29,29
139,139
891,891
936,936
619,619
554,554
963,963
899,899
761,761
773,773
476,476
898,898
804,804
889,889
963,963
116,116
700,700
393,393
889,889
302,302
24,24
137,137
886,886
890,890
133,133
891,891
231,231
920,920
905,905
412,412
232,232
869,869
136,136
383,383
919,919
199,199
4,4
341,341
509,509
461,461
22,22
850,850
910,910
383,383
989,989
53,53
240,240
709,709
232,232
163,163
693,693
489,489
792,792
929,929
807,807
67,67
255,255
218,218
129,129
408,408
403,403
121,121
29,29
898,898
630,630
293,293
665,665
965,965
828,828
689,689
863,863
543,543
842,842
747,747
598,598
748,748
466,466
358,358
798,798
20,20
288,288
179,179
433,433
623,623
272,272
453,453
95,95
102,102
615,615
118,118
9,9
16,16
213,213
513,513
861,861
454,454
713,713
232,232
401,401
204,204
729,729
498,498
675,675
181,181
104,104
223,223
183,183
692,692
104,104
536,536
887,887
520,520
676,676
498,498
682,682
622,622
575,575
896,896
371,371
97,97
543,543
571,571
266,266
534,534
762,762
720,720
223,223
773,773
417,417
714,714
565,565
250,250
200,200
328,328
854,854
774,774
492,492
89,89
620,620
666,666
802,802
129,129
728,728
776,776
397,397
528,528
809,809
953,953
762,762
10,10
978,978
746,746
113,113
520,520
88,88
32,32
877,877
660,660
492,492
721,721
233,233
629,629
512,512
308,308
814,814
357,357
1,1
946,946
391,391
516,516
703,703
382,382
564,564
203,203
797,797
928,928
178,178
819,819
227,227
926,926
388,388
926,926
768,768
875,875
197,197
634,634
816,816
65,65
905,905
688,688
630,630
927,927
105,105
231,231
830,830
994,994
629,629
165,165
288,288
529,529
620,620
271,271
805,805
800,800
467,467
585,585
953,953
993,993
780,780
439,439
298,298
436,436
89,89
296,296
631,631
721,721
216,216
363,363
858,858
939,939
360,360
342,342
250,250
981,981
61,61
4,4
634,634
333,333
323,323
763,763
91,91
996,996
322,322
225,225
502,502
670,670
570,570
96,96
594,594
700,700
465,465
924,924
561,561
942,942
509,509
849,849
228,228
863,863
203,203
47,47
532,532
155,155
738,738
385,385
454,454
917,917
603,603
378,378
882,882
274,274
647,647
244,244
155,155
25,25
830,830
671,671
215,215
846,846
74,74
549,549
361,361
163,163
869,869
52,52
2,2
351,351
883,883
966,966
227,227
778,778
34,34
702,702
716,716
690,690
671,671
174,174
941,941
185,185
796,796
670,670
681,681
387,387
712,712
546,546
610,610
414,414
592,592
693,693
650,650
210,210
857,857
166,166
908,908
994,994
706,706
978,978
545,545
763,763
73,73
466,466
70,70
355,355
118,118
195,195
570,570
246,246
846,846
821,821
410,410
542,542
260,260
306,306
792,792
369,369
332,332
232,232
809,809
396,396
221,221
905,905
578,578
27,27
473,473
274,274
67,67
573,573
902,902
865,865
257,257
868,868
607,607
71,71
991,991
834,834
290,290
884,884
279,279
950,950
914,914
985,985
137,137
794,794
470,470
725,725
391,391
875,875
758,758
976,976
998,998
47,47
409,409
717,717
95,95
964,964
559,559
505,505
179,179
261,261
120,120
666,666
77,77
569,569
874,874
581,581
500,500
794,794
709,709
634,634
807,807
603,603
785,785
878,878
338,338
185,185
718,718
156,156
938,938
321,321
481,481
61,61
160,160
326,326
150,150
46,46
941,941
557,557
515,515
651,651
843,843
361,361
325,325
437,437
502,502
634,634
641,641
432,432
173,173
693,693
42,42
449,449
795,795
132,132
911,911
667,667
726,726
55,55
940,940
619,619
583,583
619,619
17,17
743,743
743,743
575,575
940,940
333,333
77,77
615,615
385,385
22,22
520,520
899,899
157,157
995,995
804,804
138,138
523,523
327,327
56,56
650,650
244,244
220,220
605,605
742,742
325,325
195,195
201,201
96,96
427,427
474,474
104,104
237,237
467,467
984,984
26,26
454,454
254,254
403,403
442,442
996,996
336,336
507,507
389,389
983,983
688,688
521,521
740,740
197,197
43,43
777,777
705,705
605,605
87,87
212,212
54,54
749,749
637,637
436,436
555,555
581,581
871,871
142,142
191,191
225,225
928,928
489,489
316,316
553,553
47,47
674,674
522,522
110,110
129,129
308,308
260,260
271,271
321,321
105,105
58,58
202,202
111,111
821,821
848,848
553,553
750,750
868,868
487,487
868,868
309,309
849,849
776,776
119,119
376,376
912,912
48,48
468,468
910,910
185,185
454,454
367,367
218,218
867,867
399,399
999,999
273,273
697,697
553,553
725,725
750,750
333,333
372,372
600,600
487,487
117,117
471,471
977,977
810,810
102,102
234,234
995,995
41,41
275,275
683,683
319,319
754,754
217,217
403,403
883,883
984,984
190,190
756,756
408,408
167,167
826,826
171,171
109,109
355,355
401,401
39,39
499,499
859,859
750,750
464,464
320,320
787,787
294,294
972,972
443,443
918,918
507,507
728,728
112,112
350,350
585,585
837,837
28,28
531,531
474,474
144,144
768,768
72,72
891,891
48,48
432,432
570,570
833,833
610,610
263,263
15,15
306,306
67,67
73,73
492,492
948,948
323,323
796,796
498,498
243,243
997,997
664,664
588,588
700,700
648,648
878,878
353,353
674,674
790,790
96,96
712,712
144,144
153,153
875,875
774,774
922,922
970,970
751,751
606,606
118,118
133,133
83,83
839,839
228,228
452,452
836,836
539,539
711,711
26,26
766,766
11,11
643,643
866,866
130,130
290,290
639,639
989,989
352,352
727,727
143,143
725,725
666,666
643,643
390,390
865,865
432,432
261,261
383,383
394,394
521,521
643,643
970,970
369,369
795,795
7,7
24,24
586,586
921,921
699,699
763,763
645,645
81,81
602,602
287,287
128,128
766,766
543,543
279,279
805,805
343,343
677,677
895,895
900,900
473,473
653,653
341,341
754,754
329,329
323,323
503,503
326,326
366,366
792,792
640,640
197,197
613,613
841,841
708,708
686,686
14,14
234,234
725,725
241,241
207,207
423,423
464,464
844,844
357,357
45,45
300,300
348,348
641,641
479,479
597,597
828,828
233,233
131,131
910,910
199,199
885,885
635,635
197,197
859,859
159,159
225,225
427,427
264,264
709,709
630,630
564,564
715,715
229,229
946,946
109,109
95,95
31,31
133,133
838,838
81,81
568,568
376,376
520,520
936,936
555,555
67,67
910,910
280,280
158,158
697,697
252,252
770,770
292,292
524,524
897,897
903,903
196,196
694,694
706,706
878,878
208,208
877,877
364,364
211,211
303,303
460,460
679,679
94,94
304,304
586,586
905,905
587,587
428,428
425,425
486,486
58,58
398,398
769,769
621,621
29,29
493,493
252,252
184,184
412,412
223,223
911,911
112,112
766,766
238,238
420,420
452,452
250,250
403,403
423,423
106,106
129,129
954,954
289,289
954,954
190,190
436,436
746,746
678,678
412,412
2,2
1000,1000
386,386
283,283
655,655
39,39
902,902
623,623
657,657
308,308
579,579
679,679
353,353
764,764
775,775
998,998
90,90
600,600
614,614
254,254
53,53
580,580
993,993
268,268
814,814
757,757
403,403
652,652
844,844
530,530
967,967
910,910
323,323
771,771
376,376
765,765
883,883
803,803
957,957
381,381
99,99
503,503
845,845
82,82
787,787
434,434
878,878
641,641
294,294
19,19
772,772
177,177
650,650
559,559
296,296
637,637
301,301
303,303
92,92
768,768
5,5
617,617
300,300
754,754
603,603
830,830
102,102
340,340
700,700
647,647
468,468
223,223
21,21
451,451
374,374
222,222
321,321
392,392
5,5
268,268
178,178
686,686
155,155
545,545
721,721
779,779
65,65
837,837
11,11
499,499
65,65
846,846
35,35
192,192
352,352
699,699
356,356
805,805
674,674
808,808
804,804
256,256
132,132
413,413
600,600
858,858
571,571
98,98
89,89
664,664
621,621
408,408
809,809
822,822
939,939
201,201
197,197
517,517
986,986
488,488
783,783
644,644
540,540
152,152
289,289
249,249
682,682
89,89
511,511
716,716
213,213
215,215
215,215
968,968
417,417
918,918
198,198
227,227
491,491
484,484
977,977
665,665
411,411
683,683
701,701
22,22
473,473
657,657
277,277
969,969
96,96
468,468
153,153
689,689
909,909
209,209
361,361
752,752
314,314
689,689
968,968
601,601
422,422
942,942
110,110
597,597
977,977
854,854
508,508
90,90
977,977
599,599
998,998
183,183
421,421
511,511
253,253
426,426
492,492
615,615
258,258
145,145
658,658
858,858
947,947
899,899
207,207
830,830
424,424
465,465
134,134
991,991
567,567
793,793
384,384
381,381
49,49
938,938
967,967
101,101
432,432
736,736
884,884
781,781
576,576
91,91
644,644
515,515
231,231
966,966
669,669
76,76
803,803
557,557
909,909
271,271
956,956
946,946
550,550
886,886
763,763
75,75
49,49
941,941
296,296
645,645
488,488
190,190
140,140
874,874
603,603
771,771
503,503
921,921
395,395
297,297
463,463
47,47
328,328
832,832
878,878
113,113
501,501
452,452
442,442
772,772
641,641
520,520
186,186
840,840
55,55
321,321
935,935
549,549
966,966
113,113
362,362
458,458
24,24
546,546
926,926
597,597
975,975
553,553
555,555
780,780
745,745
190,190
656,656
771,771
771,771
483,483
665,665
405,405
794,794
733,733
971,971
162,162
780,780
237,237
311,311
178,178
47,47
127,127
721,721
482,482
468,468
380,380
84,84
302,302
654,654
362,362
242,242
488,488
486,486
574,574
138,138
955,955
947,947
980,980
932,932
333,333
846,846
519,519
956,956
997,997
644,644
486,486
246,246
191,191
63,63
579,579
53,53
204,204
912,912
46,46
545,545
607,607
281,281
430,430
743,743
513,513
858,858
640,640
485,485
851,851
687,687
766,766
12,12
565,565
351,351
912,912
677,677
541,541
422,422
19,19
323,323
821,821
581,581
101,101
612,612
396,396
199,199
545,545
324,324
354,354
174,174
325,325
709,709
438,438
862,862
982,982
78,78
279,279
920,920
150,150
585,585
996,996
461,461
384,384
943,943
580,580
902,902
300,300
830,830
224,224
948,948
759,759
217,217
182,182
976,976
783,783
514,514
204,204
647,647
630,630
271,271
349,349
322,322
242,242
236,236
735,735
635,635
415,415
678,678
316,316
902,902
403,403
550,550
134,134
354,354
365,365
19,19
257,257
140,140
659,659
224,224
180,180
297,297
466,466
659,659
696,696
677,677
827,827
230,230
873,873
386,386
490,490
409,409
146,146
902,902
638,638
334,334
572,572
661,661
426,426
623,623
400,400
670,670
703,703
9,9
951,951
758,758
543,543
531,531
649,649
842,842
136,136
334,334
282,282
73,73
416,416
295,295
85,85
734,734
505,505
780,780
690,690
400,400
165,165
744,744
219,219
467,467
743,743
610,610
992,992
400,400
550,550
152,152
891,891
415,415
843,843
341,341
400,400
222,222
323,323
852,852
337,337
115,115
991,991
90,90
806,806
859,859
7,7
985,985
536,536
514,514
531,531
740,740
425,425
875,875
888,888
800,800
547,547
381,381
316,316
383,383
215,215
571,571
409,409
410,410
861,861
770,770
12,12
105,105
49,49
808,808
733,733
275,275
297,297
700,700
230,230
561,561
617,617
401,401
414,414
732,732
287,287
193,193
100,100
30,30
848,848
912,912
968,968
357,357
227,227
513,513
602,602
720,720
926,926
891,891
37,37
229,229
178,178
812,812
493,493
931,931
391,391
599,599
874,874
2,2
447,447
38,38
291,291
308,308
483,483
407,407
125,125
690,690
140,140
74,74
84,84
175,175
842,842
311,311
555,555
499,499
663,663
875,875
775,775
675,675
845,845
851,851
338,338
211,211
536,536
693,693
700,700
799,799
880,880
793,793
937,937
285,285
915,915
300,300
691,691
651,651
970,970
385,385
16,16
425,425
141,141
531,531
861,861
238,238
958,958
50,50
788,788
386,386
816,816
400,400
603,603
565,565
189,189
919,919
626,626
943,943
794,794
54,54
42,42
607,607
866,866
219,219
908,908
830,830
588,588
968,968
135,135
309,309
656,656
725,725
519,519
201,201
195,195
114,114
260,260
414,414
942,942
979,979
992,992
55,55
965,965
754,754
138,138
657,657
707,707
952,952
423,423
371,371
708,708
104,104
235,235
491,491
866,866
371,371
856,856
852,852
255,255
384,384
527,527
89,89
483,483
787,787
304,304
581,581
44,44
885,885
973,973
729,729
578,578
263,263
627,627
492,492
346,346
232,232
745,745
830,830
796,796
485,485
271,271
882,882
593,593
298,298
210,210
586,586
470,470
936,936
745,745
485,485
468,468
431,431
460,460
675,675
113,113
728,728
280,280
786,786
449,449
844,844
551,551
314,314
197,197
770,770
7,7
668,668
462,462
376,376
145,145
627,627
876,876
285,285
899,899
295,295
761,761
387,387
729,729
474,474
50,50
95,95
407,407
292,292
135,135
367,367
223,223
382,382
338,338
839,839
838,838
112,112
778,778
296,296
742,742
481,481
426,426
139,139
121,121
42,42
595,595
495,495
228,228
327,327
685,685
333,333
429,429
221,221
969,969
893,893
537,537
113,113
263,263
102,102
999,999
23,23
666,666
668,668
556,556
406,406
582,582
752,752
208,208
724,724
91,91
443,443
611,611
712,712
679,679
888,888
4,4
319,319
743,743
841,841
404,404
239,239
772,772
895,895
721,721
74,74
550,550
103,103
728,728
498,498
156,156
342,342
73,73
467,467
290,290
30,30
709,709
981,981
793,793
249,249
271,271
431,431
883,883
517,517
47,47
980,980
552,552
517,517
961,961
422,422
184,184
857,857
413,413
982,982
226,226
306,306
369,369
366,366
154,154
229,229
655,655
49,49
359,359
53,53
420,420
409,409
333,333
826,826
510,510
136,136
493,493
788,788
495,495
462,462
721,721
144,144
70,70
638,638
588,588
600,600
545,545
124,124
561,561
276,276
814,814
108,108
442,442
826,826
325,325
270,270
73,73
521,521
474,474
374,374
494,494
942,942
95,95
291,291
382,382
444,444
802,802
218,218
318,318
360,360
433,433
303,303
879,879
611,611
495,495
609,609
60,60
151,151
749,749
235,235
834,834
152,152
62,62
766,766
699,699
910,910
32,32
13,13
912,912
682,682
671,671
87,87
192,192
728,728
553,553
60,60
781,781
465,465
862,862
650,650
245,245
373,373
149,149
90,90
796,796
246,246
848,848
165,165
248,248
737,737
756,756
747,747
237,237
909,909
254,254
35,35
275,275
121,121
439,439
328,328
225,225
740,740
392,392
856,856
389,389
495,495
533,533
771,771
151,151
507,507
762,762
909,909
427,427
541,541
969,969
828,828
516,516
441,441
74,74
749,749
270,270
102,102
681,681
386,386
251,251
382,382
456,456
9,9
909,909
214,214
222,222
957,957
235,235
757,757
126,126
812,812
214,214
503,503
753,753
581,581
791,791
325,325
515,515
78,78
27,27
667,667
793,793
620,620
525,525
430,430
895,895
400,400
1000,1000
49,49
341,341
301,301
397,397
865,865
976,976
419,419
308,308
895,895
470,470
792,792
643,643
440,440
681,681
753,753
1000,1000
963,963
134,134
923,923
19,19
374,374
53,53
686,686
48,48
894,894
959,959
71,71
875,875
213,213
999,999
124,124
24,24
947,947
771,771
112,112
465,465
460,460
76,76
12,12
596,596
319,319
269,269
469,469
383,383
927,927
233,233
738,738
293,293
162,162
433,433
700,700
295,295
247,247
677,677
804,804
626,626
444,444
901,901
962,962
549,549
103,103
758,758
93,93
759,759
893,893
725,725
348,348
696,696
908,908
904,904
291,291
40,40
349,349
430,430
876,876
625,625
845,845
345,345
745,745
417,417
43,43
906,906
613,613
458,458
402,402
416,416
935,935
535,535
237,237
554,554
768,768
103,103
376,376
684,684
600,600
884,884
997,997
103,103
218,218
368,368
280,280
363,363
280,280
641,641
571,571
872,872
22,22
452,452
937,937
878,878
349,349
90,90
95,95
399,399
610,610
615,615
671,671
191,191
47,47
55,55
642,642
601,601
806,806
100,100
10,10
360,360
344,344
448,448
876,876
796,796
638,638
876,876
75,75
787,787
854,854
887,887
42,42
939,939
738,738
228,228
915,915
837,837
470,470
211,211
911,911
451,451
233,233
239,239
551,551
718,718
620,620
318,318
801,801
810,810
861,861
783,783
603,603
260,260
898,898
248,248
733,733
94,94
642,642
671,671
698,698
178,178
368,368
788,788
79,79
122,122
294,294
425,425
242,242
67,67
544,544
417,417
792,792
425,425
397,397
934,934
64,64
712,712
679,679
519,519
465,465
993,993
319,319
205,205
364,364
712,712
870,870
998,998
512,512
84,84
779,779
572,572
734,734
185,185
140,140
892,892
634,634
602,602
678,678
901,901
288,288
176,176
590,590
764,764
474,474
91,91
554,554
136,136
528,528
569,569
89,89
794,794
752,752
810,810
579,579
402,402
661,661
267,267
234,234
519,519
295,295
993,993
196,196
645,645
277,277
182,182
607,607
760,760
765,765
751,751
856,856
872,872
216,216
592,592
954,954
541,541
559,559
387,387
947,947
685,685
942,942
32,32
425,425
745,745
276,276
990,990
363,363
488,488
447,447
347,347
84,84
862,862
354,354
888,888
569,569
333,333
393,393
242,242
704,704
348,348
4,4
962,962
586,586
25,25
919,919
37,37
761,761
971,971
907,907
879,879
928,928
621,621
531,531
174,174
984,984
495,495
826,826
95,95
664,664
258,258
903,903
854,854
623,623
731,731
992,992
369,369
99,99
677,677
509,509
30,30
759,759
989,989
471,471
616,616
667,667
175,175
462,462
704,704
216,216
494,494
232,232
151,151
25,25
495,495
992,992
548,548
910,910
799,799
899,899
252,252
312,312
353,353
355,355
656,656
810,810
353,353
919,919
653,653
779,779
283,283
40,40
76,76
825,825
289,289
248,248
677,677
846,846
612,612
111,111
40,40
228,228
28,28
856,856
729,729
192,192
779,779
156,156
934,934
16,16
370,370
319,319
135,135
878,878
719,719
527,527
158,158
542,542
867,867
423,423
711,711
368,368
988,988
954,954
381,381
643,643
220,220
785,785
884,884
666,666
154,154
831,831
201,201
86,86
47,47
643,643
288,288
237,237
585,585
590,590
661,661
701,701
119,119
830,830
682,682
1,1
318,318
194,194
417,417
656,656
488,488
562,562
489,489
346,346
456,456
842,842
997,997
876,876
379,379
835,835
214,214
921,921
50,50
988,988
475,475
622,622
446,446
447,447
898,898
814,814
658,658
784,784
832,832
721,721
605,605
447,447
766,766
382,382
181,181
191,191
978,978
515,515
357,357
215,215
581,581
546,546
425,425
994,994
790,790
842,842
866,866
39,39
227,227
711,711
963,963
862,862
452,452
767,767
592,592
672,672
200,200
735,735
23,23
380,380
30,30
971,971
617,617
411,411
862,862
356,356
163,163
471,471
573,573
619,619
412,412
729,729
566,566
961,961
254,254
347,347
45,45
937,937
985,985
239,239
830,830
499,499
547,547
212,212
764,764
422,422
274,274
770,770
272,272
417,417
604,604
434,434
870,870
677,677
279,279
386,386
447,447
674,674
822,822
971,971
277,277
116,116
189,189
660,660
597,597
651,651
830,830
949,949
635,635
11,11
914,914
119,119
21,21
234,234
451,451
875,875
34,34
761,761
528,528
966,966
586,586
727,727
991,991
447,447
495,495
500,500
319,319
545,545
420,420
981,981
467,467
366,366
824,824
651,651
104,104
642,642
793,793
221,221
98,98
98,98
59,59
83,83
687,687
777,777
289,289
254,254
45,45
510,510
788751
194559
254080
568189
248925
235878
296646
216026
287951
7053
100317
19039
200240
153744
103994
81366
5367
40099
55128
35748
7484
18941
16505
11414
2275
5035
5513
17717
7487
10672
6077
4647
4687
4349
1072
723
2328
1805
674
669
2129
1493
907
857
1156
878
32
425
333
70
577
26
55
429
371
21
3
9
192
114
178
3
46
59
82
68
97
11
35
19
43
46
26
16
12
5
9
11
8
6
11
2
0
5
0
1
0
2
4
3
0
3
2
3
2
1
0
0
1
0
0
1
1
0
0
0
0
0
0
0
0
0
0
0
0
0
0
0
0
0
0
0
0
0
0
0
0
0
0
0
0
0
0
0
0
0
0
0
0
0
0
0
0
0
0
0
0
0
0
0
0
0
0
0
0
0
0
0
0
0
0
0
0
0
0
0
0
0
0
0
0
0
0
0
0
0
0
0
0
0
0
0
0
0
0
0
0
0
0
0
0
0
0
0
0
0
0
0
0
0
0
0
0
0
0
0
0
0
0
0
0
0
0
0
0
0
0
0
0
0
0
0
0
0
0
0
0
0
0
0
0
0
0
0
0
0
0
0
0
0
0
0
0
0
0
0
0
0
0
0
0
0
0
0
0
0
0
0
0
0
0
0
0
0
0
0
0
0
0
0
0
0
0
0
0
0
0
0
0
0
0
0
0
0
0
0
0
0
0
0
0
0
0
0
0
0
0
0
0
0
0
0
0
0
0
0
0
0
0
0
0
0
0
0
0
0
0
0
0
0
0
0
0
0
0
0
0
0
0
0
0
0
0
0
0
0
0
0
0
0
0
0
0
0
0
0
0
0
0
0
0
0
0
0
0
0
0
0
0
0
0
0
0
0
0
0
0
0
0
0
0
0
0
0
0
0
0
0
0
0
0
0
0
0
0
0
0
0
0
0
0
0
0
0
0
0
0
0
0
0
