188,289
658,756
908,1007
675,775
497,596
319,417
163,262
987,1087
424,522
806,907
624,722
478,576
549,648
763,861
951,1051
55,154
836,936
666,766
416,514
542,640
548,649
102,203
216,314
524,622
576,675
85,186
180,281
264,362
558,656
819,919
1000,1100
930,1028
985,1084
231,332
452,551
573,671
677,775
141,241
103,203
713,811
575,676
489,589
507,605
299,400
204,303
817,915
885,985
160,258
363,462
331,430
790,890
278,377
834,935
302,403
565,663
794,893
80,178
902,1003
490,589
67,168
140,241
246,344
258,358
738,837
138,239
42,143
78,176
829,927
636,735
110,208
317,417
915,1014
334,434
423,522
247,347
759,859
455,556
765,866
36,134
919,1019
73,173
168,269
979,1079
505,606
623,721
107,206
470,568
71,172
769,869
154,253
811,912
11,112
302,400
543,643
450,548
542,643
201,302
559,658
314,414
484,582
464,564
505,604
459,558
588,687
527,627
783,881
144,243
332,431
784,885
710,810
488,587
832,932
509,610
244,345
247,347
98,197
556,656
892,992
599,697
620,718
31,129
804,902
454,554
881,980
803,904
3,104
740,839
519,617
748,849
72,172
961,1061
911,1009
216,315
480,581
676,776
860,958
328,426
555,654
342,442
499,598
972,1070
184,282
353,453
695,796
868,969
958,1058
691,789
259,358
739,838
578,679
241,341
687,787
597,698
558,657
147,248
551,649
393,492
483,581
549,649
478,578
590,688
710,810
946,1046
301,401
996,1097
7,108
357,458
552,653
580,679
262,361
390,488
644,745
435,533
707,806
909,1008
586,686
164,263
635,734
487,588
844,943
39,137
255,353
289,388
895,993
88,188
149,247
533,632
343,443
922,1022
452,551
442,540
285,386
28,129
334,432
459,560
408,508
300,400
312,411
408,508
968,1069
345,443
528,628
357,457
782,883
138,236
305,403
172,270
738,836
254,353
543,644
580,680
767,866
295,393
239,338
580,681
761,859
617,718
735,833
936,1034
202,300
186,284
54,153
129,230
900,1001
226,326
939,1040
508,609
694,793
526,626
600,698
710,811
584,685
829,930
933,1034
519,618
5,103
466,567
487,586
886,985
833,931
669,768
158,258
924,1022
175,274
343,443
706,804
289,388
333,431
605,703
148,247
666,767
443,541
668,767
321,421
847,948
359,458
150,250
768,868
716,816
551,652
203,304
17,118
771,869
134,235
140,241
476,575
634,734
222,322
914,1012
726,824
63,164
529,630
930,1030
833,933
764,864
500,600
19,118
81,180
450,549
676,777
888,986
906,1006
27,127
28,128
304,405
862,961
249,349
34,132
870,970
131,231
956,1054
911,1010
994,1094
280,380
873,972
795,893
663,763
557,658
409,509
166,266
668,766
104,204
279,378
389,490
300,399
602,701
908,1009
939,1037
618,717
382,480
935,1035
960,1058
911,1009
266,366
74,172
373,471
996,1094
10,108
543,643
647,746
107,205
277,375
605,704
98,198
439,539
171,271
10,109
521,619
893,994
739,838
945,1045
921,1020
68,168
457,558
865,963
579,677
289,389
77,177
117,216
875,975
905,1004
887,987
999,1097
17,115
468,568
268,366
801,900
299,398
532,632
305,405
353,453
389,489
558,658
625,726
440,538
771,872
853,954
384,483
563,662
197,298
716,816
923,1021
537,636
703,802
86,187
339,437
879,980
9,108
379,478
656,756
892,993
367,468
507,608
940,1040
989,1090
320,420
247,347
679,780
174,274
651,749
949,1050
739,837
197,297
84,182
948,1049
733,833
53,153
583,682
198,298
395,494
40,138
659,759
648,749
221,321
783,883
538,636
536,634
390,489
844,945
573,673
704,803
97,196
25,124
60,158
526,626
634,732
566,665
633,734
326,424
251,352
92,192
609,709
467,568
333,434
312,410
916,1014
204,304
753,854
486,587
636,736
106,207
970,1071
111,209
316,414
22,120
755,856
810,911
443,541
713,811
102,202
49,150
222,321
453,553
562,661
574,675
575,673
949,1050
617,717
290,390
638,736
232,331
23,123
961,1060
346,446
585,683
447,546
640,739
343,444
668,766
560,658
319,417
626,727
239,338
633,732
279,378
633,734
358,456
63,164
684,785
227,326
497,595
40,140
622,723
992,1092
129,229
546,647
620,719
901,1002
541,641
510,609
919,1017
912,1012
762,862
89,188
684,785
593,692
955,1056
188,289
420,521
811,909
975,1075
948,1048
501,602
208,306
515,614
92,191
409,509
816,917
18,117
991,1089
697,796
36,134
26,127
437,536
906,1006
466,564
531,630
603,701
956,1054
741,841
600,699
302,401
751,850
343,441
410,510
377,478
274,373
808,909
644,744
320,421
800,899
120,219
712,810
31,130
199,300
393,492
706,807
666,765
85,183
824,922
340,439
757,858
707,806
971,1069
846,946
193,294
765,866
761,862
282,382
3,104
546,644
780,881
699,799
449,549
281,382
71,169
70,171
6,107
439,537
559,658
449,550
989,1089
91,191
210,309
297,398
607,707
757,856
64,164
238,339
672,770
553,654
833,934
693,793
428,527
503,601
509,610
341,440
19,120
792,891
746,845
988,1087
380,480
623,721
107,205
729,828
865,966
572,671
799,898
302,403
28,129
525,626
630,728
121,221
637,737
483,582
522,622
819,920
329,428
57,158
581,682
353,451
911,1012
287,387
358,457
705,803
280,379
443,543
896,994
323,424
896,994
497,595
834,934
626,727
807,906
688,788
13,111
153,254
31,132
853,951
516,616
70,169
95,195
771,869
648,749
393,494
346,444
124,225
156,257
100,200
425,526
234,334
252,352
768,869
481,581
395,496
944,1043
502,603
361,460
71,169
388,489
842,940
342,442
641,741
681,780
933,1032
623,724
287,387
376,475
419,520
27,127
143,243
59,158
40,139
267,368
456,554
614,715
473,574
413,512
434,533
502,603
632,732
238,336
645,746
484,585
782,882
569,669
349,447
742,843
668,769
541,641
488,587
614,715
408,507
311,410
409,507
136,234
1000,1098
910,1011
232,330
345,445
608,706
869,969
797,896
271,369
715,813
719,820
653,751
662,760
892,991
344,445
898,996
501,600
975,1073
351,450
316,415
21,119
454,552
519,617
319,418
269,370
745,845
592,693
561,662
599,697
763,864
264,362
180,278
753,851
292,390
182,283
940,1039
346,445
431,531
920,1019
789,888
597,695
825,926
72,172
549,650
917,1017
741,840
195,296
536,637
221,320
764,864
69,170
665,763
832,933
611,710
563,662
33,134
577,678
632,730
96,197
232,330
95,195
444,542
233,332
528,627
851,949
712,810
428,527
766,866
986,1085
828,929
912,1011
454,555
729,830
528,629
776,874
206,305
659,758
922,1021
498,598
7,107
662,760
741,841
204,305
978,1077
222,320
716,815
479,579
631,729
728,829
770,869
657,755
106,206
886,984
363,463
422,523
457,555
559,660
294,392
900,1001
59,160
688,787
129,228
478,576
920,1019
651,750
939,1039
421,521
103,202
637,738
746,846
267,365
286,386
242,343
961,1060
306,406
145,246
145,245
587,687
222,323
934,1033
840,941
239,340
656,754
253,352
810,910
323,422
382,480
255,356
349,447
690,790
86,185
826,926
186,284
61,162
955,1055
969,1070
5,104
439,539
178,278
34,135
521,621
183,284
406,505
953,1052
890,989
582,681
938,1038
188,286
955,1053
614,712
135,234
526,624
698,798
708,808
793,894
275,375
662,760
876,974
853,953
54,153
687,785
596,696
585,684
72,170
57,158
200,301
998,1099
882,982
690,788
519,620
444,545
86,186
206,306
957,1057
258,356
350,448
38,137
683,783
639,738
343,444
280,381
129,228
568,669
839,939
248,348
842,940
366,467
433,533
815,913
520,620
625,723
305,404
770,868
683,782
948,1046
37,138
968,1066
570,671
306,405
570,668
74,175
616,717
226,326
398,498
735,834
780,879
163,264
827,927
981,1082
997,1097
202,301
681,779
127,227
808,907
478,576
613,712
140,240
896,994
178,279
816,917
186,285
623,724
41,140
804,902
680,779
508,607
260,359
548,647
647,746
502,600
814,915
786,885
23,123
888,986
350,450
730,830
328,428
78,176
59,158
286,385
128,229
878,976
717,815
253,354
438,536
351,449
722,823
769,868
141,241
225,325
245,346
727,828
276,375
855,956
476,574
344,442
910,1011
978,1078
420,519
896,994
800,898
127,227
796,897
73,173
585,684
12,112
341,442
618,717
602,703
357,457
190,291
126,224
498,596
151,249
938,1039
754,852
93,194
919,1018
843,941
553,654
620,719
775,873
217,315
255,354
905,1006
669,769
710,808
776,877
929,1028
749,847
196,294
772,872
834,935
899,997
443,541
839,940
730,829
960,1058
957,1058
640,739
933,1031
666,766
150,250
877,976
736,835
762,863
948,1049
717,817
790,889
476,574
729,829
999,1097
730,828
786,885
70,171
570,671
545,645
5,106
869,968
820,921
408,507
719,820
370,469
18,116
640,741
21,120
927,1027
767,866
50,149
552,651
370,471
612,712
660,759
365,464
40,139
775,875
494,592
672,770
972,1071
368,469
333,431
413,513
256,356
505,605
296,394
628,729
774,874
262,361
307,408
857,956
197,296
564,662
659,759
65,163
525,625
665,766
467,568
448,546
258,356
429,527
352,452
967,1067
869,969
730,830
437,536
275,374
847,946
966,1067
727,827
71,172
42,143
125,226
308,409
6,105
382,483
138,238
961,1061
8,106
713,813
591,692
546,646
395,493
560,658
546,646
122,221
294,395
427,526
773,871
741,841
899,998
918,1018
457,558
533,633
414,514
103,201
172,270
45,144
496,597
978,1079
569,670
514,614
614,714
82,183
555,654
192,292
205,305
376,474
573,674
39,140
284,385
719,817
977,1076
985,1085
751,849
210,308
36,135
551,649
220,318
440,538
452,553
13,113
115,214
63,164
267,368
643,743
401,499
218,316
26,124
550,648
469,567
785,883
712,812
568,668
321,419
882,981
471,569
166,265
668,766
933,1033
983,1081
523,622
32,132
387,485
648,747
153,254
210,309
951,1050
669,767
126,226
775,875
428,527
389,487
616,716
363,464
918,1018
763,862
250,351
277,378
815,913
804,904
469,569
392,490
60,158
437,535
554,653
641,739
416,514
165,266
291,392
158,257
886,985
841,942
120,221
117,218
685,784
132,231
990,1088
140,240
736,835
852,952
5,105
984,1083
390,491
431,529
565,666
761,859
181,282
324,425
828,929
375,475
177,275
770,870
280,379
746,844
190,290
19,118
606,706
901,1000
455,554
491,589
32,132
261,359
224,322
55,155
884,983
579,677
598,699
742,842
393,493
706,804
45,143
63,163
786,885
266,365
403,502
587,685
651,749
145,246
269,370
886,984
449,548
706,806
507,606
533,632
643,743
47,148
999,1098
611,709
970,1071
480,578
52,152
267,366
371,471
139,238
312,413
770,871
894,992
155,256
958,1059
58,158
669,768
107,208
161,259
214,315
756,857
533,631
385,486
861,961
530,631
319,420
657,756
282,380
456,556
339,440
860,960
505,605
289,389
775,874
938,1037
436,537
260,361
534,632
294,393
657,756
862,963
15,113
761,860
951,1052
741,842
173,272
905,1006
348,449
557,656
748,846
272,372
471,572
818,917
938,1037
754,855
742,843
530,630
182,283
782,882
45,143
522,620
864,964
820,920
764,862
657,755
889,987
413,512
126,226
847,946
413,511
300,399
756,855
826,927
663,763
73,173
481,580
806,905
486,584
560,660
127,226
484,585
74,175
121,220
939,1040
505,603
792,893
144,243
192,291
91,190
817,915
78,178
578,676
999,1099
732,831
262,363
471,571
712,811
612,711
946,1044
375,476
738,838
692,790
464,563
761,859
98,196
376,474
719,820
488,589
64,162
661,760
774,874
245,344
426,527
193,291
418,517
91,192
756,857
491,590
519,617
887,986
728,827
138,237
120,219
984,1083
628,727
378,478
312,413
343,442
288,388
707,805
590,688
357,455
939,1038
687,786
369,470
241,342
106,206
899,997
716,817
455,555
800,901
642,740
868,967
646,747
612,710
984,1083
355,454
752,853
678,776
69,167
432,531
879,978
743,843
963,1061
480,579
380,480
411,511
273,372
275,375
235,334
126,224
888,987
553,652
112,213
762,860
555,654
389,487
467,565
774,874
553,654
400,500
829,927
559,657
311,412
401,499
247,346
692,790
928,1029
221,320
841,939
526,625
843,943
117,218
806,906
155,254
708,809
670,771
538,636
268,366
598,696
362,462
233,333
930,1031
312,412
532,631
1000,1101
573,672
333,433
704,804
434,535
488,588
230,331
420,520
662,763
562,663
402,502
273,372
519,617
498,597
353,454
236,337
437,535
289,389
614,715
731,831
232,333
443,543
280,380
130,230
643,741
453,551
171,270
396,496
343,444
894,995
699,799
902,1001
327,428
596,694
866,967
15,114
188,288
838,938
414,512
728,826
518,619
199,299
410,510
93,194
224,323
628,726
173,274
5,105
760,859
417,518
645,746
63,163
86,186
713,814
758,857
222,321
814,914
264,365
671,771
311,410
242,340
67,167
828,927
271,372
797,895
688,788
384,484
154,253
556,656
385,483
635,735
729,827
997,1098
45,144
297,397
539,639
354,452
337,438
219,317
219,319
330,431
350,448
554,652
959,1058
182,280
62,163
577,678
107,206
317,417
541,639
966,1065
988,1086
997,1098
804,902
843,944
401,500
472,570
484,585
324,424
991,1090
396,494
110,209
500,598
402,502
238,336
125,226
924,1023
711,810
295,393
959,1057
182,283
118,218
884,983
8,108
50,150
639,739
635,733
600,700
370,471
756,855
273,373
218,316
318,419
418,518
694,793
512,610
729,830
489,590
247,345
129,227
806,905
332,431
850,950
414,512
752,853
368,467
698,799
722,822
557,655
173,271
702,802
995,1094
64,165
61,162
911,1009
92,192
124,225
96,195
856,957
684,785
911,1010
657,757
432,530
628,726
844,944
867,966
455,556
165,265
64,164
769,870
287,388
486,586
506,604
21,119
883,984
471,571
703,801
326,426
738,839
957,1058
116,214
195,294
646,744
75,175
203,302
223,322
751,852
974,1075
487,586
445,546
962,1060
950,1050
28,127
686,784
672,771
259,359
653,751
483,581
740,839
195,295
947,1046
192,290
537,637
795,895
287,387
280,380
924,1025
342,443
439,537
312,413
257,357
131,232
720,818
430,528
773,874
181,282
30,128
888,988
997,1096
82,180
410,508
57,158
899,999
173,271
524,622
748,848
507,606
920,1019
675,775
220,320
860,961
72,171
525,625
557,656
14,115
542,643
159,260
335,435
303,404
77,176
114,214
614,712
604,704
931,1029
715,815
690,788
811,912
744,845
963,1061
342,441
984,1082
427,528
50,148
289,390
625,726
255,354
829,928
331,432
974,1075
790,889
91,189
848,949
722,821
262,363
169,267
869,969
189,289
403,502
230,328
586,687
540,638
500,600
805,903
221,322
410,509
408,506
398,499
309,409
332,432
391,490
479,577
874,975
921,1022
909,1010
28,127
529,630
805,905
966,1066
658,759
914,1013
176,274
945,1045
435,536
864,963
335,435
89,190
504,604
147,246
3,102
531,631
67,165
978,1079
321,419
901,999
666,765
747,846
109,209
265,365
751,852
359,458
215,313
152,252
817,916
2,101
894,993
942,1040
115,216
660,758
906,1005
319,417
382,482
560,661
973,1071
667,768
946,1047
740,840
856,957
343,443
90,190
734,833
885,986
748,846
622,723
939,1039
185,284
425,524
497,598
685,784
325,423
855,953
936,1036
310,410
902,1000
336,437
355,456
3,102
256,354
920,1018
284,384
998,1097
415,514
46,145
525,624
641,739
79,180
100,200
595,695
85,186
881,981
644,742
852,950
443,544
100,201
450,548
790,889
970,1068
442,540
248,347
388,488
956,1055
760,858
648,746
910,1009
838,939
103,202
942,1043
167,268
638,737
77,178
766,865
331,429
433,532
944,1045
732,831
55,155
354,453
294,395
843,943
26,124
135,234
824,923
603,701
650,751
337,435
688,788
88,188
803,902
275,374
313,414
822,922
495,595
839,937
845,944
207,308
7,105
626,725
919,1020
237,337
538,637
103,201
33,132
685,785
427,528
646,744
155,253
597,697
811,912
447,547
392,491
280,378
393,493
571,672
452,553
647,747
450,550
827,926
392,493
211,310
117,215
191,291
958,1058
81,180
203,304
472,572
584,685
990,1088
622,723
487,588
850,951
573,672
92,191
969,1068
303,401
59,158
65,165
794,895
369,467
765,865
102,200
104,205
133,234
573,672
538,639
732,830
55,156
99,198
824,924
830,929
156,254
112,211
127,225
745,845
46,147
676,774
120,220
153,252
651,749
773,874
391,489
813,912
206,304
725,826
729,827
675,776
997,1097
83,184
593,691
171,272
495,593
595,694
872,973
991,1092
190,291
312,413
386,486
865,966
814,912
40,138
475,576
963,1064
473,574
511,611
201,301
703,802
681,781
169,269
943,1041
365,465
777,877
178,277
474,572
631,730
579,680
63,162
763,863
611,709
40,139
35,134
731,830
676,774
964,1065
957,1055
161,260
584,684
557,658
416,515
310,408
197,295
865,966
192,291
663,762
145,244
424,525
469,567
187,286
240,339
796,894
378,478
762,861
106,206
406,507
37,136
374,473
956,1055
989,1087
94,193
185,285
176,277
960,1059
114,212
556,654
796,894
658,758
637,736
9,110
294,394
496,596
459,560
70,168
777,875
388,488
609,709
980,1081
990,1090
640,740
209,307
829,927
43,144
575,675
622,723
749,847
403,504
185,284
889,988
911,1012
709,810
800,901
574,672
887,987
822,920
722,821
209,309
654,755
484,583
460,558
10,109
190,288
374,474
355,454
989,1090
501,599
353,451
183,284
634,735
911,1011
368,469
863,962
948,1046
795,895
279,377
187,288
799,900
198,297
36,135
643,744
467,566
314,414
734,835
845,945
856,956
87,186
948,1048
475,574
687,788
256,354
217,315
354,454
221,320
573,673
627,728
582,680
893,992
932,1033
562,661
708,807
507,607
976,1075
357,458
402,502
557,657
559,657
811,910
129,230
793,891
223,323
335,436
409,509
131,232
50,151
57,157
857,958
837,937
990,1091
11,110
427,525
935,1036
485,583
691,791
244,344
813,913
269,370
764,865
186,286
871,971
320,421
164,262
281,382
836,936
72,172
467,568
99,197
908,1008
572,673
378,478
167,267
421,519
223,324
51,151
898,998
218,318
108,208
66,164
912,1013
342,441
359,460
257,356
766,866
876,976
203,304
678,776
410,511
918,1016
445,543
773,873
481,581
302,402
186,284
621,720
650,750
603,704
86,186
913,1012
350,448
980,1079
972,1071
714,815
356,457
980,1081
954,1053
841,941
163,263
893,993
269,370
675,774
510,609
532,632
227,325
145,244
827,928
229,329
407,505
345,443
399,497
762,860
228,326
959,1058
95,193
58,159
140,241
493,592
74,172
396,497
935,1033
357,456
329,430
145,246
548,647
429,530
270,371
650,751
475,574
438,539
422,521
578,676
43,142
890,990
300,399
871,972
235,336
887,988
893,991
446,547
971,1072
193,294
71,170
297,396
143,243
389,490
79,177
87,185
28,127
744,843
669,769
89,187
896,995
172,271
724,825
682,780
620,718
160,260
366,464
253,351
651,751
277,376
204,303
980,1080
418,518
757,856
22,123
866,967
568,666
857,956
1,102
281,380
848,948
886,986
803,904
980,1081
357,457
545,644
467,567
468,567
992,1091
158,256
515,616
194,293
528,629
123,224
746,847
959,1059
631,731
288,387
302,402
690,790
342,442
607,705
755,854
864,963
530,631
303,403
451,550
159,260
168,267
400,500
979,1080
814,914
157,256
669,769
951,1052
167,268
118,219
319,418
268,369
309,407
803,901
757,858
384,482
782,880
412,512
985,1083
193,294
245,343
565,663
505,603
694,793
331,432
633,732
245,343
281,380
450,549
902,1003
707,807
548,649
937,1037
957,1057
36,137
362,462
87,188
669,767
349,448
863,963
360,458
20,118
279,379
49,150
738,838
64,163
374,473
757,855
319,419
120,220
577,677
756,857
997,1095
908,1009
912,1011
453,552
103,204
51,152
351,449
73,173
791,890
884,985
658,756
758,857
690,789
948,1049
492,591
930,1029
175,275
22,120
913,1014
789,887
13,114
84,182
528,629
313,411
858,959
548,648
119,220
616,714
527,627
833,934
924,1024
222,322
36,137
220,320
120,221
767,866
656,755
329,427
977,1076
343,441
800,900
34,132
553,653
394,495
68,169
288,388
807,907
883,983
926,1026
161,262
827,928
589,690
336,436
706,806
762,862
942,1042
769,868
952,1051
578,678
941,1040
63,163
574,672
2,103
547,645
390,491
398,499
135,235
355,456
709,809
369,469
431,532
725,824
806,905
767,865
877,978
8,109
990,1089
284,384
298,399
139,240
892,992
42,143
558,658
674,775
683,781
282,382
473,574
14,113
215,315
62,161
424,522
474,575
690,791
664,762
678,776
262,362
447,546
113,211
999,1100
963,1061
384,483
480,580
342,441
764,864
838,936
777,875
790,888
236,334
621,721
982,1083
861,961
298,396
817,915
301,401
482,580
841,939
968,1068
650,751
25,123
843,944
397,497
702,802
629,730
614,715
821,921
496,597
242,340
758,856
42,140
298,397
111,212
274,374
974,1074
439,537
690,788
230,328
935,1035
357,455
185,284
101,202
865,966
754,855
302,403
169,267
280,379
68,167
396,495
992,1091
245,346
667,765
451,550
912,1012
865,966
722,823
303,402
346,447
896,997
704,802
727,826
48,146
176,274
244,342
52,151
965,1063
713,812
908,1009
333,432
391,491
206,307
371,469
969,1067
956,1055
930,1030
571,670
379,477
917,1018
481,582
33,133
184,283
122,222
796,896
225,324
131,232
633,731
491,589
844,943
778,877
834,935
123,222
791,892
734,834
703,804
403,504
801,902
626,724
9,108
420,518
330,430
189,290
836,934
814,912
817,916
626,726
790,890
752,850
365,466
788,888
48,148
299,397
670,769
827,926
821,922
472,570
449,547
540,639
333,433
406,505
713,813
557,657
11,111
564,663
138,237
345,443
383,482
71,171
361,462
668,767
409,508
96,196
650,748
494,595
296,395
233,332
795,895
93,192
320,421
739,839
346,446
639,739
142,241
230,328
55,156
739,840
12,110
939,1038
169,270
109,209
457,555
186,285
809,910
173,271
783,883
568,669
697,795
882,983
44,145
702,801
708,808
833,934
44,145
544,644
147,247
13,112
692,791
978,1079
126,226
350,450
256,356
707,805
170,271
761,860
572,672
442,542
396,495
818,918
872,973
523,622
209,309
137,236
817,917
398,497
985,1085
528,628
914,1012
84,183
446,545
109,207
636,736
254,352
304,404
870,968
13,112
964,1064
924,1024
132,232
218,316
143,243
978,1077
578,676
363,464
675,776
509,607
415,516
930,1031
892,991
463,563
863,961
255,354
918,1019
171,269
594,694
795,896
406,507
23,123
983,1081
404,505
376,476
359,457
155,253
858,958
219,320
406,504
570,669
751,850
79,179
207,306
15,115
140,238
95,194
474,575
840,938
645,745
420,521
872,970
425,524
422,522
725,823
632,730
49,150
833,932
73,171
577,675
418,517
220,321
941,1042
454,554
268,369
946,1044
127,227
11,111
52,152
4,104
598,697
5,105
447,546
454,553
306,404
557,658
988,1088
644,744
592,692
997,1097
382,480
236,337
225,323
352,453
580,678
297,396
157,257
349,448
485,586
602,703
627,727
121,219
10,111
429,529
667,768
14,115
412,511
955,1053
295,395
365,465
300,400
279,377
288,389
37,136
739,839
880,979
84,182
990,1088
912,1013
169,269
871,972
119,220
247,347
71,170
287,387
123,224
263,363
417,516
212,312
688,786
407,508
692,792
105,205
911,1012
297,395
297,396
391,490
580,679
999,1098
463,564
890,988
950,1048
693,792
475,574
640,740
165,265
704,805
615,713
440,539
914,1013
986,1086
745,843
545,645
619,720
35,135
73,171
776,877
895,993
732,830
404,504
77,178
333,431
753,854
187,288
399,498
780,879
893,994
849,950
274,372
699,800
548,648
828,929
598,699
648,749
325,425
208,308
173,271
666,766
705,805
383,481
159,258
235,334
722,822
235,334
603,701
264,365
530,630
590,689
437,537
436,535
672,771
939,1039
881,981
194,293
790,888
970,1068
993,1094
396,494
975,1075
688,789
399,499
745,846
834,932
258,357
36,136
470,571
997,1097
321,422
547,646
499,597
749,848
615,713
135,236
188,287
835,936
587,687
932,1030
671,771
369,470
958,1059
915,1016
212,312
906,1006
26,125
947,1048
518,617
939,1038
198,298
380,479
336,437
787,887
25,124
807,906
124,224
436,536
243,342
336,436
351,452
284,383
770,871
428,526
922,1023
877,978
358,458
345,445
488,589
672,770
718,819
658,759
379,478
648,746
90,190
68,167
339,438
345,445
893,994
673,774
63,163
358,459
112,211
781,879
119,217
320,419
709,807
280,379
65,163
990,1089
820,919
606,706
845,944
302,402
598,697
231,330
986,1085
981,1080
331,430
158,258
445,544
388,487
299,400
683,784
6,105
103,203
71,171
721,822
487,587
178,277
607,707
938,1036
677,778
215,314
966,1067
476,576
978,1079
379,479
659,757
454,553
198,297
935,1036
259,358
72,170
889,987
432,530
822,921
715,814
462,563
582,683
98,198
322,421
22,123
406,505
381,479
609,708
304,402
66,165
607,706
555,656
96,197
327,426
418,519
959,1058
715,813
577,677
325,423
265,363
469,569
765,863
199,297
906,1006
660,761
38,139
792,890
893,991
517,616
349,450
906,1007
446,544
82,183
372,470
414,514
446,545
268,369
759,860
746,845
768,867
16,114
930,1028
905,1005
836,935
420,520
906,1007
195,293
711,809
901,999
53,154
830,931
783,882
414,514
41,139
307,405
348,449
664,763
215,316
629,728
259,360
159,260
302,400
990,1088
495,594
262,360
422,520
720,820
138,236
684,782
390,490
905,1005
763,862
263,362
412,512
825,923
537,638
349,449
382,483
948,1048
954,1053
243,341
796,895
94,195
63,164
473,572
973,1071
150,251
966,1064
523,621
748,846
479,580
539,637
293,393
9,110
948,1046
632,730
639,738
580,681
458,558
592,692
931,1031
265,365
90,191
874,975
433,531
415,516
714,812
329,428
878,979
305,405
850,949
240,340
166,267
888,988
304,404
31,131
656,756
394,494
640,739
562,663
384,485
758,857
812,910
527,626
450,551
887,987
913,1012
175,274
31,129
698,797
351,451
785,885
784,883
417,518
579,677
212,311
560,661
921,1022
263,364
559,659
227,327
922,1023
479,580
656,754
680,781
265,363
203,302
904,1005
74,172
295,395
742,842
443,542
542,640
319,418
80,178
717,818
230,331
512,613
851,952
577,676
299,400
327,425
839,939
758,859
402,501
157,255
119,220
532,633
213,312
274,375
913,1014
550,648
30,131
826,925
219,319
903,1001
692,793
511,612
505,605
736,836
7,106
114,215
118,216
802,901
749,849
508,607
469,569
874,973
111,209
641,742
712,813
163,261
298,396
866,964
644,743
298,397
161,259
279,377
188,289
196,296
389,490
881,981
734,834
662,763
221,322
807,907
259,360
36,134
518,618
283,383
916,1016
540,638
201,302
926,1024
874,974
460,558
148,249
809,907
677,775
196,296
619,719
720,819
387,488
228,328
643,742
539,638
951,1051
242,341
377,477
817,915
429,528
839,940
955,1055
824,923
649,748
790,890
987,1086
913,1013
162,261
952,1052
788,887
333,431
714,814
719,820
130,228
80,179
702,802
290,389
17,116
492,591
129,230
728,826
397,495
45,145
290,391
710,808
546,645
932,1031
156,254
894,993
567,665
502,602
148,249
932,1032
626,727
34,132
759,860
518,616
237,336
976,1075
957,1055
714,812
964,1065
822,923
797,895
399,499
680,780
216,317
540,638
820,918
814,914
198,299
215,315
533,632
615,715
814,912
870,971
567,667
29,127
827,925
970,1070
727,826
123,224
327,427
252,353
534,634
624,722
772,870
470,570
463,563
565,663
578,678
839,938
202,301
12,111
401,502
254,353
170,271
581,681
85,185
922,1022
133,233
330,429
41,140
130,231
666,767
766,864
852,952
979,1077
407,508
810,909
678,779
899,998
331,431
489,589
29,129
117,215
398,497
17,117
309,408
533,634
826,925
167,265
388,486
273,371
953,1052
551,649
888,988
558,659
665,764
24,124
176,274
141,241
373,473
798,898
867,967
721,822
805,906
772,871
580,678
830,928
272,373
217,315
787,886
493,594
186,284
206,306
127,227
470,569
516,617
544,642
749,849
916,1014
814,915
337,436
639,739
134,234
895,993
984,1085
695,795
841,941
58,156
63,164
773,872
97,195
751,851
336,436
836,934
961,1061
766,867
58,159
577,677
40,141
224,322
795,893
915,1014
429,530
52,150
47,145
341,440
475,575
684,785
421,520
390,489
910,1009
429,528
48,148
737,835
460,560
172,272
140,238
964,1064
20,120
386,487
836,934
168,266
630,730
756,856
298,398
179,280
228,326
647,748
450,551
633,731
509,609
232,330
405,503
469,568
195,293
985,1086
493,591
653,751
731,831
87,187
395,495
746,846
241,342
857,958
638,737
459,559
744,843
150,251
83,181
211,310
300,399
949,1048
184,283
265,363
896,995
479,577
806,904
190,291
416,514
857,958
638,737
315,416
578,677
303,401
918,1017
790,891
163,261
527,627
616,717
404,503
197,295
6,107
265,366
679,777
636,736
949,1050
895,996
746,846
819,917
558,656
938,1038
559,660
200,300
208,309
927,1028
410,510
716,817
481,579
259,360
665,766
658,759
977,1076
873,971
296,395
176,277
164,262
123,221
111,212
601,699
526,627
453,551
950,1048
973,1073
262,363
143,244
898,999
608,708
30,131
397,496
343,443
214,315
627,725
49,148
97,195
492,590
566,665
885,985
371,471
547,646
514,615
900,1001
407,505
353,452
747,846
857,956
439,540
973,1074
890,991
578,677
929,1030
468,569
31,131
955,1056
184,284
609,709
632,733
201,301
269,370
650,751
171,270
931,1031
718,818
290,390
442,541
397,497
943,1041
972,1072
624,723
969,1067
960,1058
907,1007
238,337
349,449
378,476
988,1086
645,746
14,115
888,987
638,737
977,1077
808,908
503,601
946,1045
645,746
529,628
710,810
275,375
748,846
151,249
383,482
577,677
318,417
541,640
1000,1099
821,922
56,154
396,495
360,458
583,683
845,945
945,1046
309,408
783,884
369,469
936,1034
894,993
133,231
235,334
331,431
348,446
21,119
950,1050
5,105
536,636
788,888
167,265
363,462
73,172
428,526
590,691
947,1048
634,735
518,618
479,578
46,145
665,763
625,726
244,343
408,508
116,217
15,114
660,761
223,322
874,973
887,988
820,918
282,380
280,378
114,213
641,739
413,511
6,107
44,143
150,251
663,763
252,352
738,838
31,129
481,580
759,857
277,378
602,700
175,276
778,879
784,883
640,741
496,594
119,217
478,578
146,246
697,798
907,1008
46,145
62,161
875,974
37,137
159,260
158,258
499,597
67,166
928,1027
83,181
187,288
503,603
164,264
311,412
749,849
510,608
312,411
431,530
256,357
775,876
410,509
535,635
419,517
508,606
207,305
811,911
425,524
808,906
387,488
859,957
276,377
944,1043
403,503
585,686
33,132
145,246
460,558
650,749
887,986
478,577
902,1001
255,356
836,937
671,769
88,186
103,201
854,955
562,662
752,851
633,734
100,200
269,370
606,707
148,246
446,547
139,239
199,300
365,464
992,1090
260,359
694,794
35,134
765,863
186,286
494,595
475,576
102,200
83,182
901,999
376,477
278,376
440,538
299,400
24,125
350,448
293,394
736,835
950,1048
332,432
311,409
24,124
617,717
390,490
280,379
404,502
107,208
173,274
866,966
816,916
794,892
225,325
622,721
336,436
86,186
521,622
969,1070
953,1053
235,335
855,954
587,688
56,156
715,815
877,976
82,180
848,949
890,988
786,884
813,912
480,578
268,368
854,955
534,635
987,1087
908,1009
458,556
717,816
1,101
382,482
128,229
27,127
435,534
575,673
411,511
225,323
147,247
120,221
791,892
759,857
976,1076
61,162
55,156
250,351
53,153
31,130
551,652
928,1028
115,214
202,300
221,319
656,756
504,602
660,760
338,437
209,308
272,373
897,996
408,509
482,582
151,249
368,466
592,690
938,1039
424,522
63,164
971,1072
130,229
975,1073
763,862
700,798
873,971
457,558
788,889
391,490
935,1033
643,744
252,351
924,1023
595,696
128,229
835,933
574,674
600,700
523,623
321,420
395,496
538,637
775,875
112,212
279,378
139,237
775,874
437,536
85,186
176,276
720,819
675,773
929,1028
170,269
820,920
360,459
282,381
99,199
314,413
31,132
389,489
260,358
600,698
575,675
849,948
8,108
435,536
650,748
835,936
960,1061
880,979
182,280
786,887
478,578
124,223
170,268
108,206
198,298
771,870
431,531
176,274
216,315
721,819
242,342
523,622
180,278
263,364
23,123
230,330
780,881
61,162
914,1014
850,949
34,132
732,833
963,1064
243,343
366,465
750,850
236,336
860,959
992,1093
891,991
48,147
21,122
407,505
195,296
647,746
141,240
991,1091
997,1098
163,263
723,823
517,617
749,848
600,700
687,786
602,701
862,962
317,417
637,737
190,290
834,933
482,581
875,976
1,102
438,539
399,499
988,1089
24,122
988,1088
156,255
37,138
876,975
79,177
573,673
205,305
728,828
256,355
770,868
882,982
322,422
559,660
250,348
507,605
790,889
928,1029
964,1062
866,965
195,294
841,942
192,291
932,1032
684,784
346,446
198,299
965,1064
121,220
258,356
122,220
525,624
121,222
727,825
375,475
920,1019
654,755
512,610
71,169
525,625
674,772
842,941
302,401
758,857
185,285
323,424
433,533
758,856
965,1064
639,737
552,651
763,862
553,652
420,518
17,115
140,240
929,1030
636,736
620,720
872,972
469,569
939,1039
886,986
226,325
23,121
583,681
384,484
206,304
540,639
453,553
877,977
574,672
147,247
22,122
392,491
167,267
359,460
880,978
328,426
270,371
429,529
549,649
882,980
952,1052
402,500
351,449
195,293
694,792
279,379
695,793
81,180
121,221
965,1064
657,757
44,142
262,360
489,588
228,327
513,611
484,582
35,135
100,200
978,1079
652,750
66,166
878,976
339,438
360,460
679,780
264,364
642,740
247,348
209,308
380,480
936,1037
219,317
214,314
252,352
708,807
806,905
11,109
537,635
996,1095
89,188
487,585
218,316
902,1000
274,373
130,228
601,701
922,1021
636,737
769,870
15,115
83,184
835,933
604,702
483,582
778,877
155,256
819,919
641,740
640,738
944,1043
728,828
167,265
775,875
162,261
64,162
931,1030
578,678
137,235
901,999
737,837
440,539
42,142
19,119
48,147
958,1059
881,980
510,609
973,1071
476,577
691,790
770,870
337,436
801,902
957,1058
418,516
670,770
704,803
887,986
177,277
599,698
903,1002
28,126
77,178
987,1087
850,949
34,133
169,267
827,926
479,578
580,680
79,180
305,405
218,318
246,344
353,454
651,751
358,456
597,696
466,567
128,228
511,610
186,284
5,106
208,306
68,167
307,406
251,352
388,488
741,840
532,630
329,428
997,1098
164,262
729,827
344,444
547,645
351,449
409,508
690,788
562,663
579,678
756,857
585,685
550,648
869,967
267,366
700,801
591,691
578,678
248,346
355,455
817,916
545,643
232,331
385,483
633,731
840,939
195,296
679,779
560,659
449,548
432,532
682,782
756,855
705,804
113,214
615,716
875,975
334,432
509,609
667,767
234,332
391,492
249,350
575,676
627,726
915,1016
656,754
983,1084
52,152
597,697
907,1005
683,783
914,1014
52,151
971,1072
235,333
737,835
587,687
163,262
18,117
465,565
654,754
992,1090
97,195
772,871
110,208
174,275
854,952
952,1052
349,448
215,315
735,834
97,198
959,1060
36,135
654,754
619,717
683,783
1000,1101
992,1090
1,100
381,479
553,651
411,509
350,448
425,524
228,328
24,122
497,595
313,413
687,787
477,577
72,171
562,661
795,895
546,646
2,102
796,897
688,789
264,362
255,353
244,342
853,952
100,201
356,456
684,784
993,1094
748,846
266,367
523,623
969,1069
309,410
364,465
275,373
91,190
641,740
852,950
900,1001
77,178
122,220
355,455
816,914
8244
6225
2210
5227
5031
744
162
4390
5258
492
884
7637
6913
4494
8405
1998
2900
8235
7404
1894
5805
623
495
2954
7867
5166
7216
6454
7326
8407
3618
5552
1809
6021
1758
9164
409
9090
39
6218
5660
6940
2859
4099
5130
7198
5333
6793
5433
1116
5653
2515
6099
7376
6079
1256
155
3273
3772
2949
4064
8043
6768
4069
6466
5056
8098
2198
5904
1630
5533
3250
3210
394
4214
8143
6939
7239
5750
7634
6743
5763
2642
2611
4894
7331
2015
2234
682
4905
2416
3973
461
7540
640
7379
2
269
403
6035
1309
7375
6853
2955
4699
2446
5386
3092
6107
1487
5687
7221
1051
1746
109
7275
1419
7304
2590
7084
890
6038
5588
5883
3256
3677
2109
2439
1355
3304
5955
7014
1637
698
169
541
2237
6135
2950
3075
5249
5619
1370
6352
4920
3786
6439
1477
4560
2669
4985
911
2221
201
3471
779
3423
1674
1395
3365
5502
2050
1452
694
854
3854
2448
1633
2742
4160
128
2393
4477
4434
4370
6168
6415
5381
2290
622
2046
573
1325
3521
1845
530
2264
2768
2356
2252
6235
5808
3444
3942
4898
998
4834
4533
4388
101
5200
112
4804
5936
3567
5800
1966
3022
959
2395
4858
586
3301
5613
4503
4890
5644
4556
708
2443
2308
5572
3058
4247
3320
2172
1046
1007
4226
1360
31
1933
3696
1926
5067
3372
4921
3031
2887
1856
5194
3443
4465
4901
5260
5072
5240
1827
3385
4745
4184
1379
170
1173
1639
2629
1847
664
1264
4981
3947
970
2777
3419
4210
1670
3651
5020
2305
4583
3731
1002
4268
1273
487
1117
378
3028
3841
3587
3154
1792
3843
2714
1203
2785
504
1841
447
1586
94
4589
277
501
199
751
1449
4111
1638
1103
4166
1658
4508
816
819
4031
1708
279
3193
4000
567
1837
2613
2394
3813
3851
162
949
1265
2215
2882
2505
559
331
2054
3632
768
3979
1109
1464
1334
1795
248
2496
787
830
322
2921
2624
2225
1082
515
2240
1707
2298
3836
1519
1453
843
726
340
3218
3703
546
1377
3575
1396
3907
2818
586
4060
2325
1542
2775
3034
554
1814
2457
770
2892
412
1980
354
2241
2025
3207
471
3135
1576
1404
2849
952
2602
386
2443
872
1336
2013
1275
1695
1822
3075
2979
2048
291
2455
1223
1743
3575
2639
