439,1444
8910,9921
204,1185
5839,6831
9252,10248
5085,6087
6320,7302
1931,2946
6982,7976
5840,6830
5448,6461
5702,6687
3553,4571
4386,5370
8528,9515
3249,4265
4500,5501
7982,8985
304,1316
2211,3226
2189,3208
7683,8694
9349,10332
8316,9307
1971,2951
5095,6110
3597,4587
8085,9072
416,1404
8100,9116
6772,7764
7411,8402
631,1621
4654,5652
6809,7818
7314,8297
23,1037
4824,5814
5077,6060
2851,3837
513,1523
3088,4085
4502,5494
5728,6715
7092,8072
8357,9339
4897,5877
6561,7566
9297,10279
8977,9982
4846,5857
6558,7540
7358,8366
6569,7565
9129,10139
6778,7779
1112,2095
8262,9268
5174,6162
4178,5195
6487,7500
8719,9727
7181,8195
980,1996
5428,6445
9477,10477
3603,4620
5141,6151
6928,7920
310,1294
9449,10454
995,1997
4712,5701
3766,4752
8049,9054
4843,5852
2659,3640
1372,2372
4220,5217
234,1243
500,1502
9535,10539
3705,4703
7484,8465
1924,2937
8033,9029
2788,3772
7437,8422
3388,4379
5773,6792
2147,3131
925,1925
3108,4109
8546,9558
2714,3731
177,1187
2613,3593
3068,4077
3327,4339
1371,2359
2774,3758
6282,7268
7269,8266
5158,6147
1335,2335
236,1219
1852,2856
1677,2684
1310,2321
9683,10681
3209,4191
368,1382
12,1026
2374,3386
2819,3812
3352,4348
5168,6161
2384,3402
961,1949
3785,4781
7782,8763
4892,5890
6443,7425
6869,7873
2770,3761
4807,5804
1518,2519
1109,2090
4051,5031
1585,2590
7373,8366
6994,8011
5221,6230
4869,5886
2197,3193
419,1433
7363,8357
4898,5893
692,1705
295,1275
8698,9697
6537,7551
4405,5398
2229,3224
6680,7685
2061,3069
9574,10573
9353,10345
4946,5950
9944,10926
3995,4985
1427,2410
4905,5895
8562,9550
8325,9308
8094,9100
7830,8819
6216,7225
8149,9162
5872,6884
2259,3240
4026,5037
8100,9091
5693,6705
3054,4039
6685,7669
8523,9541
6395,7402
204,1219
9938,10946
6057,7041
5418,6408
4098,5103
2160,3144
120,1110
3153,4165
5151,6160
1955,2942
407,1419
3437,4447
3942,4934
1486,2502
992,2000
6915,7899
3215,4228
7363,8345
7971,8967
8465,9462
3880,4891
4261,5268
3427,4415
8601,9594
2125,3110
3243,4256
9642,10624
6954,7941
6903,7904
9321,10322
94,1078
4335,5331
5734,6719
6796,7782
5830,6822
7551,8539
7738,8739
6704,7699
4579,5584
8636,9621
2972,3978
5397,6416
3265,4277
4232,5242
8280,9280
5955,6972
2226,3240
1369,2385
3423,4424
2975,3956
351,1331
606,1610
6631,7646
9880,10864
2357,3359
2578,3568
7036,8028
1357,2350
773,1764
9583,10591
6273,7269
2714,3723
1612,2599
3424,4433
9629,10632
6653,7666
30,1040
3135,4131
462,1462
4504,5500
90,1071
1886,2903
1938,2942
9137,10137
7286,8289
9278,10289
6878,7896
5226,6241
331,1349
5869,6887
8166,9154
7172,8188
9720,10729
9947,10963
78,1066
1532,2547
3886,4876
3393,4410
9026,10040
1240,2237
8227,9243
3896,4915
8811,9801
2285,3267
6544,7547
3161,4176
5458,6465
5800,6785
5134,6120
4071,5063
231,1245
7420,8422
1017,1997
1516,2535
2395,3377
1074,2074
1601,2602
986,1985
4756,5739
7118,8114
1548,2538
3845,4839
7583,8597
5066,6049
8016,9003
1386,2372
9433,10442
5863,6879
4235,5241
1379,2374
23,1012
3517,4517
284,1288
9764,10779
5694,6684
5652,6644
6161,7143
7234,8219
7299,8310
174,1158
5077,6084
7263,8244
520,1538
5176,6195
5368,6349
2305,3318
4445,5458
2108,3101
5662,6656
338,1338
2060,3054
9201,10220
8279,9260
1638,2631
2887,3897
7920,8934
1433,2432
6439,7439
5229,6247
1129,2114
5804,6823
7258,8252
2938,3945
737,1742
4995,5987
3733,4726
2849,3831
1744,2724
6911,7912
5700,6690
2294,3293
7961,8972
525,1511
9122,10110
5696,6677
9091,10082
6306,7310
2777,3762
8619,9625
9777,10792
2116,3119
3169,4154
3283,4295
8672,9672
8692,9701
5145,6152
9317,10315
4636,5626
8685,9697
9201,10184
9583,10591
1296,2286
3911,4908
1012,2009
392,1402
7607,8607
2273,3281
9235,10249
5214,6224
373,1392
6827,7813
3924,4904
5486,6474
711,1693
5895,6896
1650,2650
7735,8745
2406,3392
3304,4314
3596,4586
8780,9784
156,1142
3463,4452
7374,8375
6942,7924
377,1389
834,1818
5825,6842
1639,2633
7392,8389
7686,8673
5214,6202
1706,2686
2499,3516
5734,6750
6860,7840
3181,4172
9665,10680
7896,8879
2512,3522
3382,4391
5305,6323
2953,3967
6536,7528
9441,10458
8746,9752
695,1706
4650,5665
6262,7270
764,1774
113,1125
5854,6847
8836,9820
5497,6482
3110,4113
295,1311
4850,5861
602,1621
3040,4026
7002,7992
4213,5223
5006,6022
846,1863
8650,9645
1851,2861
2815,3800
8580,9586
37,1024
1241,2248
3779,4763
8938,9957
5176,6189
580,1568
7108,8111
2446,3436
4795,5806
5018,6032
2469,3479
655,1658
7650,8643
5760,6752
1909,2890
7395,8403
637,1621
8118,9100
8938,9936
4578,5580
7938,8952
583,1590
7437,8420
5888,6893
3789,4788
9880,10882
8521,9531
5359,6366
1576,2590
6921,7936
5289,6306
6205,7203
4898,5915
2912,3919
7500,8485
734,1739
2113,3108
6358,7350
5034,6017
5369,6371
6804,7786
4545,5544
4796,5789
3182,4162
7639,8652
8255,9251
9184,10167
4114,5116
5335,6352
8324,9335
2083,3075
1643,2631
8799,9794
5814,6806
7638,8622
1803,2803
5124,6115
2601,3609
2608,3621
7041,8026
7707,8712
9104,10118
109,1120
1703,2718
7942,8936
2810,3813
5547,6560
9876,10857
9703,10696
9616,10624
1465,2451
4792,5796
1254,2259
2212,3226
7714,8703
3830,4827
3887,4900
2267,3272
8299,9317
7248,8255
6860,7840
2726,3706
6875,7886
1725,2712
3590,4593
3435,4421
7525,8516
2012,3030
5919,6899
1368,2363
3871,4875
1100,2085
8739,9741
9043,10028
2811,3826
2851,3860
6491,7506
2376,3391
3735,4723
1330,2347
5471,6455
9301,10292
8119,9134
3472,4474
3706,4688
6062,7069
3133,4128
3236,4228
548,1549
2579,3571
3387,4379
7182,8171
6565,7547
6497,7514
3644,4661
4990,5998
9533,10546
8204,9198
5778,6772
599,1594
4502,5515
2997,4016
3791,4777
7909,8893
3153,4161
1610,2623
3761,4751
8962,9947
9724,10714
6316,7324
2691,3674
9533,10547
6582,7600
3726,4742
2306,3311
4125,5144
2745,3727
9049,10041
8184,9182
8747,9763
4196,5188
9442,10453
9437,10442
8034,9044
5609,6609
1627,2616
7724,8718
4860,5870
6863,7855
9936,10920
6856,7839
137,1151
2704,3697
5184,6201
9121,10131
8066,9046
5228,6215
9310,10292
322,1307
4236,5219
3858,4860
6342,7347
1636,2616
2005,3008
88,1071
9551,10568
5205,6220
5168,6149
1594,2605
7224,8213
8472,9486
2973,3992
6233,7229
4286,5286
4242,5250
4070,5077
1038,2036
2092,3085
7000,8011
9198,10203
9117,10101
6957,7954
5590,6594
5047,6054
9220,10232
6749,7738
5596,6607
552,1557
7450,8460
7726,8726
4284,5269
8726,9725
5886,6874
8446,9446
7754,8754
4080,5077
4906,5892
9152,10155
6626,7633
7194,8194
4682,5690
1286,2267
7730,8721
3854,4867
1815,2798
525,1529
3787,4787
2878,3867
2239,3250
8125,9124
5421,6421
8462,9476
7743,8730
4677,5658
5787,6776
1892,2891
2350,3363
5972,6989
8273,9291
4430,5416
6568,7552
6258,7242
9499,10508
2708,3707
8956,9953
6068,7072
5532,6530
5481,6488
1291,2284
376,1382
1779,2772
8737,9751
4970,5988
4855,5845
9638,10637
6001,6982
9593,10586
2833,3848
1215,2215
6214,7196
4121,5117
5385,6385
6681,7697
3277,4286
9167,10180
8693,9695
1324,2317
9499,10496
5571,6561
7924,8942
3680,4669
819,1838
9050,10056
8616,9605
1574,2587
1317,2322
2386,3367
939,1942
8447,9432
7049,8062
2658,3652
584,1590
3306,4320
8128,9125
7875,8857
7346,8344
6887,7883
772,1769
1116,2134
6479,7475
2874,3893
6414,7410
3520,4537
2254,3266
9288,10306
702,1699
3459,4448
9715,10712
2783,3784
5020,6001
1675,2663
8618,9609
2348,3346
6199,7199
4258,5273
6521,7512
9396,10383
7876,8878
2680,3671
970,1950
9396,10406
575,1586
8198,9214
1031,2033
5394,6375
7332,8341
6606,7616
5165,6164
2935,3915
9751,10736
4991,5988
3474,4458
716,1711
1455,2471
6610,7615
5139,6121
8567,9547
9587,10595
5025,6017
2417,3422
5396,6414
3640,4644
2260,3246
8093,9104
7076,8069
1287,2306
1831,2838
6538,7534
3779,4782
8965,9947
8984,9981
7868,8885
8748,9733
8286,9274
7741,8745
1059,2073
7417,8407
5143,6148
6479,7464
5264,6281
6563,7575
6929,7924
2765,3763
4714,5694
8262,9272
5247,6229
8011,9024
2128,3124
927,1929
4118,5103
402,1394
2809,3827
2221,3236
7203,8216
564,1559
5691,6703
4714,5727
4854,5846
8180,9196
8504,9495
6606,7605
7992,8989
7258,8271
8177,9171
9451,10465
6319,7319
9374,10367
4370,5364
6490,7482
2883,3893
472,1480
5799,6805
3330,4321
6224,7231
7886,8891
6520,7504
9210,10191
6049,7067
8290,9288
6134,7147
8405,9417
894,1889
2728,3708
2475,3464
9234,10220
9206,10213
5061,6044
1852,2842
1950,2959
2494,3508
1936,2941
7940,8942
9453,10444
1993,3010
9858,10845
3483,4501
3911,4926
5089,6069
7896,8912
674,1674
5813,6817
3073,4080
6227,7232
5209,6189
1841,2838
971,1969
3097,4089
93,1106
3294,4309
417,1406
6286,7268
4750,5762
7067,8054
8646,9627
943,1938
8651,9660
3653,4649
1494,2512
3971,4964
1137,2135
5081,6064
7284,8265
6751,7759
9895,10896
5111,6126
4271,5267
7197,8187
2198,3191
6241,7238
1399,2389
3134,4135
8451,9449
5778,6783
6855,7844
4176,5183
9732,10743
2560,3563
4827,5813
8173,9191
9431,10442
3306,4313
4639,5626
2881,3893
7771,8758
6343,7349
5308,6291
8884,9900
5367,6366
1862,2874
936,1947
6111,7108
7598,8580
854,1866
5349,6350
9754,10751
5277,6270
1444,2453
5230,6249
9037,10054
1368,2356
7959,8954
8557,9558
6012,6998
9272,10276
6373,7380
9890,10890
8128,9115
7607,8606
2461,3445
7879,8891
3009,3990
8739,9738
2672,3664
3927,4907
1401,2401
9423,10422
3439,4426
9456,10451
8340,9354
8568,9578
7629,8630
9232,10243
7275,8288
8276,9287
7004,7994
6934,7943
215,1234
6746,7728
4827,5808
2255,3266
9212,10199
7549,8530
7056,8059
7899,8880
8490,9486
2607,3600
5556,6539
7599,8582
2563,3581
5523,6507
7918,8900
5173,6161
5251,6250
2427,3419
6900,7887
8112,9099
3752,4760
5321,6333
9648,10637
6301,7282
9306,10323
5050,6055
5224,6207
3174,4164
3860,4846
4860,5862
6437,7435
2179,3179
9692,10683
2658,3658
4270,5281
4409,5425
1659,2655
1983,2986
4864,5855
776,1784
6602,7593
8148,9165
8552,9556
4223,5225
1864,2873
1686,2701
8549,9541
8954,9942
6398,7410
1361,2344
6323,7342
4725,5724
4478,5464
7602,8593
3500,4480
6518,7511
512,1524
2119,3129
7599,8601
503,1500
3129,4121
3613,4612
6204,7203
1450,2460
1296,2282
7364,8361
9330,10327
3532,4525
4216,5231
5954,6950
3496,4512
1346,2336
9715,10729
1692,2690
3315,4295
3773,4785
6340,7320
1730,2747
855,1846
329,1317
9350,10351
3071,4074
7732,8726
6891,7903
8363,9368
1531,2528
4718,5737
8938,9921
174,1189
4497,5485
5739,6751
1846,2851
4771,5769
9331,10327
936,1941
3565,4559
7323,8337
1293,2304
171,1186
8529,9524
2829,3845
722,1707
5754,6768
4923,5942
4064,5072
1916,2914
6947,7941
704,1707
649,1643
6961,7975
587,1596
4148,5141
3977,4968
5170,6168
3065,4045
2610,3599
5913,6910
1201,2182
5570,6576
4229,5236
9942,10961
9664,10656
1094,2077
9243,10226
3423,4408
6872,7888
5732,6732
5573,6591
8954,9938
1032,2014
6407,7390
7691,8703
2378,3370
2589,3570
7064,8073
4752,5761
3515,4526
8785,9786
6441,7438
7859,8872
3351,4346
9920,10924
3048,4050
3463,4443
1549,2555
6705,7702
3429,4441
39,1041
901,1910
8749,9751
6650,7633
8492,9496
4505,5505
4966,5948
5176,6190
433,1443
886,1872
8587,9570
6665,7660
9418,10422
5660,6651
7831,8834
2328,3329
4846,5849
4676,5674
1064,2061
8678,9692
4577,5577
3585,4584
8810,9827
5416,6419
4497,5481
932,1933
5162,6149
8577,9593
2865,3880
8938,9943
3176,4188
6329,7324
1275,2255
1368,2387
236,1223
8022,9029
4274,5261
6742,7728
8047,9037
529,1513
2703,3710
6288,7303
3674,4664
6015,7029
508,1522
5359,6370
309,1297
1704,2691
1413,2424
5869,6862
4246,5235
6605,7602
1475,2471
152,1141
776,1792
8576,9563
38,1041
8297,9303
8807,9802
8326,9327
1872,2852
4236,5221
5138,6134
6142,7141
7319,8321
841,1843
6271,7283
3986,4989
4172,5175
5637,6631
594,1609
9961,10976
682,1690
5698,6681
2627,3618
428,1447
8098,9103
5536,6541
8501,9511
1597,2603
2402,3392
5468,6479
4011,5020
9225,10218
9708,10706
3191,4176
2665,3661
7288,8292
8395,9394
389,1373
2808,3790
5762,6778
5508,6512
7549,8566
8922,9919
4375,5372
7104,8103
1427,2445
2620,3600
1053,2050
2592,3605
5276,6275
1183,2189
7716,8734
9330,10327
4598,5581
209,1221
658,1665
9466,10447
8587,9579
5183,6163
4840,5824
9763,10778
6156,7169
7125,8111
4824,5835
2225,3213
5868,6879
296,1281
475,1476
9635,10615
7850,8837
2087,3069
507,1499
6724,7721
9128,10138
837,1836
1923,2933
417,1411
1103,2120
5825,6835
2912,3895
2844,3857
4199,5191
1124,2141
3005,4015
8894,9879
7103,8102
122,1110
3788,4768
6068,7059
2666,3649
393,1410
1496,2489
7395,8400
3763,4770
2266,3262
6803,7815
3591,4599
7732,8731
6642,7641
9445,10463
14,1025
2770,3781
9290,10296
8741,9724
7257,8259
3620,4609
5903,6911
7520,8529
8768,9776
332,1344
2744,3741
3312,4318
6390,7404
444,1447
5551,6542
9109,10096
6459,7475
8191,9172
6516,7520
3842,4856
4988,5971
1779,2766
5772,6770
5770,6750
4325,5311
3169,4157
3828,4808
4692,5707
3557,4542
7793,8781
177,1169
4084,5093
730,1741
4719,5699
9477,10491
6981,7983
6158,7144
3780,4768
6382,7367
5060,6056
9036,10023
4481,5492
9690,10699
1020,2013
8930,9942
6245,7239
4084,5073
5194,6178
6002,6995
2164,3181
7930,8920
6685,7684
3952,4932
8729,9746
9250,10265
3755,4771
5536,6554
8116,9114
7015,8032
693,1697
653,1642
8210,9196
8489,9479
2525,3523
597,1578
5624,6636
6612,7606
8522,9527
524,1538
986,1991
8543,9548
7515,8505
3630,4611
8208,9202
8133,9135
511,1509
5839,6840
9820,10831
1529,2537
4339,5346
7411,8425
9372,10379
1428,2442
2965,3958
5138,6138
1735,2732
5155,6161
4393,5411
5512,6496
4604,5584
173,1190
6072,7078
584,1602
7509,8492
4813,5825
754,1771
7302,8287
5054,6072
5851,6851
3033,4032
167,1173
8876,9888
5263,6261
3873,4888
8149,9144
4870,5853
3213,4193
1349,2349
3924,4930
326,1308
6850,7852
5747,6752
4926,5922
901,1903
4785,5767
4740,5739
770,1762
8358,9345
8543,9550
3678,4672
8593,9578
7263,8258
8213,9203
595,1591
3308,4297
1891,2871
7376,8394
7641,8630
2338,3335
4752,5758
2665,3674
7918,8904
9624,10619
2273,3255
9863,10843
895,1881
104,1106
7237,8255
6145,7158
4656,5640
274,1256
3775,4790
8823,9825
1158,2155
8536,9553
7364,8347
5810,6820
560,1545
8907,9896
2733,3741
4282,5281
9604,10610
6863,7874
619,1609
3864,4881
708,1700
8811,9802
2185,3189
9011,10010
9694,10676
9583,10572
8173,9187
9844,10828
6248,7248
1381,2369
2889,3883
72,1067
2355,3336
2414,3399
3963,4965
5570,6584
7589,8605
7715,8708
18,1027
4039,5056
9221,10237
661,1680
1749,2730
6032,7030
9738,10753
4409,5415
9931,10931
9840,10831
2938,3945
8197,9177
1925,2944
6365,7376
2390,3399
7619,8604
4040,5034
1200,2190
6121,7110
2585,3580
1787,2795
582,1583
8553,9565
4051,5042
1993,3011
1687,2691
6098,7095
891,1887
7496,8496
3803,4790
3664,4680
7554,8568
7476,8456
9854,10864
9586,10597
2115,3133
1381,2367
6951,7949
4997,5998
3091,4096
9228,10237
3089,4099
248,1236
8131,9113
9617,10598
7853,8845
5770,6757
5958,6951
4667,5655
9934,10949
8775,9781
428,1408
3969,4970
5852,6871
3318,4307
4333,5344
9904,10885
7227,8215
9780,10787
7520,8501
6757,7753
4589,5595
3994,4985
5598,6614
8224,9223
4809,5819
8483,9481
4208,5197
9133,10149
726,1711
7229,8224
9806,10818
1097,2115
773,1776
5353,6342
525,1528
6616,7596
7616,8632
1100,2091
693,1709
1952,2951
6667,7665
4107,5126
5104,6113
449,1452
1120,2130
8791,9790
6770,7764
1734,2746
8002,8989
6275,7290
5565,6558
2011,3019
6553,7572
1742,2743
5888,6879
9568,10548
4361,5350
6742,7723
7288,8292
5070,6053
5153,6136
5118,6108
702,1682
5914,6896
1688,2693
365,1351
8625,9642
3187,4195
7186,8167
3747,4762
2599,3596
1462,2450
226,1211
8650,9647
7313,8329
8571,9570
4499,5489
398,1385
6536,7543
9088,10077
4382,5379
2754,3773
4388,5385
1870,2888
6484,7469
5670,6680
4570,5573
2500,3481
3786,4793
415,1434
3754,4749
4709,5701
201,1203
118,1134
2699,3685
6424,7435
8930,9947
5819,6826
9617,10621
1153,2136
8211,9205
7445,8432
7943,8926
9411,10391
4504,5511
692,1708
6657,7656
6963,7943
6904,7890
5498,6495
3186,4202
6214,7204
4426,5414
1123,2139
5616,6628
6136,7122
1461,2466
1698,2699
70,1084
6421,7401
404,1393
7775,8774
5561,6542
9897,10889
3256,4258
8350,9343
7515,8508
3484,4481
3158,4163
2807,3807
5600,6606
1262,2272
7036,8017
8265,9250
7207,8194
5161,6163
1351,2332
4387,5368
3543,4528
9832,10830
3165,4153
8352,9332
409,1394
7771,8779
9245,10264
2504,3505
2938,3940
7212,8207
6060,7055
3896,4886
9132,10126
6478,7490
4812,5822
8508,9495
1390,2385
4555,5574
1984,2993
8452,9469
6447,7449
6614,7599
6238,7253
6074,7078
7581,8575
7584,8588
332,1348
5136,6135
8430,9427
7064,8060
4187,5197
5724,6738
2645,3633
2212,3194
3347,4347
3571,4587
5624,6630
7095,8093
1158,2157
3570,4559
3405,4411
2022,3023
1454,2464
1169,2163
9699,10717
1331,2337
698,1705
7957,8953
4641,5631
332,1324
6289,7285
4932,5939
6041,7024
9004,10005
5739,6751
8397,9379
2049,3058
9228,10242
3516,4517
4785,5766
4870,5868
6796,7810
5098,6111
9723,10705
5344,6329
7701,8692
2303,3320
5781,6789
2928,3943
5177,6193
4396,5391
9253,10234
9655,10641
4972,5975
2783,3768
2019,3024
9138,10143
6509,7503
6768,7762
3948,4930
610,1600
3036,4029
4788,5769
5373,6365
1439,2453
4227,5208
5282,6301
9355,10364
7462,8471
6895,7880
5958,6946
507,1517
8320,9325
6442,7460
967,1954
3288,4293
6457,7457
300,1313
6635,7617
8820,9823
417,1431
4705,5688
4460,5459
8094,9107
3108,4123
6030,7035
7958,8941
8891,9898
3222,4204
2494,3489
3463,4473
9523,10528
2006,3014
3860,4859
8811,9811
2087,3096
382,1399
170,1153
7377,8386
1051,2050
8585,9568
4096,5094
1479,2494
8691,9687
2267,3251
275,1257
2007,3005
823,1830
1292,2292
8940,9933
2041,3026
4558,5570
8145,9133
1460,2479
6427,7415
1101,2104
6322,7329
9045,10053
9850,10864
8199,9181
6767,7754
7813,8802
6399,7415
2850,3830
8838,9821
6683,7695
3069,4053
6800,7806
9982,10997
3766,4749
1289,2290
40,1050
9544,10560
5716,6724
9287,10306
9458,10475
1545,2559
4696,5703
237,1239
2579,3586
6743,7723
5781,6767
76,1063
9970,10976
5846,6843
3639,4642
6647,7653
3120,4105
3717,4710
1891,2886
9808,10823
4069,5088
7011,7993
1108,2107
4927,5919
8838,9854
9882,10866
9641,10645
7573,8563
7713,8706
1846,2860
2992,4000
2955,3964
967,1983
2698,3715
8739,9751
5639,6653
5029,6017
1616,2620
2655,3639
3732,4725
6852,7836
6133,7125
2539,3544
6313,7316
9709,10710
6866,7851
2978,3965
6691,7680
284,1303
4346,5356
9398,10414
161,1143
5609,6614
3266,4277
6848,7830
8968,9961
9616,10631
6784,7787
1103,2094
2006,2999
1506,2514
1953,2963
1851,2853
1383,2364
8483,9494
9936,10936
3720,4728
4726,5714
896,1896
785,1770
2115,3113
5403,6398
7914,8927
1175,2158
6665,7684
209,1216
8940,9928
6144,7156
3788,4769
2344,3327
4366,5369
344,1327
6521,7538
2036,3029
4878,5876
2161,3171
7235,8216
7330,8331
5309,6327
7871,8880
4367,5355
4829,5836
3444,4449
2136,3136
652,1658
8434,9421
3911,4913
6756,7771
579,1582
2626,3606
252,1247
4894,5874
8840,9854
5064,6067
7830,8846
8076,9061
9128,10124
2481,3488
8393,9394
103,1085
2509,3525
5433,6430
6719,7730
7164,8179
4544,5554
2989,3974
5605,6604
229,1236
8970,9952
300,1318
37,1054
1675,2690
261,1261
2755,3753
9284,10288
8072,9063
611,1620
2290,3271
8513,9517
3545,4537
6690,7693
5770,6756
5778,6786
6142,7155
2349,3337
286,1288
441,1421
7712,8724
8561,9543
1843,2851
8173,9156
43,1050
484,1477
7734,8748
796,1786
7486,8470
6383,7371
5208,6207
5606,6594
3915,4932
3672,4681
1138,2143
3388,4390
6852,7860
2512,3506
7305,8315
5189,6197
6917,7918
6912,7923
9772,10782
594,1588
2540,3533
7412,8404
7120,8120
5094,6109
748,1731
699,1714
4660,5654
3557,4572
4972,5956
7470,8452
734,1716
7504,8511
3464,4473
7383,8375
8840,9857
9038,10050
1371,2387
1150,2159
7542,8530
163,1161
6919,7900
1294,2310
2679,3672
9565,10545
2849,3865
2706,3709
2249,3231
5992,6996
1605,2616
4691,5676
9254,10250
7176,8175
415,1399
7077,8092
9634,10628
7300,8315
9419,10401
7417,8425
5970,6960
2970,3953
6482,7481
3185,4204
5525,6521
4789,5784
2376,3383
8540,9525
3172,4191
9619,10633
1503,2485
3518,4517
4901,5905
2822,3810
8587,9585
9699,10716
1915,2921
9327,10336
7789,8804
7616,8611
2115,3102
7602,8618
8727,9724
940,1950
1538,2531
3056,4039
9037,10051
1166,2167
8326,9313
8413,9413
204,1219
1475,2474
7954,8954
4011,5030
5754,6764
4762,5748
1097,2107
9774,10763
6202,7213
1594,2606
4987,5976
1013,1995
8498,9479
6851,7868
1858,2865
8339,9350
6919,7915
6641,7655
1996,3007
4883,5878
3772,4767
2110,3100
2273,3292
8541,9534
9527,10519
3952,4952
2774,3787
1024,2019
1385,2389
462,1459
2617,3634
6007,7011
3108,4092
908,1912
9060,10052
4580,5590
8606,9590
953,1953
2204,3200
548,1566
6178,7180
1950,2966
9631,10627
5603,6600
5124,6143
7611,8630
2519,3512
6405,7416
3560,4577
8903,9893
6585,7593
2863,3849
8231,9236
1650,2653
8647,9632
7365,8375
7017,8010
8710,9708
5630,6647
9969,10970
8482,9470
6098,7111
609,1612
6834,7840
1629,2609
103,1113
8420,9420
8871,9873
6499,7500
1238,2218
9370,10381
2119,3125
672,1676
2840,3846
1417,2416
9917,10917
3944,4963
8313,9321
2722,3725
9152,10139
8102,9113
1049,2039
1067,2065
4345,5344
9745,10756
955,1952
8198,9201
9675,10694
2148,3165
3138,4129
4303,5313
8972,9985
7894,8884
2973,3977
8212,9220
5962,6943
4227,5238
92,1088
4290,5281
6534,7531
3097,4083
9381,10362
3679,4677
1380,2385
9863,10852
8192,9175
9378,10373
1168,2175
873,1873
4244,5239
2995,4000
6538,7521
7552,8562
9952,10955
4780,5775
2756,3766
3848,4828
6708,7717
7276,8257
2287,3306
6127,7142
507,1515
5688,6698
5019,6031
4372,5378
6064,7059
8578,9560
6993,7999
1741,2734
5533,6539
2837,3849
7290,8308
1419,2418
1638,2628
1427,2438
1988,3004
3452,4437
5859,6848
6814,7829
1893,2890
3492,4496
5732,6751
8248,9252
5611,6620
9048,10064
411,1427
8849,9848
3764,4763
6878,7860
9721,10712
8866,9882
548,1561
7297,8295
7378,8374
7511,8492
3336,4334
2820,3804
7653,8657
4264,5265
9578,10579
6956,7937
6215,7228
5595,6609
6504,7490
7526,8528
4585,5567
9278,10278
9776,10769
7517,8535
143,1143
2992,3974
2075,3061
7099,8102
4100,5089
6333,7319
4512,5524
5392,6380
6617,7609
221,1212
8845,9854
1375,2358
2457,3448
7988,8991
4627,5634
1834,2841
2226,3212
3020,4022
1700,2697
883,1869
9928,10938
4261,5251
2265,3270
4010,5008
7689,8677
3569,4575
9995,10978
5698,6699
4550,5534
413,1405
3240,4244
7639,8650
9670,10682
7184,8168
7438,8432
7108,8108
3717,4704
1599,2605
3492,4484
4181,5172
1386,2371
1050,2039
6652,7652
8893,9897
2362,3377
7097,8082
9868,10882
428,1433
8717,9711
3366,4367
2301,3310
137,1124
2673,3654
2270,3284
3744,4744
9718,10717
1900,2914
1677,2667
5165,6159
9534,10551
6146,7154
3375,4355
3497,4507
4135,5133
9415,10418
7047,8030
9867,10879
4151,5159
8460,9452
8823,9814
6894,7913
3822,4802
6565,7548
890,1883
5644,6634
9272,10274
2295,3292
1971,2960
4734,5746
985,1978
3923,4926
4781,5777
7160,8146
5819,6835
3263,4244
7630,8640
9100,10085
6322,7321
1432,2429
5155,6138
7831,8837
6581,7589
9931,10935
4210,5199
1659,2668
3931,4941
9932,10938
2444,3435
525,1520
4995,5982
9048,10051
2698,3684
3740,4725
10000,11000
954,1953
4900,5903
9560,10546
3270,4278
8537,9525
1848,2863
5280,6285
3049,4055
2523,3516
7148,8146
9215,10213
8942,9949
1695,2688
4756,5774
958,1944
3773,4787
2296,3288
3756,4773
2423,3439
2327,3333
1820,2807
4665,5661
4011,5007
4391,5386
8392,9395
567,1556
9398,10398
793,1775
5605,6614
4842,5831
8642,9632
9490,10501
7531,8519
1722,2736
3842,4841
7478,8477
903,1911
4280,5278
497,1510
7264,8269
8194,9177
4135,5139
1807,2801
1352,2349
2041,3046
3080,4097
3975,4979
9405,10419
5895,6895
2110,3112
2830,3833
194,1198
6657,7669
9150,10130
2976,3986
8878,9891
8471,9465
3755,4759
1515,2514
5700,6711
3312,4329
9554,10544
8749,9748
1821,2826
9017,10006
557,1540
155,1169
6171,7170
1394,2406
4864,5862
7658,8659
7275,8257
5449,6444
814,1797
9940,10927
2140,3142
8897,9909
689,1682
4038,5045
5864,6846
7428,8428
6395,7394
301,1292
4607,5605
904,1922
2279,3284
3905,4885
1667,2674
2271,3251
6513,7498
3752,4738
4423,5426
5472,6478
8484,9471
1708,2725
311,1320
801,1815
8837,9845
7019,8036
4647,5646
7342,8350
3125,4118
6551,7568
9345,10337
2548,3541
255,1273
2386,3385
9531,10527
7803,8791
1521,2503
5898,6913
7216,8229
5257,6258
2915,3899
5949,6953
7631,8615
8927,9918
817,1813
6151,7170
6115,7113
1712,2698
8040,9025
1237,2221
8958,9963
2293,3294
7333,8316
3923,4908
7661,8662
2400,3400
2878,3875
7069,8062
463,1458
5850,6867
1322,2330
7873,8854
167,1170
297,1279
1468,2475
1803,2807
6299,7312
8205,9187
4514,5511
5792,6795
9369,10349
6211,7212
2662,3656
6922,7915
2012,2993
2929,3919
1935,2917
4079,5094
3403,4413
3384,4386
4195,5188
510,1524
4663,5673
914,1923
3842,4839
5436,6446
230,1212
7803,8811
5257,6244
8488,9476
2032,3042
8214,9224
9094,10102
4406,5390
4736,5735
8201,9204
884,1869
3652,4637
4,992
4051,5060
9893,10874
9368,10363
5382,6388
334,1316
855,1853
6125,7108
8857,9868
7989,8994
7815,8814
3512,4523
8604,9597
3812,4797
583,1600
9481,10469
4820,5805
3490,4502
2054,3073
9854,10845
8553,9537
1947,2952
1249,2246
6191,7202
3483,4466
4154,5162
9579,10559
7264,8261
2811,3826
4239,5219
4404,5415
5802,6795
1579,2581
7990,8976
1080,2067
291,1279
7391,8374
5848,6856
4827,5817
3033,4047
8731,9738
2947,3930
8496,9503
6362,7373
5848,6836
6369,7356
4956,5941
8957,9952
9658,10652
5481,6464
1922,2917
9931,10937
9451,10458
7437,8448
5900,6907
9641,10622
8741,9724
3540,4523
9351,10334
1465,2462
70,1070
9335,10331
1119,2124
1036,2022
2258,3241
8748,9740
9328,10316
1906,2889
3289,4278
6138,7147
8896,9902
1139,2149
8444,9436
4092,5091
8614,9614
6669,7654
7773,8765
7168,8169
9556,10551
7307,8323
9385,10379
5639,6654
7967,8947
3598,4598
3420,4405
3734,4742
6129,7112
6300,7282
8835,9829
2534,3541
7894,8895
5754,6743
3376,4391
237,1254
5457,6453
4403,5393
6835,7816
7229,8232
4202,5197
8909,9894
4163,5154
99,1105
5969,6971
8558,9564
1479,2484
8843,9830
4733,5720
7442,8437
470,1452
4497,5507
7470,8470
6733,7724
763,1776
8955,9972
2761,3767
2600,3619
7208,8214
6521,7518
5938,6942
6641,7623
223,1227
9407,10390
7671,8671
2959,3944
8533,9546
1061,2079
7592,8584
8264,9278
2017,3028
54,1056
5758,6770
4587,5604
2018,2999
9880,10872
479,1493
1044,2057
6715,7706
817,1815
8538,9522
4228,5224
3483,4478
313,1326
8214,9215
9517,10514
1784,2786
2045,3041
5297,6288
5466,6482
4618,5616
8779,9765
243,1227
9274,10260
8788,9807
3965,4978
5489,6484
9736,10720
4179,5174
5549,6553
2715,3733
5799,6802
435,1453
3194,4208
6631,7622
8363,9376
1610,2610
2764,3775
1715,2700
6811,7830
5465,6445
8171,9171
6537,7524
2793,3799
6386,7382
8199,9200
9606,10610
9705,10708
2244,3235
1614,2611
5914,6924
3213,4230
698,1699
2310,3320
4702,5699
6269,7270
6880,7885
3087,4097
4317,5305
9039,10019
8580,9561
2523,3533
3136,4129
4239,5239
8313,9297
8842,9827
8654,9645
775,1759
4244,5261
5063,6054
6100,7105
5021,6007
8539,9529
6988,7971
3791,4795
8990,9981
9566,10555
1746,2749
2953,3968
5035,6045
485,1485
9477,10469
4753,5736
7520,8511
2008,2988
7586,8600
1201,2188
2099,3104
576,1595
4326,5343
7182,8185
1674,2669
7000,7981
8247,9232
1386,2366
6851,7833
9106,10111
4562,5558
2228,3240
8659,9663
5000,5996
1262,2266
8067,9081
1814,2794
9311,10306
3103,4107
8317,9329
8485,9477
1058,2060
7417,8430
4697,5711
9402,10390
1364,2345
6314,7329
7650,8660
2083,3080
8810,9795
984,1974
6468,7465
3077,4059
2217,3205
3086,4077
4215,5218
4986,5992
6211,7229
3274,4293
9016,10010
4101,5119
9348,10363
5439,6437
1647,2660
1387,2378
9739,10731
735,1725
5576,6576
2107,3092
562,1559
6509,7496
7692,8693
2786,3799
1653,2666
8725,9724
5520,6501
9932,10926
787,1797
2775,3757
6988,7976
708,1723
1770,2754
7909,8902
88,1082
5835,6854
9772,10783
5873,6871
2491,3486
2207,3207
4268,5281
5234,6226
2693,3697
6151,7139
6549,7549
3389,4375
6164,7179
4519,5536
519,1520
877,1893
3073,4087
4168,5170
5766,6746
2469,3455
2176,3184
9369,10367
4806,5787
1036,2023
2277,3294
8284,9270
2841,3848
7983,8985
4863,5866
3824,4810
4286,5297
5331,6324
4233,5214
1669,2682
5456,6467
8030,9037
2357,3354
94,1081
1604,2605
5148,6131
6628,7629
6139,7127
9700,10680
9938,10930
6062,7052
7533,8535
6606,7591
1987,2977
7801,8787
2805,3817
1977,2982
7346,8338
5126,6143
7069,8073
1600,2613
3798,4803
2523,3524
4879,5898
3829,4848
7730,8736
2043,3056
6386,7378
5775,6759
7110,8093
9315,10320
6502,7487
6931,7942
577,1568
2800,3806
1227,2213
6973,7961
2000,2993
4360,5369
3744,4751
9152,10139
1803,2821
5165,6177
2491,3475
7324,8331
4234,5240
3105,4103
5682,6684
2399,3384
189,1192
9092,10083
1651,2670
2397,3390
8513,9512
8051,9044
6601,7603
3764,4762
5821,6830
9673,10666
7836,8821
8982,9989
3012,4024
3613,4628
5985,7002
6333,7328
533,1552
4456,5465
3308,4295
591,1580
4347,5345
2627,3612
2207,3207
7370,8364
885,1868
685,1668
7484,8501
5785,6780
8659,9640
7764,8771
649,1644
3406,4386
4536,5527
3920,4900
2356,3369
4047,5042
3082,4084
5739,6728
2232,3232
4000,5002
5241,6251
2295,3314
4379,5379
7837,8847
9853,10845
1162,2171
9708,10697
8641,9641
7799,8805
930,1939
1105,2094
3239,4244
7036,8026
9146,10138
578,1594
9506,10492
5270,6275
7718,8708
6127,7120
6408,7407
9244,10234
4998,5991
547,1532
1233,2248
1177,2176
9659,10640
2994,3985
2831,3822
4932,5939
9290,10286
3742,4737
1614,2604
2263,3268
1472,2454
8146,9151
1493,2477
5614,6627
6795,7807
4992,6001
8058,9046
1766,2785
5940,6922
4673,5670
5135,6152
3257,4260
5475,6475
9852,10844
1817,2809
5680,6666
4551,5553
9414,10417
5418,6419
4780,5782
8601,9594
2341,3326
4080,5084
4875,5873
260,1277
8415,9426
7239,8244
9391,10384
770,1780
2663,3682
9511,10501
7813,8808
5696,6676
9023,10032
3925,4908
7146,8149
4064,5048
1534,2529
5433,6443
1501,2506
2347,3362
4341,5324
4669,5661
1747,2762
5909,6899
370,1374
889,1892
5809,6790
6795,7779
5936,6920
5109,6091
5911,6912
3031,4039
2012,3007
774,1784
7038,8057
3848,4830
2273,3282
9046,10031
8330,9319
1560,2563
9072,10078
347,1327
8443,9457
1068,2074
3329,4322
518,1517
577,1561
6358,7361
2660,3651
4074,5085
8022,9005
5766,6760
2106,3119
3215,4201
3204,4188
5148,6166
1818,2819
7890,8878
6588,7573
283,1269
3202,4217
7760,8748
2244,3242
6747,7731
8391,9384
5452,6447
2124,3129
5628,6645
5780,6794
6800,7811
2893,3909
5635,6620
8742,9756
7241,8259
9249,10232
9285,10283
9817,10823
5291,6290
1753,2752
5017,6028
1731,2733
9468,10469
847,1856
1464,2463
4852,5868
6363,7356
2105,3113
9399,10382
4870,5873
691,1697
2697,3716
8137,9121
9087,10092
3256,4249
29,1023
5149,6151
3888,4901
6286,7288
4850,5865
249,1251
6509,7505
4685,5697
1699,2697
4698,5688
1284,2269
1594,2596
9046,10049
9005,10021
6094,7085
336,1352
8222,9221
9481,10488
6414,7416
6753,7735
9899,10905
4560,5548
7868,8885
52,1048
2384,3369
148,1133
3367,4356
2621,3624
1692,2704
7201,8188
5390,6403
9703,10686
3923,4919
5030,6030
7981,8983
4516,5504
7832,8822
2702,3711
3043,4055
5417,6400
3355,4367
5199,6210
2542,3523
979,1987
7823,8832
9055,10052
8467,9452
45,1051
5662,6657
8609,9605
4133,5132
8240,9239
3809,4817
1364,2367
9292,10291
7544,8556
4364,5365
3582,4580
5204,6189
8915,9910
2766,3748
6522,7511
5715,6721
8547,9565
9379,10377
5150,6139
285,1282
5329,6347
4324,5309
8619,9638
532,1530
9138,10126
4879,5877
7236,8224
8069,9079
3697,4708
83,1082
6642,7633
8145,9155
1596,2600
3617,4606
3048,4064
7768,8755
2813,3805
2365,3345
7464,8452
3451,4470
728,1742
3278,4277
9219,10227
2376,3395
4371,5353
5171,6174
6398,7401
7747,8759
5519,6503
3651,4668
8302,9282
8764,9772
6253,7259
133,1140
9104,10113
1694,2687
6396,7415
3422,4405
8409,9390
2833,3835
1542,2536
646,1634
1531,2548
9834,10836
1622,2634
4530,5539
3775,4783
2909,3909
8752,9753
4583,5575
6807,7793
4011,5004
8041,9056
392,1375
2954,3943
4326,5312
5953,6941
5883,6894
6483,7474
5257,6270
5336,6322
1566,2574
6737,7732
1114,2127
2879,3882
8938,9942
2469,3453
5572,6589
4948,5961
7465,8459
9981,10988
1035,2032
7001,7990
6347,7340
10000,10984
7460,8452
4985,5979
1787,2788
6278,7275
4738,5726
4478,5467
2707,3691
6576,7556
8511,9502
9060,10056
2459,3478
3190,4193
6688,7680
8446,9451
5185,6197
9258,10255
3909,4912
1549,2552
4910,5907
4268,5255
8136,9155
8111,9101
4691,5692
9535,10531
4177,5177
5411,6400
4774,5781
2869,3856
4258,5244
4701,5698
2675,3675
9613,10613
8876,9858
7172,8163
8174,9177
6806,7802
7477,8462
7549,8563
4880,5861
2864,3883
4182,5171
3217,4213
9287,10290
6504,7513
7473,8471
6951,7945
6558,7569
3103,4104
2802,3806
4865,5874
9179,10188
5447,6431
48,1040
7087,8067
6288,7292
1805,2818
6179,7167
9576,10558
9895,10879
6080,7060
7382,8382
6030,7049
8597,9602
2340,3352
4303,5304
7921,8938
8351,9369
4792,5787
446,1454
5376,6358
8842,9836
5249,6236
9443,10438
88,1086
8439,9444
6081,7083
3956,4974
2570,3575
8020,9019
9762,10780
9518,10505
1996,3000
6178,7178
5137,6140
4284,5272
7543,8553
2420,3436
1252,2250
3979,4974
4558,5562
3392,4403
4240,5243
3098,4082
3644,4645
7660,8646
8104,9123
9786,10799
5809,6815
2813,3796
3584,4583
3817,4802
6133,7123
9726,10718
1491,2506
9188,10199
2948,3958
4754,5734
9693,10678
8015,9001
8733,9739
5328,6317
4560,5554
3181,4168
6025,7022
1120,2128
5580,6565
9461,10480
8951,9936
1252,2232
1887,2887
9405,10415
913,1911
1691,2696
7068,8081
4557,5540
9715,10713
2861,3853
1831,2833
3112,4103
4206,5209
5853,6835
3732,4715
2841,3827
9305,10320
1588,2582
4244,5242
4919,5910
2677,3693
6091,7091
6780,7779
7804,8793
9008,9994
9245,10247
1896,2908
5067,6048
4503,5495
917,1924
7863,8874
5959,6974
7515,8499
8255,9235
2973,3982
726,1729
957,1942
805,1805
6814,7810
3631,4628
6018,7036
8570,9568
1986,2986
7275,8278
5554,6573
2945,3958
5291,6307
4754,5756
6430,7440
1973,2988
4604,5584
7518,8529
8187,9197
9271,10274
6506,7486
8343,9353
3149,4163
4978,5994
4879,5887
1132,2148
7567,8576
1836,2854
5403,6420
3005,4001
221,1209
3161,4169
2241,3231
2012,3005
1001,1981
6995,7980
588,1573
7054,8054
6797,7794
5786,6773
1705,2711
340,1320
3892,4889
7851,8834
8865,9857
4624,5613
6141,7133
5531,6521
8336,9330
4417,5428
9305,10311
1390,2391
4582,5567
1170,2174
5969,6979
2313,3300
1473,2480
6694,7713
6202,7211
2506,3524
5675,6660
6843,7850
9258,10256
6966,7961
3124,4116
3019,4012
5041,6051
3647,4657
2391,3390
7829,8846
1224,2232
8586,9587
38,1023
5717,6701
8766,9761
9596,10596
9842,10825
7201,8198
1275,2293
6579,7597
6519,7526
8930,9912
6114,7132
1197,2184
1973,2957
8482,9494
669,1655
8031,9050
2224,3231
5386,6381
2616,3600
2433,3446
3157,4148
246,1244
3651,4647
3467,4477
138,1119
1415,2414
5194,6196
8069,9059
4337,5352
4805,5816
6554,7534
6742,7730
6504,7516
9173,10155
5148,6163
7408,8412
7419,8422
3655,4643
3822,4808
1559,2543
3434,4450
8549,9548
9443,10441
6499,7499
7405,8420
2266,3268
94,1103
2765,3774
92,1101
5233,6224
7996,8981
227,1224
1441,2428
6160,7166
2111,3112
4772,5763
5630,6635
4959,5958
309,1303
6968,7970
1798,2806
3118,4128
7796,8812
8868,9857
8652,9660
4296,5297
2350,3364
2075,3075
2396,3382
3043,4044
6401,7407
663,1673
6975,7983
4651,5653
7738,8736
4446,5431
9981,10997
4366,5371
4065,5053
1437,2420
9712,10707
4766,5759
9607,10599
4684,5692
921,1903
5482,6481
1552,2547
9560,10564
7949,8958
8152,9155
4286,5282
8102,9098
3183,4173
3331,4312
8923,9908
5394,6392
6406,7407
6674,7686
2758,3760
9850,10852
1885,2899
3525,4540
5791,6777
7751,8762
4497,5509
8527,9537
8971,9967
2918,3937
6884,7865
7899,8915
4387,5374
2114,3116
2831,3813
3889,4897
7084,8094
8682,9688
1999,2997
3812,4830
3579,4559
7032,8020
2648,3641
7718,8719
816,1835
3405,4394
2100,3098
8664,9668
5402,6388
8011,9019
1597,2582
9837,10851
2923,3921
221,1205
1036,2054
9953,10967
231,1233
5366,6368
6488,7484
7815,8798
680,1680
1492,2499
3541,4536
6625,7627
2138,3141
9545,10555
663,1664
7289,8278
2841,3845
518,1518
5976,6966
6505,7502
2436,3438
5613,6624
4128,5126
7724,8736
826,1812
7303,8307
6216,7220
1091,2085
4156,5166
5509,6516
5630,6617
4442,5432
4484,5474
2995,3980
3794,4786
2116,3115
6055,7040
1637,2650
4739,5752
8401,9390
8540,9538
6827,7814
1368,2383
8188,9186
9223,10203
3126,4128
3356,4355
9383,10399
8167,9162
6782,7764
1032,2033
2874,3883
9314,10305
795,1781
9625,10635
5661,6661
2843,3844
9647,10657
5416,6403
5647,6631
6454,7464
5591,6573
6187,7169
6785,7788
4429,5429
7995,9002
2188,3186
6941,7948
2236,3222
7750,8755
6031,7018
3052,4071
4601,5612
8293,9286
2447,3458
6930,7946
8680,9681
6880,7865
9413,10431
7241,8228
5766,6775
3581,4577
7649,8642
9164,10174
3582,4566
1103,2115
4103,5104
5379,6360
6731,7720
3745,4748
6921,7904
9573,10561
2899,3914
4199,5185
4298,5285
3544,4538
7356,8337
205,1221
2648,3648
4598,5582
9798,10787
4758,5744
2880,3863
9125,10127
6270,7283
2923,3926
6751,7758
253,1246
8674,9686
7018,8006
292,1282
6017,6997
7542,8549
7643,8662
3829,4845
17,997
5228,6247
4443,5451
7616,8616
3474,4489
6811,7816
3054,4061
8988,9988
7482,8501
5314,6321
7438,8440
6837,7827
6522,7537
404,1386
6959,7946
1927,2931
76,1091
3346,4360
9636,10618
7391,8371
5131,6140
4187,5196
9897,10916
610,1590
7812,8821
45,1032
7350,8359
290,1288
2098,3095
1493,2483
3584,4599
2440,3456
1825,2809
9796,10804
3874,4885
3358,4377
3245,4257
829,1830
719,1717
6026,7031
195,1208
9760,10759
111,1095
9699,10699
3858,4874
7575,8566
805,1801
1430,2419
8365,9364
9194,10175
7406,8417
8633,9652
9421,10402
6122,7103
3834,4839
9897,10890
4522,5512
5361,6380
4268,5274
1311,2297
5711,6696
4017,5004
7079,8087
6172,7160
5294,6288
7970,8982
4112,5096
4650,5635
8495,9490
1395,2409
8656,9662
4440,5453
5086,6080
3668,4663
8891,9881
6595,7576
2766,3774
1098,2105
3255,4270
83,1083
2987,3983
2341,3360
6582,7601
45,1057
5422,6419
6638,7627
4471,5462
6855,7859
1443,2428
2541,3530
3047,4031
3091,4073
9331,10349
2475,3455
6737,7747
7677,8677
4113,5115
8956,9974
7578,8591
5074,6054
2298,3313
9187,10190
4203,5200
7445,8450
3557,4546
3621,4626
1474,2479
2462,3449
3874,4868
1000,2008
8267,9272
7503,8483
1631,2646
782,1791
6847,7854
64,1051
5180,6163
3901,4884
1777,2791
857,1874
7404,8408
594,1599
4620,5608
2948,3935
9546,10552
2858,3853
7454,8471
4590,5602
4729,5722
7201,8189
8103,9114
6350,7352
3994,4999
3451,4457
1193,2188
7237,8250
9742,10754
9809,10804
4684,5689
7836,8829
5555,6567
2048,3042
4607,5592
6430,7431
3160,4164
2815,3819
2813,3811
8005,9013
6674,7660
8012,9017
6732,7725
7250,8246
9258,10267
6994,7993
3685,4697
9105,10109
9873,10892
9453,10469
3884,4876
2235,3229
5957,6970
4589,5596
4039,5057
5655,6650
8929,9928
9427,10417
5603,6609
9830,10820
193,1184
7933,8933
9163,10158
7795,8781
3020,4007
424,1433
5129,6145
3510,4526
2217,3201
9675,10686
2628,3645
9090,10077
3435,4439
2117,3108
2341,3337
2476,3461
9555,10572
8867,9882
7543,8557
910,1919
9234,10229
53,1046
9927,10935
4177,5157
9241,10245
3554,4539
1382,2388
4243,5259
8450,9459
5827,6834
6515,7506
6596,7603
4503,5506
2038,3051
3776,4770
6818,7816
5488,6482
6313,7316
8056,9067
3877,4880
3371,4384
5757,6776
9679,10676
7389,8406
3187,4198
2035,3054
6492,7502
8972,9956
8476,9477
968,1956
3148,4130
4439,5425
7364,8361
9701,10704
8407,9402
3656,4646
2045,3041
5172,6161
3323,4320
7439,8429
8932,9933
3090,4083
9,1013
6227,7223
9751,10737
8584,9565
9901,10893
9885,10880
8669,9672
5291,6279
8699,9713
4911,5928
7367,8368
1781,2775
3305,4295
9529,10510
3869,4876
2476,3493
5932,6946
994,2002
4325,5308
1826,2809
3353,4357
4991,5979
6591,7610
7985,8980
3223,4206
5966,6982
538,1557
4144,5138
2124,3113
7817,8827
5087,6084
8218,9227
189,1181
8622,9632
2550,3530
2267,3247
886,1893
431,1440
150,1160
3696,4699
6516,7528
3150,4162
1865,2847
2437,3439
1400,2397
1488,2482
6176,7192
1482,2494
2958,3944
5402,6384
5310,6300
6181,7165
5384,6385
1106,2105
3996,5005
2361,3349
7174,8173
5635,6653
2454,3449
8880,9890
3458,4442
5877,6886
8047,9048
4154,5140
700,1714
1,987
6380,7381
667,1652
236,1218
9970,10972
9249,10258
5688,6696
8970,9980
8456,9473
3723,4714
2571,3557
7681,8671
6109,7109
9322,10332
9386,10394
4697,5705
3057,4059
3149,4138
5033,6036
1406,2402
2889,3871
5403,6420
6380,7395
2492,3499
714,1717
1682,2682
5032,6033
159,1151
1667,2647
2012,3012
4966,5966
9854,10842
5662,6669
2950,3934
9824,10819
4148,5158
285,1276
3535,4537
1272,2254
5864,6869
1488,2487
8265,9254
7804,8814
8098,9090
6206,7208
4883,5898
8268,9278
9715,10728
8129,9139
9770,10751
4974,5981
2717,3706
191,1208
4595,5608
6923,7934
7729,8710
5232,6227
4225,5233
4616,5601
2833,3825
3562,4561
320,1336
7092,8086
7722,8716
2590,3579
8661,9645
2136,3146
8556,9561
944,1952
5009,6009
8709,9696
8674,9665
3025,4036
8031,9050
1840,2826
8078,9080
9571,10569
9952,10955
2531,3537
1075,2072
4749,5765
213,1226
2917,3928
3785,4784
5165,6150
9102,10087
4695,5685
2505,3498
5695,6694
2446,3443
4356,5342
4804,5813
3338,4322
8826,9825
4810,5796
580,1589
7309,8296
3995,5012
4969,5978
5299,6292
5852,6850
6902,7915
8858,9864
6860,7865
2353,3347
4974,5970
9999,10983
746,1765
1829,2816
6625,7612
8374,9372
722,1741
7811,8808
8362,9378
6021,7023
1160,2160
826,1806
6589,7575
8298,9297
7331,8322
959,1963
4038,5021
81,1080
9545,10532
9070,10055
8104,9092
4705,5701
9276,10286
1497,2514
6944,7962
4073,5071
1512,2528
6444,7445
6056,7052
838,1825
397,1378
6780,7768
5493,6493
3023,4004
1950,2954
1977,2991
8129,9128
8456,9468
1045,2030
7625,8633
6630,7612
1140,2126
9233,10249
1864,2858
7053,8033
1325,2328
6507,7493
1290,2278
2728,3743
5106,6123
5202,6192
7158,8140
2770,3756
8696,9706
1921,2913
5877,6867
4254,5268
1641,2649
7247,8241
5350,6348
280,1283
7458,8447
4434,5414
7375,8372
8293,9282
3433,4426
5454,6435
6839,7823
112,1092
4353,5367
2582,3566
8348,9328
4631,5639
8911,9897
5319,6302
731,1736
6743,7748
5825,6833
9747,10751
270,1274
548,1563
6273,7286
4978,5995
9497,10501
8622,9625
798,1793
8449,9465
4367,5373
7454,8444
7576,8593
6432,7425
2955,3962
8907,9891
8883,9873
4755,5752
856,1858
5634,6627
4482,5491
9250,10268
6463,7468
5890,6896
4809,5804
7140,8148
1680,2667
1656,2663
1586,2572
174,1168
2841,3838
6066,7070
4680,5686
4930,5932
434,1444
222,1211
6666,7673
3690,4674
570,1581
2237,3233
9717,10723
1553,2569
9891,10881
7474,8458
7218,8213
3321,4302
588,1581
9374,10360
5564,6552
3423,4437
5400,6404
1256,2242
3607,4589
7680,8677
6705,7700
4073,5084
5920,6917
9411,10429
82,1077
8773,9781
9938,10929
7130,8140
6767,7764
9544,10550
8008,9011
3133,4136
4278,5274
2280,3282
6251,7235
7714,8701
8335,9320
4781,5776
6876,7884
6135,7150
9960,10974
1469,2472
5168,6172
8765,9751
2296,3287
2246,3233
6144,7162
4453,5433
2179,3193
9029,10015
4093,5108
4148,5135
5108,6098
2272,3277
4758,5755
7860,8857
9512,10492
4489,5500
4013,5012
8989,9988
6526,7512
6425,7420
2436,3419
8425,9438
8958,9946
4224,5230
3497,4496
5097,6108
8731,9741
6651,7644
9866,10879
1871,2878
3481,4492
4979,5978
5681,6670
7660,8659
3662,4674
9944,10933
688,1696
2490,3504
4292,5281
9027,10019
6778,7776
7985,8968
3844,4851
4033,5038
6543,7552
5836,6841
927,1941
8952,9971
1848,2847
896,1898
7825,8812
2035,3046
6381,7394
2657,3665
8242,9251
9805,10818
1276,2286
97,1103
9864,10848
5408,6427
1487,2500
6569,7584
6920,7910
4227,5226
9259,10269
9770,10775
121,1120
7463,8475
8491,9479
9883,10864
5460,6479
4039,5024
7945,8931
3443,4441
2486,3471
8920,9932
9377,10372
259,1255
237,1222
7467,8455
9470,10479
7893,8886
1842,2850
2041,3054
9301,10304
3233,4232
3689,4685
8178,9177
2331,3313
9100,10099
1309,2324
7725,8717
9647,10661
1020,2018
1725,2707
3953,4959
8189,9183
4677,5657
5122,6137
1818,2829
6680,7665
5461,6465
8813,9827
8191,9179
4490,5472
1988,3002
9453,10452
6891,7888
8413,9397
4223,5207
8765,9757
3109,4120
1310,2324
1981,2984
2238,3243
436,1437
159,1172
7750,8757
7311,8315
6175,7166
8956,9942
7154,8153
5362,6372
6913,7927
8566,9579
2914,3926
1980,2970
2563,3570
814,1820
5576,6593
9334,10342
2363,3377
7498,8498
6594,7603
5007,6024
1004,1999
623,1605
5886,6880
4004,5017
1592,2578
4895,5909
709,1689
9001,9986
1465,2473
4629,5640
1410,2420
9179,10168
1797,2778
1932,2921
5244,6227
8104,9121
3538,4557
308,1317
2571,3560
1460,2462
4167,5177
6074,7082
5283,6289
7252,8271
1325,2308
5681,6676
2753,3734
2432,3443
7917,8917
986,2001
7445,8445
5293,6303
1747,2737
4640,5636
5937,6917
8945,9929
1753,2740
5619,6601
251,1249
6944,7951
4080,5070
2983,3971
7855,8863
4898,5889
7005,8006
2393,3391
6151,7138
1867,2858
3687,4672
433,1449
2957,3968
2089,3093
5139,6121
1736,2741
5880,6860
1937,2948
8305,9308
7160,8159
8460,9471
9441,10457
4126,5109
2824,3836
4353,5351
8077,9063
2086,3077
6129,7121
3441,4460
3781,4770
1019,2028
4464,5454
5733,6751
5485,6489
1075,2094
7555,8566
9701,10712
5990,7007
2782,3771
9074,10055
7176,8188
8386,9375
4048,5039
2022,3004
4783,5773
1451,2456
5661,6674
6740,7721
9068,10068
3012,4023
8845,9864
2778,3766
1927,2928
1957,2940
5734,6735
434,1447
3971,4952
9756,10767
5999,6996
5501,6486
3892,4885
3857,4852
4579,5573
7479,8498
354,1361
7923,8929
3558,4576
4247,5260
2849,3850
2382,3401
336,1328
2540,3527
5182,6200
547,1556
2627,3637
9613,10631
7665,8679
721,1740
5252,6235
709,1699
6214,7215
2668,3685
4532,5543
2579,3567
9262,10268
8109,9107
5687,6691
9013,10007
6737,7743
8704,9685
6812,7812
496,1491
264,1268
7582,8564
4925,5944
662,1643
857,1841
2352,3371
8522,9515
6031,7026
1916,2928
5508,6505
6000,7014
2975,3983
3662,4669
3817,4812
8045,9055
1344,2351
8481,9486
7487,8478
8353,9368
2700,3694
7408,8424
1372,2388
746,1753
3443,4452
8093,9090
4019,5033
4121,5114
4575,5593
1492,2504
7764,8746
3814,4800
5921,6934
1696,2714
6967,7958
3439,4443
5529,6548
1871,2887
7168,8180
9735,10748
7548,8563
2464,3467
5093,6094
4204,5200
8927,9937
5204,6205
8725,9709
5026,6010
5647,6637
3969,4983
2311,3299
3229,4242
8600,9583
5957,6951
4648,5655
3235,4225
8585,9578
2528,3542
1350,2363
481,1475
8166,9146
7972,8981
6122,7102
290,1270
3483,4478
3931,4933
2703,3686
1802,2812
3717,4703
6253,7266
7162,8148
4907,5925
9822,10829
3472,4465
785,1768
4371,5376
8378,9382
7966,8962
440,1450
9197,10188
7130,8120
4667,5663
8540,9542
9904,10888
7239,8248
948,1942
7739,8727
3841,4835
3623,4631
6698,7716
819,1804
457,1470
2419,3435
9271,10272
3,998
8225,9237
6383,7389
9076,10086
2587,3571
3235,4234
6776,7758
4901,5890
7412,8413
4204,5193
608,1609
7384,8368
5425,6444
1449,2457
2255,3236
6994,7986
8580,9561
5104,6105
6205,7185
5373,6359
9908,10900
8584,9595
861,1879
3584,4574
5237,6222
2559,3546
2572,3576
6445,7451
7495,8476
7994,8998
8620,9621
8630,9624
2078,3094
1129,2131
3795,4804
1860,2842
423,1436
8464,9457
2339,3351
2906,3906
3549,4545
3749,4768
1315,2306
1088,2093
4013,5031
9786,10801
5877,6858
8539,9540
599,1593
4569,5552
977,1975
3530,4518
85,1094
2547,3530
439,1448
3386,4383
6520,7537
9999,11012
9938,10921
7283,8293
2531,3545
2385,3388
8661,9641
2835,3844
6141,7138
3841,4834
4195,5203
489,1482
2409,3392
5782,6768
7608,8595
9792,10795
403,1420
7431,8438
6666,7661
2624,3624
1227,2215
3039,4027
526,1540
5301,6310
2514,3505
5289,6297
3236,4248
8210,9216
2057,3040
7300,8289
971,1978
8183,9166
1307,2307
2673,3667
269,1264
3482,4488
7677,8683
1002,2021
6084,7098
9520,10512
2852,3857
3547,4548
5161,6176
2943,3950
1689,2696
6016,7022
7083,8063
2748,3750
4861,5846
2756,3745
6457,7463
4529,5542
5214,6205
3745,4751
7538,8551
227,1231
1705,2713
818,1815
5695,6712
3221,4209
5219,6216
4724,5724
1669,2669
9995,10996
3964,4975
3961,4960
2492,3488
6320,7303
6148,7143
1244,2231
6263,7264
3877,4862
3578,4582
2015,3020
9692,10691
8493,9498
1264,2281
6680,7691
5819,6809
9678,10697
8533,9539
3760,4756
3332,4313
7538,8554
5059,6070
449,1447
1565,2552
1213,2209
537,1526
3314,4305
2422,3402
4902,5917
9606,10588
181,1184
9832,10839
9472,10489
1877,2870
3993,4983
3045,4050
2833,3815
804,1793
383,1379
9874,10881
6783,7763
6652,7635
1617,2609
9722,10735
2236,3231
7812,8827
5507,6492
9139,10125
1874,2855
926,1940
636,1642
4511,5523
4212,5208
7678,8685
5735,6731
1079,2088
4026,5026
733,1731
9234,10214
8166,9152
5698,6702
1833,2844
8365,9369
9436,10445
2302,3302
2288,3295
9013,9999
6638,7634
2961,3963
6080,7079
874,1860
3931,4923
8628,9620
9528,10525
7220,8211
6265,7246
8118,9101
1550,2544
5870,6863
8514,9528
8935,9936
2740,3744
8010,9001
5183,6170
3295,4304
1232,2226
5228,6242
2534,3538
7186,8172
2026,3011
2259,3244
1836,2825
3993,5009
5304,6306
7760,8759
2691,3685
1311,2294
5710,6717
2745,3764
7004,8015
6258,7266
6197,7184
190,1196
119,1130
2095,3114
812,1823
7964,8960
1962,2971
7874,8893
2750,3758
8175,9176
9207,10190
1872,2854
7290,8307
4365,5366
7332,8324
6846,7858
1343,2332
4042,5043
4817,5803
5713,6715
1106,2120
7725,8741
5716,6719
25,1012
6278,7262
8117,9121
6259,7239
7622,8628
1009,2019
2174,3191
5653,6663
6694,7706
6310,7312
434,1416
6412,7415
3762,4781
3586,4595
5396,6414
5662,6661
651,1660
3084,4080
10,1024
1604,2595
1756,2772
1873,2865
5476,6486
6399,7398
8766,9779
3651,4654
9884,10900
8705,9715
5840,6858
3720,4714
6460,7473
3993,4986
8385,9397
961,1953
7054,8071
3457,4445
5313,6307
2384,3399
9968,10962
472,1457
3855,4872
7592,8588
8149,9167
5569,6578
4364,5367
3340,4345
3857,4870
902,1904
5802,6786
7737,8735
2014,3014
8919,9912
5195,6176
2010,2994
5179,6190
202,1193
6313,7298
7733,8733
1549,2534
482,1471
1349,2357
810,1812
3747,4736
9485,10483
216,1225
7534,8546
9728,10729
5900,6898
7200,8209
2994,3981
7509,8522
3575,4576
5571,6552
2616,3629
8013,9011
978,1986
8394,9374
4774,5777
8362,9350
9208,10190
1863,2863
9916,10911
132,1117
4237,5242
95,1091
4650,5667
298,1308
3469,4477
7108,8092
765,1759
1392,2381
3387,4382
7482,8465
2698,3706
3887,4870
7153,8166
6731,7739
7135,8122
9780,10766
1179,2189
9157,10143
7504,8490
8566,9558
9450,10432
8667,9652
5955,6935
459,1467
6174,7182
3756,4756
898,1907
6752,7765
5690,6683
2873,3875
8819,9821
5172,6171
176,1172
9762,10748
5277,6267
8705,9706
3693,4709
2172,3188
7946,8940
893,1908
6855,7835
7265,8249
1141,2123
6004,7022
290,1282
3058,4043
597,1580
4848,5829
782,1770
4751,5758
3541,4529
9654,10664
172,1162
1885,2868
7176,8191
2294,3307
451,1461
8991,9986
1918,2914
4500,5489
8151,9145
7330,8340
1348,2337
1224,2240
5990,7004
3780,4788
5261,6251
4996,5991
9367,10361
5959,6945
9089,10074
889,1874
6390,7405
8985,9972
9415,10406
6706,7721
4459,5451
2559,3552
8062,9060
1003,1988
998,1981
5365,6357
9596,10611
1145,2152
6180,7193
6328,7338
3564,4560
2352,3355
4383,5398
2065,3062
3635,4648
7693,8687
5245,6237
1014,2018
4575,5590
6670,7658
3539,4521
5411,6430
7135,8126
5957,6957
8810,9810
3627,4628
9621,10612
2059,3067
7362,8369
6340,7332
5947,6942
7470,8471
8171,9164
1557,2545
5363,6354
3165,4184
2576,3594
2321,3334
2888,3876
7240,8250
4564,5566
8455,9468
9861,10854
3324,4307
6341,7352
8956,9944
3640,4646
1620,2601
6595,7602
9418,10405
7565,8580
1897,2912
4958,5939
5258,6268
6887,7873
2754,3772
7474,8486
9725,10723
8262,9259
8673,9689
2474,3473
2187,3184
9500,10498
9370,10361
7145,8148
604,1615
5120,6122
6981,7971
8529,9521
1489,2476
4638,5623
4127,5136
3877,4892
3563,4582
2577,3578
4945,5942
229,1212
803,1784
2986,3974
4079,5062
5131,6137
4219,5218
6597,7608
5058,6043
6218,7224
4042,5024
8769,9771
8149,9149
250,1232
9148,10152
6762,7753
182,1175
5305,6320
3789,4777
6817,7812
6774,7762
5503,6484
3601,4582
892,1887
4580,5598
8063,9063
7542,8526
1389,2398
254,1251
8367,9371
5474,6455
3701,4697
8270,9262
8698,9684
5807,6802
6034,7052
2815,3803
7672,8656
1248,2247
106,1093
9368,10372
2728,3709
1915,2906
3875,4877
3969,4972
6914,7894
283,1268
9511,10499
237,1231
8741,9757
6594,7604
4420,5416
6627,7636
7118,8137
9166,10174
708,1711
4140,5134
2289,3281
4719,5725
4558,5556
5113,6122
240,1243
9006,10006
6264,7258
2961,3959
1893,2895
1018,2028
5727,6739
1504,2495
3772,4788
2721,3705
4956,5967
6681,7670
6705,7689
3783,4795
1160,2148
4271,5268
2878,3867
8357,9372
1199,2218
8671,9651
9393,10385
635,1643
21,1003
9611,10609
9161,10153
2202,3212
4031,5033
1527,2520
9553,10562
4024,5016
1937,2930
7327,8334
3441,4437
1240,2259
5673,6658
1961,2961
7510,8497
2310,3321
7760,8766
4514,5518
7044,8051
9967,10953
4839,5844
1204,2203
1812,2805
1838,2829
5884,6903
5794,6785
8528,9516
6866,7855
5505,6509
7707,8711
8345,9358
3065,4081
4049,5043
2593,3587
1822,2829
6117,7117
2430,3445
4270,5272
3531,4539
1894,2909
9943,10952
4210,5193
9143,10132
5109,6096
5892,6891
549,1550
5292,6300
9842,10839
263,1259
3055,4045
4688,5679
866,1862
1673,2668
8083,9098
3189,4188
9346,10362
7529,8514
9283,10276
4985,5978
2621,3635
133,1113
1291,2297
9027,10010
2060,3055
9787,10777
7832,8839
4455,5459
4223,5217
6320,7304
7778,8776
9320,10338
5372,6382
4078,5083
2287,3269
4030,5020
127,1143
9617,10599
4657,5675
5606,6601
9504,10515
225,1232
7306,8291
932,1920
6,994
6689,7700
6095,7082
5524,6518
5054,6063
5254,6265
5723,6718
764,1762
2170,3184
1333,2349
1277,2269
2566,3548
22,1006
7682,8680
1088,2085
8389,9394
7103,8103
8621,9634
4869,5853
7552,8553
5756,6758
1754,2738
7478,8488
8906,9894
3997,5008
195,1175
451,1464
8487,9492
5329,6327
109,1089
2337,3319
4562,5559
6910,7923
7376,8386
6457,7450
6780,7794
5530,6539
7711,8703
8063,9078
7903,8890
161,1149
1920,2900
3025,4008
6521,7507
8493,9492
5722,6721
7571,8563
9912,10899
3392,4395
7286,8288
9116,10108
4028,5011
8721,9708
7959,8955
899,1896
3465,4475
492,1482
7149,8167
4780,5788
7490,8486
77,1087
6336,7350
8410,9414
9561,10579
3743,4743
7579,8585
8564,9581
6024,7030
1820,2816
8867,9870
8615,9600
2458,3449
9251,10241
3176,4185
562,1568
6816,7832
5023,6027
7245,8232
8327,9336
2136,3136
2226,3245
9325,10318
8234,9251
3028,4043
353,1364
2249,3233
9796,10809
7227,8246
7930,8919
2793,3812
1256,2259
3090,4091
2793,3805
4572,5555
2251,3243
969,1960
3738,4741
9099,10094
3092,4075
3973,4964
8814,9794
3218,4219
8167,9165
6986,7980
5718,6735
1783,2790
2652,3655
4307,5311
7868,8872
103,1103
3128,4144
8834,9816
8581,9586
5982,6991
5156,6175
9188,10171
7587,8584
3934,4925
4889,5886
2101,3091
7483,8467
2065,3068
9602,10585
1790,2795
4848,5851
7409,8396
9837,10840
2298,3302
3882,4899
3340,4348
2814,3818
2284,3278
6655,7648
2629,3631
6378,7372
5122,6115
2209,3203
1830,2834
690,1673
1004,1990
448,1458
2751,3735
4035,5028
115,1117
6838,7855
4226,5235
3162,4147
6720,7706
8878,9888
1780,2789
6719,7716
1013,2001
1442,2445
5145,6159
6488,7480
1921,2912
4142,5125
719,1706
4446,5446
4833,5830
3010,4029
7279,8265
7359,8363
9486,10486
2262,3279
1361,2374
8098,9093
5340,6346
291,1272
8131,9116
4844,5857
4413,5419
6123,7106
6709,7725
3221,4214
2192,3194
5548,6546
7537,8556
8585,9597
5245,6251
3099,4086
6715,7704
3515,4498
9533,10547
86,1087
7593,8606
118,1106
5450,6450
467,1467
1825,2822
8326,9321
6218,7228
179,1198
8554,9541
1365,2365
8882,9901
7515,8520
3569,4557
5384,6364
9441,10459
6252,7237
7756,8754
8846,9834
6020,7032
2049,3047
1930,2912
8468,9473
9603,10601
2329,3346
7915,8902
2151,3148
3943,4952
3302,4304
3985,4999
9625,10640
5679,6670
3217,4220
2800,3807
1607,2604
1250,2252
5456,6449
1786,2785
7975,8982
3567,4567
8511,9530
4424,5435
854,1841
9805,10810
786,1767
1967,2956
3984,4967
2021,3008
8612,9593
8421,9412
3628,4640
4244,5225
4,996
8427,9418
5087,6077
6919,7930
1614,2621
344,1341
8128,9123
2430,3426
9836,10846
9297,10284
3944,4930
2677,3675
1412,2429
2250,3238
5847,6847
8274,9266
2881,3895
2393,3378
8899,9908
7638,8626
4344,5347
9113,10107
5287,6270
624,1607
2054,3063
2253,3251
9371,10361
1945,2931
5673,6657
970,1989
411,1408
5766,6783
5745,6761
5230,6213
4314,5318
7978,8984
1943,2955
3943,4947
5180,6190
104,1112
123,1119
1236,2249
9691,10682
7907,8902
1817,2807
2431,3438
8777,9776
4810,5809
1774,2777
2273,3255
5889,6874
6154,7169
9304,10285
7108,8122
9573,10559
1924,2907
2483,3482
2390,3374
8770,9784
1943,2961
5927,6924
9875,10870
1798,2814
6760,7769
8972,9958
8346,9351
471,1471
8504,9508
8996,9995
6794,7799
1445,2463
9360,10365
2248,3244
2515,3518
5493,6497
2072,3053
5409,6428
9887,10871
9532,10534
8587,9593
3952,4943
9346,10328
5700,6695
622,1628
5648,6645
3936,4929
6990,7998
9062,10078
8844,9844
2617,3618
7609,8612
7305,8298
6094,7079
9152,10167
8633,9624
9327,10317
770,1764
1547,2544
6851,7847
8298,9308
873,1872
7469,8460
6984,7988
9804,10805
4303,5322
5631,6642
8398,9379
4394,5408
1428,2408
4158,5156
9692,10694
5665,6680
2650,3652
1842,2856
6640,7636
4115,5125
196,1189
5847,6854
5360,6373
3502,4484
2262,3256
1743,2759
837,1856
6779,7768
7072,8062
3230,4213
4941,5936
5697,6678
3256,4237
6076,7063
35,1039
4395,5378
1509,2518
8788,9784
369,1351
6180,7183
891,1893
1829,2809
4777,5773
4934,5914
6835,7843
4098,5095
4924,5918
1044,2036
674,1686
3679,4673
9638,10657
3900,4901
3491,4478
8964,9978
7638,8652
3609,4615
5156,6136
7992,8991
632,1616
8510,9528
6659,7655
7104,8123
670,1665
2057,3053
7876,8880
8554,9549
352,1351
2383,3397
582,1565
1532,2532
3364,4358
2069,3067
7558,8572
4419,5434
9654,10644
6912,7899
9417,10401
1581,2586
7040,8026
8727,9718
9686,10683
9829,10844
4262,5245
9774,10761
9273,10283
5353,6358
4468,5452
2824,3840
429,1436
3908,4921
7620,8628
8057,9064
4073,5060
5457,6458
2230,3212
3665,4655
4868,5858
8020,9017
5141,6147
9460,10455
2909,3907
1927,2946
1473,2454
6411,7405
5836,6848
3189,4203
6201,7213
9875,10887
631,1627
4965,5979
6901,7888
3045,4032
208,1226
3414,4415
9637,10623
5319,6320
5832,6837
9622,10602
5363,6354
4109,5113
409,1391
9313,10308
5492,6504
2144,3147
3203,4207
213,1207
5339,6348
5361,6376
6481,7494
748,1741
2283,3264
8794,9799
7805,8797
7852,8853
221,1239
2233,3241
7280,8270
688,1703
9313,10323
2684,3684
9664,10646
1977,2980
5718,6734
8211,9196
9465,10447
6636,7619
2078,3087
8224,9216
9085,10100
8240,9234
3044,4039
9810,10824
1155,2170
5065,6073
2391,3383
6083,7094
8325,9325
7080,8063
8828,9809
2607,3595
9463,10449
4352,5352
7053,8039
422,1431
7962,8958
3298,4312
2625,3618
3255,4246
7220,8216
8570,9561
1728,2735
4815,5832
5769,6764
3081,4085
145,1145
9396,10404
6314,7313
1945,2940
5779,6770
9075,10077
3078,4078
7348,8335
875,1873
8244,9248
3635,4632
4948,5943
1531,2546
6572,7579
8326,9307
7788,8778
813,1831
8889,9884
5353,6354
3341,4327
200,1218
1906,2897
231,1244
4160,5177
7528,8542
8194,9176
851,1832
4874,5871
9251,10234
8900,9913
4149,5163
8535,9554
7366,8385
3369,4381
1152,2156
9398,10395
4959,5943
955,1939
6956,7968
3063,4062
3762,4770
8336,9350
8075,9068
8826,9818
8722,9720
574,1570
3278,4259
4191,5209
7439,8439
6569,7564
383,1384
8586,9571
224,1212
8910,9929
6252,7256
4054,5056
2545,3538
5046,6063
7913,8924
7862,8864
3909,4893
4826,5809
8300,9317
5859,6847
3497,4506
2559,3565
332,1337
3637,4631
2139,3128
7932,8928
945,1930
9793,10797
418,1401
9149,10168
4137,5120
7032,8035
8273,9268
4695,5681
8585,9586
7854,8864
7941,8925
1383,2365
2481,3494
8045,9026
9942,10958
8300,9286
6177,7179
6419,7415
2582,3575
2554,3569
7775,8776
5271,6279
8241,9237
3753,4733
1996,3015
1660,2641
2178,3178
3461,4477
427,1423
7149,8167
1376,2372
3887,4897
1921,2909
9580,10580
5383,6400
862,1860
3655,4645
6146,7134
5540,6540
1304,2307
9525,10515
6832,7823
2949,3959
6555,7568
8598,9597
9870,10854
9964,10947
9160,10150
5610,6601
9307,10316
9985,10965
4719,5700
2541,3552
3388,4400
4,1012
9973,10987
6387,7391
7333,8323
798,1800
4384,5380
3538,4523
5434,6426
460,1457
2178,3164
6977,7985
6180,7184
9610,10610
6994,7983
4340,5335
9164,10158
9369,10352
3198,4191
7863,8870
2040,3059
7623,8613
4006,4991
3368,4376
2565,3563
5545,6530
739,1757
6674,7657
7262,8269
2556,3561
1561,2571
8830,9824
2330,3319
3758,4747
961,1949
5382,6382
6638,7637
2653,3649
6709,7698
6316,7334
6569,7569
2434,3450
4487,5474
7183,8171
8692,9686
1162,2166
23,1022
3647,4646
9378,10364
9754,10746
5445,6453
3313,4305
3370,4367
7354,8338
3273,4261
8347,9351
9309,10311
9852,10844
8193,9189
977,1957
4709,5716
6425,7443
7720,8736
3537,4531
7714,8710
5283,6267
3528,4547
5888,6903
9905,10888
5471,6452
2623,3636
2343,3341
680,1664
434,1424
5472,6490
2607,3610
4291,5284
9424,10409
8169,9176
3821,4831
814,1796
1505,2495
578,1586
1894,2879
3871,4883
5984,6988
1327,2340
6097,7081
8511,9504
7979,8997
6735,7721
7637,8633
2200,3212
9067,10082
5273,6264
7942,8949
2547,3551
9543,10560
7985,8976
9167,10180
9724,10712
3852,4837
385,1377
438,1444
152,1142
3288,4287
2752,3744
339,1320
6719,7703
83,1083
395,1390
5509,6504
3052,4052
3104,4086
4881,5890
1559,2575
2996,3976
2221,3220
1237,2238
5457,6464
7585,8579
4088,5085
2115,3101
5970,6976
8371,9384
4023,5020
9095,10109
2196,3206
9268,10281
3829,4828
1428,2441
8875,9868
5386,6370
9332,10329
3796,4806
3716,4703
8198,9199
7106,8123
3726,4723
6240,7258
6327,7339
50,1051
9892,10887
8859,9864
1114,2112
315,1310
1319,2332
1042,2046
4605,5601
1461,2452
8578,9568
7412,8407
3500,4512
3636,4640
2817,3799
8521,9523
9034,10048
8327,9331
8006,9025
2961,3973
3537,4551
4112,5118
6198,7200
3612,4625
6488,7468
309,1291
4635,5630
5237,6230
3515,4509
3936,4934
6640,7621
7306,8317
4407,5400
9274,10273
2788,3775
4626,5642
1090,2078
7088,8107
6995,7982
6024,7019
3273,4281
4348,5364
8126,9113
7080,8091
9627,10642
1258,2257
7155,8168
8889,9881
3653,4637
5909,6918
9150,10157
19,1004
4113,5123
131,1133
2441,3450
9411,10395
2811,3792
7067,8072
2815,3826
1371,2387
693,1697
9768,10768
4809,5826
9354,10341
1314,2317
1551,2555
3797,4810
9115,10103
1708,2698
3289,4281
3637,4636
7114,8115
1343,2339
9534,10546
3990,5001
2453,3451
6960,7951
8919,9918
3927,4919
9813,10820
4937,5941
2654,3664
4059,5071
520,1533
7738,8750
4584,5588
8287,9278
1841,2848
1487,2505
7766,8781
9172,10167
986,1972
9194,10175
3625,4616
398,1414
1908,2908
8728,9728
1503,2500
8316,9305
7245,8244
5889,6889
3848,4860
9183,10166
6891,7908
2611,3605
3074,4086
9800,10785
6714,7710
3822,4832
231,1237
9420,10425
1796,2807
9733,10725
9836,10817
651,1643
8865,9845
6524,7512
6030,7023
4345,5343
1748,2751
3897,4907
8718,9735
9292,10287
8701,9681
9464,10452
9711,10691
6258,7273
5377,6361
4663,5681
8259,9275
5893,6875
9125,10130
5509,6526
2599,3596
9871,10852
5457,6455
241,1237
4533,5542
6938,7947
9993,10980
1737,2717
5267,6248
7526,8536
1002,1995
5078,6077
3326,4339
4630,5634
1142,2151
9456,10466
8094,9093
3929,4929
1254,2258
3874,4876
3065,4078
3898,4912
2012,3014
5549,6541
4319,5321
9709,10727
7674,8691
4175,5179
6682,7680
2965,3959
5807,6803
7846,8856
6443,7450
7046,8052
8738,9747
6963,7947
3917,4905
8988,10005
9046,10037
3010,4019
1027,2024
5639,6622
6197,7179
6680,7662
7841,8841
6959,7963
984,1966
8638,9653
1680,2675
2034,3030
4813,5832
4052,5066
7136,8149
9196,10205
5088,6090
7585,8581
2836,3836
5894,6908
3394,4405
8264,9250
6187,7194
2817,3801
6518,7518
3759,4749
7595,8582
8869,9871
7218,8220
5500,6518
3361,4352
5114,6125
6752,7767
1181,2181
6280,7275
9741,10740
8908,9892
6397,7401
5202,6209
7052,8059
5004,6005
3746,4758
5664,6678
6600,7610
4938,5940
1998,2988
8789,9775
6032,7017
210,1217
6089,7090
2558,3546
5322,6325
2253,3262
3656,4667
3389,4373
65,1072
4030,5020
2096,3104
559,1570
372,1388
7593,8576
4297,5315
9575,10560
8171,9160
7469,8453
9216,10198
6704,7722
9871,10872
3588,4581
8124,9129
2133,3115
5461,6461
1828,2814
1491,2477
593,1580
1088,2092
4703,5700
8184,9199
2557,3571
2908,3914
9338,10333
6486,7488
6607,7591
9100,10093
987,1994
8848,9831
9779,10781
3570,4583
4316,5303
2257,3274
3558,4553
852,1855
1941,2940
6646,7660
565,1580
2010,3000
69,1084
9396,10411
489,1491
223,1212
5996,6982
7383,8397
6149,7168
9158,10176
286,1269
2060,3071
6444,7450
1424,2408
2827,3836
3454,4444
1119,2101
6095,7113
2004,3021
2044,3038
2600,3619
8426,9424
7840,8835
3899,4887
5392,6403
4548,5532
7218,8236
897,1886
4664,5661
8337,9331
6685,7676
3915,4912
4522,5531
5282,6293
6815,7798
6999,8009
8669,9688
1685,2669
3617,4621
8543,9526
939,1958
8025,9011
3256,4266
7510,8493
1045,2041
3811,4791
5628,6640
452,1451
7054,8052
4152,5142
3440,4454
3835,4848
2941,3928
3090,4096
7471,8489
8715,9713
1412,2404
5074,6081
3654,4650
7538,8525
1283,2287
6283,7287
9221,10234
5465,6449
6882,7874
6003,6987
7530,8542
9435,10428
4981,5986
6001,6986
7926,8922
7957,8941
8930,9929
8539,9530
1349,2361
3037,4044
7741,8754
735,1750
7435,8435
7346,8349
9414,10432
8596,9586
5931,6941
3338,4353
1892,2889
1940,2920
604,1613
3779,4784
593,1583
9186,10176
2052,3033
7019,8017
6717,7735
1998,2989
4380,5375
2071,3085
9578,10561
4909,5923
5937,6951
9316,10318
4369,5387
910,1927
2685,3682
1948,2934
4215,5205
3951,4968
578,1573
4207,5211
5655,6654
8938,9934
9283,10265
9190,10186
1178,2191
6914,7918
3191,4197
9650,10638
4138,5156
4693,5692
5325,6343
6003,7012
2739,3734
3267,4273
4373,5380
960,1969
9407,10400
2777,3776
161,1174
9938,10931
4952,5961
5998,7005
112,1112
369,1349
3810,4816
1932,2943
8645,9653
3721,4720
3764,4783
9646,10632
982,1999
9689,10703
3260,4262
5458,6471
2759,3776
8742,9738
5668,6676
2005,3016
648,1655
4586,5575
8579,9573
2324,3314
437,1456
3763,4743
1372,2352
9935,10946
5279,6266
7286,8298
5028,6032
7258,8243
74,1061
8639,9627
6007,6990
6439,7427
9038,10018
6839,7825
4210,5191
2406,3410
6580,7587
3731,4724
4447,5441
1105,2090
2017,3000
6793,7801
2161,3151
2242,3234
1184,2173
6273,7280
3226,4234
6830,7818
206,1218
5352,6347
3878,4859
8288,9272
6,1011
3492,4489
3165,4179
5003,5987
4280,5267
6226,7245
7213,8221
9541,10543
8611,9607
2181,3171
3612,4620
4448,5432
7691,8673
4829,5817
4023,5026
9896,10904
2423,3429
9058,10056
6303,7320
4348,5329
5734,6728
6255,7263
7954,8960
9964,10962
3516,4504
9534,10538
1133,2141
5178,6174
2503,3512
2095,3097
238,1229
9949,10932
671,1676
1415,2420
8437,9428
2143,3134
6726,7714
9979,10967
2163,3180
4187,5199
9121,10115
6217,7230
7820,8819
9513,10526
8634,9649
3978,4963
9791,10781
466,1469
7755,8738
6782,7770
5702,6707
4200,5206
5135,6129
5525,6534
8942,9951
4613,5632
8421,9416
1928,2927
458,1446
9834,10835
5674,6683
9669,10654
6632,7639
7511,8496
5494,6504
139,1141
3564,4565
6462,7471
2447,3435
5499,6512
7476,8473
4462,5472
435,1416
8282,9285
9468,10458
5373,6388
3255,4256
7369,8378
6550,7530
510,1518
3842,4830
6737,7723
8451,9438
8010,9009
5958,6945
690,1709
9385,10378
2944,3959
7276,8276
1220,2214
8625,9619
5889,6894
3532,4549
8632,9643
8914,9904
4164,5181
999,1980
3343,4348
8051,9070
9569,10573
9750,10748
5786,6775
9450,10455
9880,10877
1589,2580
4628,5646
7155,8173
4868,5872
5039,6023
9382,10366
7189,8176
1630,2646
6825,7806
7404,8401
9311,10299
8269,9282
848,1833
2038,3053
4654,5647
2698,3704
5165,6170
6214,7200
3521,4517
3097,4090
3681,4665
7471,8451
4003,5006
5100,6108
2020,3038
3236,4237
7059,8062
3027,4033
7413,8418
2537,3551
9275,10275
359,1373
1514,2512
4357,5339
4692,5691
825,1811
6722,7704
9142,10147
4840,5849
3120,4111
6671,7672
1945,2929
2995,4006
4106,5110
4715,5722
1285,2269
6658,7668
2279,3279
9721,10718
5957,6948
5329,6332
9229,10243
8517,9500
326,1340
8749,9759
1663,2663
6156,7146
8252,9263
4737,5746
2116,3128
447,1431
386,1384
9112,10131
6412,7400
437,1418
4957,5956
7956,8963
7095,8089
6766,7746
6842,7852
8569,9561
7184,8181
3303,4309
3385,4392
8759,9744
4648,5633
9250,10232
4036,5028
7943,8956
2116,3133
4329,5320
7568,8562
1782,2778
9503,10491
7811,8791
3741,4738
7496,8490
8467,9465
8808,9804
5660,6648
4160,5168
1773,2775
1247,2256
2730,3711
112,1130
3863,4860
6378,7396
9126,10130
421,1431
8712,9724
2901,3897
4644,5646
4484,5479
2578,3582
8220,9213
1579,2584
1786,2778
4821,5825
4150,5154
3032,4017
4868,5867
2164,3152
6444,7447
7243,8257
5882,6901
2802,3808
7455,8468
423,1412
8998,9991
6611,7611
7486,8489
5139,6153
3018,4004
1924,2921
2641,3630
9055,10041
6732,7714
2820,3837
6680,7688
4890,5902
9700,10684
8097,9108
8972,9983
8900,9883
2401,3403
6918,7933
9369,10371
8514,9500
9287,10280
7706,8718
9052,10062
9187,10186
5139,6124
1420,2430
7070,8051
1888,2894
7368,8368
3188,4180
615,1603
3527,4546
703,1700
526,1519
1367,2383
4077,5074
9527,10544
2064,3082
3483,4471
3711,4701
3304,4296
5849,6838
9546,10559
5375,6369
8370,9373
4607,5621
3926,4943
908,1922
362,1379
1224,2238
26,1041
3100,4119
9083,10089
6923,7926
1886,2873
748,1737
2122,3111
4867,5879
1820,2829
4182,5184
4961,5973
4112,5114
4697,5710
5547,6541
3118,4121
8775,9765
4280,5262
4863,5846
6698,7710
2342,3359
6190,7199
5033,6050
6165,7166
9483,10469
142,1141
4190,5207
4700,5685
9878,10890
9777,10795
5493,6495
4413,5432
1564,2561
8987,9974
1252,2233
2855,3873
4232,5217
1182,2185
8841,9826
6140,7148
5948,6954
9354,10369
8670,9678
9288,10273
2682,3672
8721,9731
732,1729
8957,9974
2734,3723
2136,3133
8070,9071
6213,7194
6218,7233
3456,4460
3149,4134
8884,9883
2386,3380
7427,8427
954,1958
1478,2466
9286,10293
8245,9245
9125,10111
3493,4485
7003,7988
1763,2775
8024,9005
8628,9643
4443,5460
6961,7971
9857,10875
4021,5022
2520,3510
9719,10727
5127,6137
1366,2355
9278,10263
3412,4398
2831,3833
3048,4032
6644,7661
3884,4881
6873,7876
5060,6040
1138,2126
9994,10984
8536,9520
999,1989
1126,2136
6516,7500
7236,8244
1116,2107
5981,6990
928,1929
928,1946
2386,3368
8401,9413
1829,2827
931,1923
5454,6434
3235,4237
2400,3402
7418,8404
7014,8015
125,1137
5229,6210
1438,2438
2489,3488
250,1261
6054,7046
2220,3216
6221,7201
1347,2339
8311,9297
6440,7437
74,1071
8040,9045
6941,7936
4848,5858
2733,3751
5166,6178
6986,7984
4884,5877
8264,9250
2983,3989
4277,5290
6113,7117
214,1220
1211,2198
5091,6079
4339,5344
2735,3725
5601,6617
2165,3168
9880,10889
7133,8145
1328,2311
2119,3104
7947,8933
6359,7361
6603,7584
4221,5227
4253,5249
4649,5659
3047,4038
8466,9460
3728,4711
6584,7593
187,1205
789,1775
1949,2961
3260,4255
3410,4409
4788,5773
450,1444
3213,4227
3959,4952
5362,6362
2591,3598
1222,2226
1930,2932
7765,8754
7554,8542
214,1232
1384,2365
7291,8303
3946,4932
5916,6907
4866,5875
6228,7222
4891,5893
3734,4745
6317,7330
401,1416
4521,5532
2396,3386
8193,9191
1008,1998
5761,6764
7860,8873
1222,2238
3630,4615
6276,7276
6769,7775
771,1756
3579,4571
9669,10678
1806,2786
6348,7342
4320,5312
5340,6329
4036,5034
7393,8385
6745,7755
8813,9802
8654,9658
4122,5106
6992,8002
6480,7488
3367,4363
8341,9359
8360,9379
2612,3611
6502,7484
7202,8182
2350,3331
8502,9507
8411,9426
3032,4034
8590,9585
4768,5752
1348,2340
816,1803
2329,3316
6092,7084
5248,6262
4074,5065
9489,10480
5945,6930
7353,8366
8162,9169
5210,6195
6189,7191
7011,8016
2502,3494
7760,8755
2974,3988
7298,8317
386,1392
9011,9999
2423,3442
5758,6746
1892,2889
1151,2156
2723,3726
3316,4333
4905,5891
9032,10046
4566,5558
2142,3145
1926,2922
1566,2553
9228,10223
6633,7642
8436,9454
3937,4921
3210,4229
6988,7991
3242,4243
3876,4889
6473,7453
49,1064
5676,6662
771,1785
9066,10083
9557,10552
1979,2969
9728,10744
725,1725
7981,8988
937,1932
6037,7020
2753,3768
3180,4192
7265,8254
7036,8035
113,1123
4743,5745
9754,10745
6461,7456
2339,3358
7204,8186
8149,9144
9459,10470
8372,9385
3381,4376
5895,6880
4312,5331
2759,3762
4254,5253
1894,2909
4805,5817
4282,5268
1505,2495
7963,8975
2528,3534
5287,6270
9490,10486
9861,10849
5529,6533
6823,7810
4253,5268
3874,4886
2095,3099
4391,5384
1201,2210
1826,2833
8616,9607
4984,5999
6665,7665
7753,8754
1992,3001
9780,10778
2717,3716
1918,2901
1058,2077
1774,2766
6921,7916
2488,3501
1314,2321
846,1827
8482,9476
5155,6138
4280,5280
1954,2935
1097,2088
2888,3898
5303,6298
1852,2856
2805,3808
2798,3779
8609,9622
8497,9483
2535,3534
3038,4035
44,1048
8971,9967
5591,6609
9746,10731
3673,4659
9860,10863
3607,4590
8618,9608
8235,9219
9246,10229
1988,2970
9026,10013
1367,2357
1194,2192
5290,6283
3448,4451
6904,7913
560,1572
2887,3897
9703,10700
4011,5009
2805,3792
3443,4452
4703,5691
5310,6301
1857,2844
4963,5964
2405,3394
7062,8072
1674,2690
3840,4829
6150,7146
9365,10374
8132,9135
6194,7210
7801,8788
4626,5630
1672,2663
7084,8078
9867,10877
567,1554
2976,3991
3804,4823
7134,8128
8922,9908
4868,5877
2971,3980
5955,6959
1718,2698
2905,3910
3274,4267
3994,5009
5486,6470
8911,9923
7226,8236
7115,8102
8877,9895
1908,2897
5124,6134
4654,5639
72,1079
4850,5834
8754,9760
3517,4518
1177,2174
9431,10435
161,1175
7079,8064
8416,9398
426,1445
7105,8085
4137,5132
638,1654
1722,2719
9790,10789
1345,2329
1060,2077
4785,5770
6551,7539
7726,8731
1746,2763
143,1155
9141,10129
7755,8752
4698,5686
8612,9604
8245,9246
7728,8735
4779,5762
1848,2846
4096,5115
4032,5016
275,1258
7043,8050
9176,10172
5268,6262
4808,5794
9930,10920
9002,9997
4290,5308
67,1058
7919,8904
8095,9102
3575,4577
2259,3246
8049,9065
9713,10703
269,1285
716,1722
9270,10280
2919,3923
5529,6537
7725,8735
1259,2270
7252,8235
2656,3671
2249,3265
8639,9623
4275,5257
8969,9977
2172,3189
5437,6422
6745,7732
5306,6306
1939,2957
1385,2373
303,1317
3283,4290
5357,6348
5728,6731
1561,2546
5835,6839
8247,9244
9528,10528
6161,7153
2874,3884
6198,7203
7444,8455
9121,10133
5022,6023
3615,4620
4888,5893
3943,4953
4878,5885
8916,9915
3604,4584
2015,2999
7064,8049
7022,8010
1905,2892
1850,2867
8039,9027
5060,6063
1221,2228
6604,7614
9681,10682
6388,7379
5275,6270
3801,4796
7779,8763
5894,6890
3153,4157
2635,3627
3139,4134
4303,5293
3660,4671
3950,4956
4656,5657
1749,2744
2960,3947
8323,9328
4289,5285
8311,9329
754,1771
749,1766
9019,10009
7261,8279
9076,10069
8524,9527
6550,7543
6727,7712
1507,2495
3424,4416
1670,2665
2019,3009
18,1025
6142,7147
3189,4183
7452,8436
3282,4279
2958,3970
790,1804
5647,6635
244,1250
4125,5142
955,1949
8577,9572
2105,3086
8798,9812
6486,7503
8460,9444
8041,9022
5883,6884
6968,7977
3374,4375
8358,9340
7431,8420
1188,2187
8225,9217
708,1718
7738,8718
2710,3697
2751,3752
8373,9365
6084,7071
3167,4175
8253,9263
2130,3113
5296,6301
2026,3037
6537,7553
6824,7840
4522,5502
732,1728
7385,8384
6323,7338
3714,4710
9742,10749
5758,6765
9917,10908
9936,10919
7743,8753
4970,5975
3925,4943
6419,7410
3659,4656
1675,2685
4665,5663
1625,2627
1916,2899
538,1528
7403,8402
3989,4977
6653,7649
3249,4256
9697,10688
1253,2264
3189,4197
3685,4688
4151,5145
7315,8295
1092,2105
1020,2012
8942,9940
4900,5889
5529,6509
2820,3810
4014,5003
4266,5275
7996,9006
326,1317
1806,2786
4660,5657
1139,2120
695,1709
2607,3596
1600,2592
3694,4676
6450,7459
5386,6378
3336,4341
286,1273
175,1175
1231,2215
3614,4620
1700,2708
9706,10716
9854,10857
1246,2232
6652,7660
458,1452
2839,3858
8652,9644
4449,5430
7285,8300
6581,7586
1935,2932
2512,3524
1348,2344
4417,5411
2922,3939
3795,4775
8603,9596
6845,7828
8988,9968
3287,4267
3860,4856
3682,4698
4168,5171
7135,8134
7129,8139
3097,4111
331,1329
2725,3716
2526,3544
8913,9922
2039,3047
3824,4836
4536,5517
3303,4283
1562,2547
4160,5153
5695,6700
642,1637
329,1337
9471,10486
1456,2468
6056,7063
8454,9457
8557,9550
2198,3196
7564,8567
8378,9393
1395,2413
6194,7181
7013,8028
640,1632
281,1271
5207,6210
6368,7354
7841,8822
5408,6396
4405,5386
8172,9175
5771,6770
8531,9520
9788,10798
8789,9802
5838,6852
8942,9954
6254,7239
8545,9558
658,1655
6120,7126
3987,4998
1680,2690
2943,3946
1688,2690
4375,5364
1484,2487
8563,9572
6025,7040
8349,9366
1249,2232
9650,10630
5414,6416
8717,9703
870,1850
3859,4867
8528,9516
7488,8480
6950,7967
8819,9805
4462,5454
5007,6025
985,1995
8278,9269
9577,10595
8049,9029
6642,7626
2873,3861
2178,3192
980,1979
8983,9971
9860,10840
9951,10955
9280,10270
6501,7512
5511,6496
8774,9785
4326,5331
2746,3765
4692,5682
1178,2172
2219,3225
9416,10406
2144,3144
5130,6130
9362,10364
4186,5191
2001,3000
8470,9468
2516,3523
3909,4917
5290,6279
5195,6205
7707,8695
3280,4272
1490,2509
2225,3223
5889,6892
1366,2353
2577,3566
972,1984
8126,9113
6507,7518
3720,4721
7240,8244
9528,10523
7897,8892
7407,8388
4215,5201
9296,10290
9021,10012
6521,7506
4316,5311
8740,9747
1959,2941
6715,7722
4321,5317
9830,10813
3280,4267
8700,9703
7398,8413
7623,8627
455,1468
7582,8589
1731,2724
8320,9319
9583,10582
358,1359
3069,4084
6684,7683
5560,6573
4874,5888
9369,10362
3509,4505
7211,8200
2687,3702
4442,5455
37,1026
7263,8268
8774,9773
8282,9292
1891,2885
947,1963
5703,6713
1626,2640
9434,10431
8018,9014
620,1632
9155,10139
6877,7857
5552,6549
1106,2098
7072,8059
6349,7338
1886,2904
335,1333
9258,10260
3323,4323
3624,4608
4092,5089
8697,9683
388,1398
2481,3494
7291,8290
5217,6218
1099,2103
6433,7445
6131,7137
8121,9132
6906,7912
5111,6122
4172,5189
932,1923
1384,2371
1723,2716
5703,6719
509,1501
1505,2507
246,1228
6655,7647
3069,4062
5869,6849
5339,6346
1516,2528
3046,4029
7807,8793
8825,9826
8061,9078
4576,5573
468,1485
2057,3063
4794,5813
3784,4770
929,1919
2800,3805
6996,7981
8862,9871
2181,3192
9161,10163
5585,6568
8529,9544
6284,7272
842,1825
6747,7758
1038,2048
9816,10805
6175,7160
9259,10278
1612,2606
8317,9323
2442,3451
5225,6224
533,1516
7846,8844
8839,9839
408,1406
8439,9440
7598,8605
2463,3465
709,1689
7093,8099
2418,3415
7580,8587
3866,4850
6996,7989
999,2016
9855,10849
5445,6447
8909,9912
1370,2372
813,1799
8536,9539
8670,9675
2525,3510
6463,7458
5292,6306
6259,7244
7255,8257
6619,7610
1567,2574
9225,10214
3907,4888
8507,9524
624,1615
7538,8533
5947,6958
2986,3991
5444,6444
1467,2447
792,1773
2882,3894
1843,2829
9773,10772
3670,4660
4294,5285
7378,8386
536,1532
5966,6981
6474,7485
2503,3499
4690,5686
4658,5674
1933,2946
4470,5458
784,1798
1991,2980
3861,4872
9367,10354
7717,8706
3155,4141
3142,4140
8348,9332
876,1864
8567,9566
4966,5973
1684,2697
3400,4407
8742,9745
3678,4681
1644,2657
9660,10674
1770,2774
1970,2971
2942,3949
1866,2877
7992,8989
8538,9523
4947,5936
2198,3189
8576,9561
5825,6812
2277,3258
2019,3010
8829,9848
544,1526
206,1195
1498,2514
6623,7631
668,1656
7138,8135
5431,6428
1564,2571
4259,5273
1812,2798
1478,2463
3703,4693
1296,2304
1532,2547
791,1789
8125,9142
7720,8735
5011,6012
6930,7945
6238,7244
478,1463
7752,8769
3760,4776
9038,10054
5381,6385
8132,9135
5158,6140
6974,7963
7622,8636
5937,6932
6389,7369
5825,6844
1426,2421
7839,8845
3451,4452
4382,5370
9289,10308
307,1321
494,1499
5991,7003
9408,10391
1082,2089
6966,7982
978,1982
323,1334
2558,3577
4137,5120
596,1608
7483,8486
63,1053
5506,6524
2079,3086
4498,5494
1814,2825
2555,3561
5494,6475
395,1375
3571,4583
9094,10093
6939,7924
6104,7116
3056,4069
4384,5364
3465,4451
2939,3956
3048,4053
8693,9707
1499,2498
6636,7649
2342,3348
7548,8562
615,1620
6293,7274
3018,4021
4503,5521
7946,8931
250,1237
3984,4985
4661,5671
1098,2107
7263,8272
244,1260
7244,8240
2741,3760
474,1471
9923,10940
4475,5478
8201,9193
7944,8960
1956,2948
7348,8332
8179,9197
8885,9881
7046,8038
9947,10941
1323,2318
5957,6950
3512,4498
7240,8231
1236,2242
9745,10760
5721,6718
199,1214
5777,6765
3810,4803
3226,4219
148,1151
7091,8098
7250,8267
5753,6742
5032,6046
2890,3890
1430,2422
160,1159
8221,9203
1896,2891
4915,5898
7461,8459
5592,6586
6962,7976
4516,5526
1670,2688
3082,4092
6503,7491
5068,6052
4329,5330
8117,9112
8715,9718
666,1683
8390,9394
1005,2004
1556,2565
8279,9264
9387,10373
2567,3557
6903,7885
19,1012
7585,8590
8725,9726
4848,5842
2015,3016
3003,4001
2511,3509
1707,2693
2510,3507
9022,10015
6833,7839
6967,7983
6556,7565
560,1545
8138,9118
7593,8604
4634,5636
2427,3443
2937,3951
8205,9192
1156,2145
4318,5323
5322,6338
4237,5245
2535,3552
6638,7652
2744,3749
1365,2356
5888,6896
1614,2620
3591,4602
4942,5922
997,2013
1113,2107
3953,4970
53,1054
9003,9994
7971,8986
1168,2179
1330,2325
8826,9815
8062,9075
7099,8102
1063,2082
8537,9523
9510,10490
9291,10310
7003,8013
4006,5011
2860,3843
1463,2444
5013,6029
6551,7554
1229,2242
1678,2673
7139,8143
590,1600
3986,4973
828,1820
7858,8873
8939,9923
1302,2312
1691,2674
510,1491
3466,4449
2438,3441
5624,6617
4918,5907
1726,2728
1151,2165
5648,6635
7378,8373
8488,9505
6558,7556
2499,3497
9159,10158
8042,9049
1879,2880
9373,10381
9280,10292
5355,6368
6582,7577
6044,7056
4844,5838
7349,8346
8589,9575
7274,8254
915,1925
3873,4884
1888,2894
8754,9758
8033,9046
7622,8634
1898,2887
4991,5975
1673,2666
2915,3917
1730,2729
8053,9062
1889,2879
201,1201
5850,6858
1353,2333
19,1019
3855,4851
5357,6352
239,1251
9189,10194
3844,4845
2673,3664
5688,6674
1337,2344
7793,8809
5200,6196
6069,7088
3684,4666
7405,8403
9135,10145
6066,7064
8039,9038
7092,8102
2612,3608
312,1325
3993,4988
9354,10355
2843,3836
8954,9960
466,1454
2155,3169
7819,8836
8914,9896
1456,2457
6454,7447
5334,6349
2415,3418
9519,10526
5357,6345
5103,6122
9741,10755
3823,4823
8399,9391
461,1471
5029,6033
538,1525
8377,9373
2622,3618
7222,8241
5486,6469
4544,5563
6895,7906
4153,5164
4425,5435
7616,8624
2129,3114
1424,2430
7692,8686
3630,4626
2518,3521
6049,7061
446,1440
2075,3056
9160,10174
6327,7337
8623,9631
6371,7386
4790,5793
5758,6756
2583,3599
4764,5746
5599,6581
5444,6431
4259,5270
9862,10853
3709,4689
573,1556
8492,9492
8242,9250
3449,4440
2552,3564
2394,3404
5941,6940
8842,9833
1660,2647
2910,3892
8307,9303
3047,4048
9479,10470
1860,2849
5603,6605
9981,10981
2110,3124
3052,4070
7329,8341
4687,5689
4562,5543
4974,5985
5671,6686
9972,10954
1104,2111
5035,6030
8217,9220
5510,6529
8525,9510
9623,10609
7641,8652
8738,9721
820,1838
6432,7428
7411,8392
8698,9680
2567,3575
4915,5927
4524,5543
5388,6383
5017,5997
5542,6524
456,1445
4604,5590
3807,4788
8261,9253
3271,4284
8962,9965
1714,2733
8003,9011
7144,8159
4784,5776
6239,7223
142,1138
5458,6474
8418,9430
2651,3638
2004,2994
6692,7673
4921,5923
7694,8704
8890,9906
6116,7117
7800,8817
4896,5883
6627,7630
8383,9387
3161,4151
4966,5962
8190,9200
5593,6600
6363,7356
1954,2959
1229,2248
2338,3346
865,1848
594,1575
1591,2599
4420,5406
1288,2269
9567,10565
6583,7585
329,1348
9283,10301
6822,7803
6784,7800
7113,8123
6587,7596
9589,10604
5994,6988
5655,6660
6593,7590
8329,9330
9550,10561
2497,3490
1183,2166
2824,3827
1513,2500
4961,5954
7534,8523
7744,8755
6775,7787
1499,2510
4423,5415
5617,6626
1678,2664
8061,9049
9149,10163
300,1317
4567,5547
7008,7992
491,1477
9359,10365
7346,8337
7822,8839
4940,5930
6836,7821
4787,5797
5211,6221
7711,8717
4231,5214
936,1938
6365,7361
9826,10810
5007,6021
3053,4046
594,1610
4875,5883
3026,4018
7182,8163
9090,10089
7180,8194
3496,4479
1815,2819
2613,3609
1702,2692
8692,9703
4210,5190
5238,6241
3243,4224
3758,4776
4470,5471
5132,6131
2586,3585
5685,6677
2840,3834
8145,9137
2006,3001
5209,6224
4659,5653
2940,3959
7560,8562
1977,2983
5304,6309
5357,6375
2980,3981
7001,7987
9365,10366
6140,7123
6422,7404
106,1122
9668,10679
3804,4785
4191,5193
6078,7075
3220,4216
3490,4481
260,1256
9588,10589
6766,7762
5027,6039
1476,2483
3746,4746
2269,3252
6679,7684
6793,7802
7888,8887
4991,5997
6300,7307
8693,9690
1801,2799
6799,7790
3197,4187
6748,7766
2271,3263
6304,7307
9571,10559
3115,4097
586,1581
4160,5179
4653,5672
4660,5668
188,1168
6681,7689
8695,9675
9145,10148
2749,3740
200,1186
4860,5866
97,1084
3125,4137
8095,9101
115564
116743
98822
96285
99213
110451
94520
94567
85378
82911
115490
86415
85983
117439
79637
107942
107639
110610
88705
91404
119012
113032
90543
101953
100362
84077
108442
94954
118310
107124
104922
113953
108071
97751
98338
109786
112548
97748
106443
101081
99540
117867
98698
83414
85335
93914
98953
90559
85989
92732
108590
86068
91870
112319
84471
81655
81786
114578
111932
106198
97170
90835
83488
109166
94736
89108
109642
95126
115210
92606
110692
105071
88440
112010
87826
86476
116907
87887
87532
81833
86543
94344
117595
88297
104935
108900
109501
117132
103907
107722
84955
116140
106690
91428
83824
82093
100223
84412
89933
84706
92725
87614
97685
115797
87870
88462
90217
114907
82916
114330
92193
97770
100948
115708
110459
80254
107616
103915
113207
84399
115530
92469
90536
99331
88555
114328
99939
110039
115081
84224
84409
104552
112577
111488
117682
109706
79487
82185
119084
106293
115611
84984
84580
118739
106125
118845
83742
88764
107787
96583
97594
104928
98512
80644
114486
109456
89300
109459
117593
81136
110233
95455
94607
107434
111323
82911
94865
102321
110323
114782
86745
84096
88948
107183
97809
79566
106677
106209
108672
92575
102310
96461
108350
93564
82059
93026
101683
98325
113542
98648
99871
100213
115456
109693
106694
110972
93699
94399
112846
118952
