100026,299
100021,887
100087,730
100012,307
100010,500
100029,387
100045,425
100092,102
100072,226
100007,894
100006,488
100078,468
100053,797
100064,592
100072,620
100098,437
100077,295
100027,411
100093,635
100093,371
100064,459
100045,652
100053,139
100059,353
100009,317
100083,13
100028,945
100082,563
100026,799
100091,368
100060,390
100083,972
100089,864
100072,345
100012,863
100001,410
100021,108
100083,793
100014,648
100051,163
100012,606
100047,962
100009,263
100089,649
100009,455
100054,778
100095,286
100022,169
100075,313
100046,301
100091,633
100069,56
100092,422
100005,814
100000,919
100010,578
100055,253
100069,621
100026,765
100061,677
100023,213
100084,289
100034,576
100049,889
100029,378
100086,344
100035,452
100031,192
100003,720
100078,581
100059,813
100015,550
100042,408
100009,522
100067,165
100034,831
100047,572
100090,581
100046,3
100021,712
100030,958
100059,324
100088,116
100004,758
100059,737
100038,356
100051,899
100051,492
100063,982
100099,528
100025,942
100067,561
100019,717
100080,329
100018,885
100078,417
100018,272
100098,476
100050,326
100041,679
100024,439
100066,4
100034,968
100019,575
100076,901
100093,723
100092,426
100080,220
100031,415
100027,83
100007,997
100057,314
100096,140
100044,791
100002,796
100085,759
100049,219
100067,506
100043,299
100021,40
100040,872
100048,719
100077,745
100095,113
100074,394
100078,867
100023,928
100025,156
100093,649
100091,409
100046,809
100093,591
100026,372
100080,936
100047,579
100013,515
100016,976
100052,776
100023,776
100034,117
100061,468
100080,352
100037,587
100033,504
100018,611
100023,421
100051,993
100084,796
100061,899
100021,584
100023,172
100039,154
100069,483
100099,869
100016,341
100046,20
100090,296
100034,409
100028,94
100058,982
100069,715
100080,55
100051,13
100006,415
100008,964
100014,252
100009,737
100075,459
100069,557
100056,437
100062,288
100065,543
100056,946
100012,993
100018,17
100064,42
100012,366
100042,899
100009,137
100066,754
100051,563
100045,552
100087,389
100095,195
100086,511
100075,155
100018,14
100035,444
100094,188
100091,153
100088,773
100060,703
100082,862
100027,958
100026,685
100056,325
100092,464
100073,915
100097,938
100055,577
100028,472
100095,525
100025,485
100064,506
100024,883
100092,325
100042,843
100063,149
100061,129
100053,726
100083,997
100028,80
100083,868
100029,222
100086,354
100058,595
100017,464
100084,989
100064,146
100061,861
100009,336
100049,7
100053,109
100037,426
100023,868
100079,209
100046,857
100088,7
100015,263
100086,191
100001,533
100025,873
100081,741
100058,620
100010,235
100039,166
100055,184
100061,306
100087,285
100008,767
100041,351
100012,284
100065,748
100028,936
100021,519
100061,249
100000,736
100020,536
100074,483
100009,823
100008,781
100086,663
100030,605
100006,731
100017,467
100057,325
100066,290
100040,680
100087,690
100065,472
100011,878
100068,794
100089,149
100003,647
100066,850
100065,548
100012,191
100014,876
100011,277
100071,280
100085,416
100068,619
100074,359
100020,46
100017,181
100044,242
100091,74
100022,771
100015,108
100005,131
100090,98
100046,514
100044,798
100030,89
100029,999
100018,93
100057,190
100003,469
100089,95
100068,391
100071,705
100090,774
100050,197
100032,696
100037,178
100036,6
100086,818
100044,17
100026,146
100074,82
100072,8
100055,777
100021,418
100091,157
100018,787
100043,104
100089,635
100030,598
100037,249
100011,339
100069,373
100029,80
100042,249
100035,349
100039,730
100054,195
100044,125
100019,71
100017,988
100040,940
100048,463
100024,746
100066,516
100012,76
100060,207
100093,399
100088,783
100034,447
100027,974
100090,752
100048,225
100043,202
100098,91
100085,336
100081,157
100094,787
100013,465
100080,628
100028,684
100085,582
100014,915
100071,941
100052,328
100071,629
100010,573
100038,44
100039,741
100096,578
100020,514
100019,845
100074,252
100042,191
100097,204
100030,203
100058,901
100010,743
100057,632
100096,843
100041,22
100020,189
100074,986
100056,127
100050,136
100070,774
100091,822
100063,760
100000,486
100025,470
100025,973
100094,71
100080,312
100018,720
100034,670
100019,494
100082,544
100000,563
100053,926
100085,932
100068,644
100055,31
100096,929
100046,268
100066,735
100046,908
100055,638
100063,809
100023,443
100020,181
100002,697
100007,590
100029,356
100067,312
100053,714
100050,747
100087,840
100074,393
100031,155
100065,803
100070,115
100061,9
100066,509
100072,186
100068,791
100070,933
100066,520
100071,92
100005,620
100077,217
100053,64
100076,70
100076,946
100040,720
100063,642
100025,750
100012,790
100009,634
100046,907
100054,743
100067,975
100046,334
100012,693
100063,47
100046,370
100022,500
100074,529
100070,152
100080,305
100045,326
100098,524
100084,945
100037,363
100097,748
100033,55
100047,443
100017,733
100026,538
100069,16
100031,625
100095,643
100073,983
100010,299
100022,608
100057,507
100057,149
100072,48
100060,395
100056,410
100079,706
100073,435
100090,862
100014,856
100040,377
100086,14
100061,476
100020,573
100005,92
100077,434
100083,524
100030,205
100001,415
100015,377
100028,294
100008,515
100001,269
100083,616
100004,111
100058,72
100085,830
100015,314
100026,172
100072,892
100076,15
100090,113
100084,181
100066,351
100025,665
100059,96
100043,636
100019,630
100037,197
100079,957
100039,847
100077,785
100074,278
100010,440
100070,249
100030,85
100064,531
100076,187
100045,820
100040,650
100006,987
100077,516
100062,282
100048,729
100098,381
100023,706
100021,823
100065,42
100033,554
100073,504
100096,707
100055,521
100078,90
100095,194
100074,428
100003,936
100087,292
100007,335
100081,78
100010,575
100070,744
100090,230
100084,653
100073,89
100075,172
100093,383
100091,43
100021,995
100086,881
100052,981
100047,661
100059,137
100031,583
100062,587
100027,586
100089,407
100086,657
100022,729
100001,319
100024,876
100058,465
100065,324
100073,50
100028,165
100087,401
100091,182
100028,699
100021,152
100034,550
100076,408
100061,537
100041,361
100037,299
100047,462
100010,780
100079,500
100023,965
100066,676
100078,644
100021,966
100069,363
100071,439
100016,312
100044,439
100048,198
100007,355
100001,712
100091,276
100023,110
100082,169
100031,346
100070,484
100037,595
100097,645
100034,676
100045,978
100060,474
100008,989
100006,225
100024,251
100071,351
100043,92
100080,262
100015,504
100052,405
100027,852
100084,673
100097,376
100076,69
100020,815
100059,834
100012,124
100012,177
100097,986
100032,411
100021,391
100033,123
100020,359
100027,791
100016,171
100073,299
100080,431
100056,914
100089,313
100095,830
100034,289
100082,609
100028,373
100027,703
100084,707
100040,79
100057,947
100000,644
100063,192
100006,588
100044,206
100062,93
100059,508
100018,507
100021,231
100021,988
100031,299
100035,765
100005,512
100058,356
100055,973
100004,580
100039,504
100079,766
100068,734
100086,675
100043,499
100047,655
100045,61
100040,586
100063,39
100045,965
100049,489
100098,794
100085,461
100076,184
100021,645
100060,287
100044,778
100094,304
100051,507
100052,761
100045,328
100004,223
100057,478
100079,887
100049,606
100034,151
100054,716
100086,125
100008,499
100026,884
100026,220
100021,80
100093,295
100087,259
100081,983
100054,377
100094,144
100063,675
100080,575
100073,968
100012,874
100042,305
100098,667
100058,68
100030,822
100012,898
100087,389
100091,615
100004,858
100091,784
100042,643
100091,831
100020,478
100003,677
100063,273
100075,921
100029,283
100055,281
100063,600
100052,663
100065,931
100069,999
100072,159
100097,795
100045,554
100032,392
100077,59
100037,580
100000,655
100087,259
100020,360
100004,389
100080,502
100052,196
100047,618
100028,774
100054,192
100077,438
100058,46
100032,270
100013,531
100081,685
100001,131
100005,435
100095,98
100068,929
100034,644
100018,478
100065,941
100022,82
100067,814
100099,980
100026,469
100014,221
100068,582
100047,814
100089,626
100035,124
100020,99
100028,25
100001,81
100015,249
100056,691
100073,977
100069,655
100029,971
100069,880
100071,934
100001,333
100019,103
100036,719
100044,680
100076,766
100036,865
100032,114
100055,135
100081,523
100079,614
100070,314
100070,177
100050,431
100038,326
100014,219
100030,168
100085,960
100075,620
100018,366
100003,533
100049,569
100093,453
100033,232
100072,79
100019,43
100000,119
100097,272
100006,648
100054,823
100052,793
100036,266
100024,752
100096,98
100085,168
100012,763
100041,737
100025,871
100058,253
100013,247
100048,126
100051,268
100091,494
100039,821
100007,941
100024,687
100064,128
100048,706
100006,351
100038,200
100019,372
100065,893
100071,457
100048,58
100035,486
100079,836
100024,951
100053,212
100017,199
100037,228
100077,172
100082,609
100074,245
100064,471
100022,183
100092,179
100045,326
100055,163
100034,838
100052,907
100026,530
100094,719
100044,484
100075,770
100018,366
100013,308
100014,667
100062,633
100014,608
100020,462
100093,501
100033,317
100062,14
100085,591
100057,963
100005,548
100086,911
100096,652
100061,676
100094,211
100008,334
100049,596
100053,761
100028,867
100078,867
100049,484
100097,284
100022,147
100036,685
100069,347
100062,640
100027,776
100099,855
100006,37
100032,643
100001,569
100054,487
100010,466
100028,958
100046,751
100086,688
100090,813
100085,504
100001,218
100003,174
100055,832
100019,314
100035,411
100072,739
100069,416
100025,997
100004,705
100066,7
100072,534
100001,895
100016,223
100051,773
100069,39
100024,54
100010,389
100008,593
100065,252
100019,691
100007,464
100046,101
100064,959
100068,637
100031,293
100078,897
100014,475
100061,862
100085,434
100043,561
100013,109
100045,767
100065,982
100095,438
100064,361
100043,223
100041,859
100073,299
100062,392
100064,295
100023,212
100018,970
100007,453
100073,342
100031,200
100080,40
100040,293
100020,634
100057,154
100005,739
100056,458
100086,933
100015,101
100001,975
100075,604
100004,314
100083,292
100098,496
100023,633
100040,533
100095,488
100068,503
100061,135
100096,691
100056,268
100026,534
100039,152
100057,730
100056,232
100039,883
100086,428
100028,705
100040,140
100069,863
100032,988
100069,194
100099,345
100089,902
100069,399
100015,518
100006,183
100078,579
100025,866
100097,83
100082,563
100038,131
100079,927
100091,188
100060,923
100023,824
100092,513
100038,450
100018,499
100038,775
100045,454
100016,732
100093,410
100059,996
100053,781
100030,977
100070,337
100026,775
100024,566
100020,216
100054,380
100046,558
100027,412
100044,250
100071,814
100022,501
100045,609
100030,520
100049,442
100068,429
100041,939
100085,645
100097,987
100067,131
100042,723
100039,832
100075,481
100071,621
100026,144
100079,584
100086,125
100056,20
100025,651
100047,249
100032,497
100053,212
100030,23
100067,537
100007,517
100078,440
100080,810
100053,153
100090,671
100096,592
100097,520
100024,791
100031,937
100068,431
100050,110
100077,869
100086,983
100006,711
100046,514
100010,505
100018,2
100036,924
100013,181
100096,559
100070,585
100048,163
100021,92
100068,476
100087,475
100072,467
100055,272
100057,379
100027,236
100001,985
100085,344
100038,687
100012,478
100086,548
100002,397
100071,19
100013,538
100020,419
100024,496
100004,993
100042,769
100063,91
100049,40
100032,799
100090,112
100045,270
100059,831
100014,97
100091,724
100067,67
100060,553
100070,129
100009,679
100041,740
100001,554
100035,788
100048,920
100086,480
100007,994
100042,656
100031,31
100070,662
100021,898
100057,335
100069,408
100068,493
100016,215
100019,547
100007,338
100092,729
100011,790
100089,430
100000,373
100099,428
100076,574
100013,244
100021,185
100026,121
100064,715
100012,851
100076,504
100016,802
100062,198
100010,496
100018,119
100047,795
100075,444
100012,961
100048,994
100031,874
100076,628
100011,114
100070,272
100069,362
100024,971
100023,259
100014,50
100063,654
100005,239
100052,261
100068,392
100015,755
100019,767
100098,391
100092,491
100019,273
100047,512
100097,595
100066,609
100037,312
100014,588
100067,156
100081,559
100038,382
100042,418
100040,250
100068,590
100079,375
100052,59
100021,259
100019,67
100066,542
100063,802
100041,758
100002,539
100029,403
100094,93
100008,371
100046,96
100045,341
100063,190
100075,619
100095,107
100053,509
100055,806
100011,175
100027,666
100055,262
100071,683
100085,996
100009,985
100008,485
100060,584
100013,767
100022,608
100005,26
100033,455
100088,754
100027,322
100086,653
100000,697
100045,368
100070,893
100078,827
100002,651
100071,912
100013,962
100090,606
100054,693
100086,885
100015,997
100078,880
100072,641
100062,353
100016,116
100012,617
100000,26
100007,611
100050,547
100066,845
100024,590
100004,861
100023,83
100045,180
100045,863
100075,905
100061,95
100018,149
100021,902
100054,151
100007,250
100003,834
100018,632
100086,737
100079,996
100067,561
100005,318
100070,28
100045,876
100064,527
100091,871
100099,290
100026,878
100085,118
100046,885
100062,469
100030,527
100004,823
100055,717
100035,197
100083,816
100071,302
100067,844
100023,821
100072,931
100080,922
100025,825
100010,195
100086,381
100028,413
100048,20
100015,704
100005,467
100019,950
100042,706
100041,149
100045,120
100007,785
100073,919
100029,118
100018,498
100004,127
100010,971
100059,711
100044,852
100058,228
100094,891
100096,41
100010,119
100015,407
100057,703
100069,20
100089,742
100074,294
100004,317
100074,797
100098,689
100064,824
100031,155
100077,331
100085,153
100064,939
100034,495
100034,194
100061,427
100055,632
100000,9
100096,993
100015,73
100077,803
100069,658
100003,743
100099,736
100043,250
100047,900
100039,226
100034,349
100017,649
100035,466
100035,306
100028,2
100015,193
100027,252
100063,296
100081,520
100040,111
100095,970
100004,798
100030,974
100043,874
100046,551
100060,573
100038,544
100040,957
100071,843
100066,297
100029,727
100024,613
100050,100
100062,772
100074,475
100010,914
100051,298
100082,960
100098,893
100033,309
100030,419
100000,51
100006,216
100010,158
100091,986
100055,891
100008,247
100075,685
100065,263
100011,964
100070,772
100089,571
100047,327
100003,538
100029,852
100027,37
100017,251
100051,557
100027,692
100031,216
100014,724
100098,320
100082,849
100040,596
100011,160
100097,562
100034,815
100003,286
100058,23
100018,965
100062,928
100048,4
100043,290
100059,894
100084,371
100076,48
100048,442
100063,34
100082,164
100004,943
100082,72
100072,876
100006,349
100092,740
100047,611
100000,898
100086,399
100051,589
100036,320
100009,311
100062,605
100062,380
100052,864
100054,566
100071,597
100085,296
100091,367
100016,615
100051,667
100014,941
100023,629
100084,351
100026,607
100078,425
100093,278
100004,743
100062,95
100062,400
100029,850
100008,265
100045,489
100090,727
100038,408
100069,403
100077,573
100023,263
100005,737
100038,27
100098,956
100056,421
100012,28
100033,242
100055,819
100035,606
100093,497
100032,864
100001,566
100043,494
100069,954
100041,97
100054,618
100037,196
100074,733
100042,320
100054,214
100028,420
100057,821
100054,264
100060,17
100051,596
100053,414
100044,216
100005,454
100027,458
100089,194
100053,47
100042,897
100036,31
100001,587
100094,712
100051,492
100014,952
100009,885
100000,582
100059,341
100093,51
100037,812
100000,359
100057,651
100054,78
100020,732
100093,605
100018,132
100081,361
100014,745
100003,752
100016,847
100020,433
100039,484
100050,859
100096,319
100099,884
100024,195
100051,425
100056,274
100055,127
100051,423
100010,316
100065,25
100021,344
100038,175
100077,932
100019,919
100016,87
100081,169
100017,205
100037,102
100075,473
100079,666
100099,910
100097,431
100041,564
100092,486
100049,169
100090,970
100080,608
100024,405
100070,930
100098,654
100005,295
100050,185
100003,431
100076,411
100047,46
100081,45
100024,289
100040,889
100072,423
100003,343
100072,947
100055,45
100055,766
100044,206
100024,302
100052,320
100015,986
100022,69
100008,39
100026,813
100029,568
100082,743
100019,650
100074,147
100099,681
100056,189
100031,562
100050,278
100049,444
100065,319
100016,537
100057,510
100074,38
100001,385
100021,660
100019,909
100086,697
100005,489
100070,761
100015,372
100023,698
100043,226
100093,560
100080,89
100006,729
100009,664
100028,565
100014,786
100019,950
100079,363
100041,450
100007,654
100086,210
100095,12
100015,498
100090,717
100069,355
100019,505
100009,524
100055,116
100044,275
100004,209
100013,829
100037,68
100051,946
100083,347
100008,311
100052,813
100050,120
100033,101
100037,913
100095,252
100026,839
100009,123
100061,631
100081,759
100044,408
100075,552
100052,959
100097,159
100055,503
100083,508
100093,363
100088,346
100076,141
100078,656
100093,424
100027,783
100043,78
100008,825
100021,694
100065,335
100021,401
100001,718
100013,915
100019,836
100004,355
100043,576
100055,283
100088,158
100067,673
100063,124
100059,892
100020,378
100088,58
100074,701
100037,193
100072,792
100073,792
100063,707
100089,981
100050,439
100034,947
100039,226
100012,937
100081,751
100022,384
100032,105
100039,864
100035,514
100065,284
100054,39
100005,941
100046,89
100008,345
100032,120
100095,411
100055,186
100042,89
100069,64
100014,94
100085,384
100014,500
100098,235
100043,535
100015,286
100031,950
100058,451
100062,227
100017,718
100094,474
100004,433
100036,692
100047,477
100028,893
100090,481
100082,732
100020,250
100088,749
100073,901
100018,468
100017,299
100094,956
100091,631
100093,404
100012,327
100094,479
100041,710
100057,251
100039,60
100095,94
100071,333
100063,496
100042,563
100080,544
100069,151
100050,976
100002,43
100012,196
100051,969
100076,834
100059,953
100039,792
100088,53
100072,634
100004,717
100032,227
100030,352
100089,473
100004,98
100014,116
100025,313
100097,210
100099,618
100047,73
100042,384
100077,900
100097,346
100056,799
100078,850
100009,348
100005,783
100097,947
100005,544
100099,55
100089,142
100004,539
100046,751
100057,396
100002,582
100090,345
100050,575
100084,550
100030,949
100012,921
100072,472
100048,410
100054,961
100008,664
100080,86
100036,281
100069,725
100092,578
100072,283
100026,327
100074,672
100020,979
100037,907
100061,256
100033,668
100072,504
100072,471
100078,417
100038,49
100003,923
100037,412
100020,770
100005,996
100028,861
100025,949
100094,182
100094,623
100002,809
100010,536
100076,204
100019,59
100027,584
100017,313
100005,36
100008,164
100044,263
100039,22
100060,411
100053,963
100066,561
100053,852
100050,956
100050,130
100021,373
100067,608
100078,25
100013,608
100028,389
100007,828
100083,777
100055,17
100079,433
100098,6
100027,247
100047,618
100029,999
100071,111
100060,93
100026,334
100007,383
100088,775
100009,561
100050,685
100017,835
100074,609
100075,327
100019,134
100013,905
100078,88
100013,6
100043,918
100044,377
100042,891
100019,275
100051,888
100016,721
100058,957
100027,666
100056,78
100042,318
100031,935
100009,966
100075,636
100049,502
100055,321
100095,531
100047,360
100019,583
100051,278
100037,644
100084,581
100085,744
100049,795
100091,969
100041,646
100041,112
100068,608
100023,381
100094,440
100098,723
100014,123
100071,836
100099,34
100064,653
100043,216
100074,181
100034,989
100017,514
100006,364
100037,65
100045,130
100089,553
100075,245
100053,131
100036,935
100076,803
100022,415
100092,268
100085,746
100020,931
100095,502
100016,642
100053,351
100097,358
100001,325
100041,392
100006,298
100008,903
100005,583
100041,424
100005,641
100004,678
100012,25
100029,110
100081,512
100055,318
100004,249
100008,208
100097,399
100075,172
100055,851
100001,605
100057,818
100016,314
100030,856
100090,395
100059,903
100074,204
100084,765
100052,193
100037,626
100034,195
100053,520
100086,672
100099,878
100096,343
100060,485
100062,563
100056,73
100056,111
100087,933
100090,814
100001,689
100036,805
100005,178
100064,150
100044,370
100068,8
100084,282
100010,948
100092,706
100072,362
100049,287
100085,786
100070,168
100052,341
100062,456
100075,356
100009,734
100069,44
100076,765
100047,608
100060,397
100053,423
100022,37
100032,85
100058,973
100024,559
100056,230
100050,381
100051,636
100089,226
100010,485
100035,963
100078,975
100099,495
100013,321
100097,146
100020,296
100087,319
100030,622
100022,322
100084,298
100062,599
100059,348
100027,679
100036,106
100089,582
100099,763
100058,456
100096,645
100057,349
100022,402
100096,463
100035,150
100002,123
100004,124
100008,206
100078,937
100032,163
100073,27
100012,281
100013,155
100059,680
100061,47
100070,224
100000,424
100072,458
100096,77
100012,652
100084,114
100028,60
100048,89
100091,177
100076,335
100067,452
100081,773
100085,26
100096,571
100057,343
100088,279
100086,962
100039,877
100032,701
100090,400
100085,618
100013,157
100058,55
100063,856
100088,320
100080,971
100096,572
100008,612
100082,951
100022,536
100056,247
100028,260
100098,2
100039,396
100073,116
100014,882
100095,80
100089,545
100060,192
100033,216
100066,394
100064,12
100065,535
100094,395
100032,148
100031,373
100065,804
100097,303
100028,641
100032,595
100096,366
100059,448
100056,295
100026,224
100083,344
100027,377
100064,14
100058,281
100048,81
100056,736
100078,875
100072,741
100004,416
100015,144
100041,303
100014,877
100017,79
100004,682
100023,502
100045,819
100050,129
100095,283
100075,362
100006,50
100039,322
100038,276
100030,263
100047,211
100095,365
100078,292
100022,184
100079,401
100058,557
100018,969
100076,534
100091,49
100076,68
100029,367
100055,980
100040,999
100004,700
100061,793
100088,624
100083,699
100075,344
100076,165
100045,351
100047,482
100058,636
100030,44
100002,651
100097,523
100039,354
100067,300
100053,508
100048,696
100056,717
100087,350
100053,398
100028,791
100013,484
100092,401
100000,44
100097,940
100057,789
100073,11
100065,925
100013,342
100096,636
100020,726
100031,745
100000,47
100014,695
100053,937
100077,448
100079,636
100054,871
100003,957
100013,594
100099,666
100019,526
100063,878
100077,264
100034,197
100005,581
100088,900
100003,470
100058,93
100041,928
100073,915
100049,832
100095,816
100040,829
100046,490
100072,962
100079,543
100049,262
100018,203
100039,52
100058,594
100064,333
100075,663
100077,29
100077,979
100047,636
100060,791
100041,571
100003,907
100065,240
100017,725
100036,537
100007,534
100058,735
100081,990
100098,761
100092,831
100058,89
100002,980
100063,871
100088,763
100092,462
100093,910
100071,7
100011,283
100095,229
100021,573
100061,908
100055,243
100086,935
100063,50
100047,105
100047,780
100045,860
100007,151
100095,843
100095,784
100064,632
100012,260
100041,560
100018,285
100086,692
100045,398
100080,33
100057,336
100029,837
100071,11
100068,816
100029,890
100037,124
100014,545
100052,80
100047,639
100003,680
100090,430
100014,590
100048,727
100082,189
100070,151
100011,236
100072,453
100036,201
100063,53
100098,625
100015,903
100031,420
100088,431
100001,194
100095,288
100006,697
100031,811
100054,656
100035,684
100017,426
100026,190
100081,334
100048,369
100081,492
100088,28
100058,368
100052,872
100000,417
100064,580
100073,25
100034,255
100036,764
100061,344
100005,324
100008,367
100065,7
100053,111
100040,72
100027,594
100071,98
100033,35
100070,262
100086,101
100060,3
100063,576
100041,381
100017,925
100034,384
100002,710
100014,649
100083,452
100049,218
100052,965
100049,833
100071,375
100026,618
100090,84
100071,798
100004,818
100075,302
100063,921
100051,179
100015,754
100046,628
100004,587
100097,574
100032,637
100076,872
100020,816
100055,68
100028,964
100010,203
100004,730
100008,75
100034,696
100087,626
100040,606
100023,839
100070,220
100082,566
100066,256
100032,296
100050,373
100002,470
100087,263
100029,704
100028,687
100064,546
100062,273
100026,919
100024,877
100084,615
100064,228
100022,304
100008,593
100090,451
100016,873
100050,202
100089,736
100046,542
100059,933
100063,452
100062,409
100035,387
100086,519
100034,643
100048,590
100075,159
100040,381
100047,701
100091,943
100072,628
100061,164
100007,224
100077,127
100067,831
100094,364
100098,859
100029,669
100010,822
100044,544
100006,545
100092,739
100082,667
100056,458
100054,655
100083,559
100060,238
100038,34
100005,317
100048,284
100006,34
100057,109
100039,925
100099,816
100083,363
100037,662
100034,467
100072,80
100035,215
100015,989
100033,612
100052,839
100019,377
100094,923
100009,166
100085,80
100098,338
100033,214
100056,424
100001,645
100066,534
100012,451
100030,995
100061,722
100002,426
100038,427
100014,494
100073,860
100083,790
100002,848
100067,961
100072,114
100034,938
100044,169
100057,293
100042,493
100097,149
100031,379
100050,747
100070,55
100061,213
100024,336
100055,948
100051,387
100023,600
100056,61
100050,755
100007,776
100042,715
100083,178
100020,697
100046,839
100026,187
100096,363
100066,745
100003,558
100042,25
100099,594
100098,829
100070,630
100080,761
100080,200
100033,541
100023,466
100010,952
100082,80
100062,612
100037,622
100038,913
100006,194
100025,355
100060,118
100038,35
100072,888
100006,888
100015,667
100021,775
100096,493
100088,266
100020,727
100039,486
100059,546
100051,298
100038,977
100095,480
100081,89
100029,681
100083,262
100095,49
100065,534
100099,862
100095,411
100064,440
100022,185
100071,44
100093,697
100020,419
100011,983
100090,591
100073,844
100023,302
100036,754
100057,171
100058,72
100087,302
100094,275
100022,200
100024,539
100073,892
100047,893
100073,338
100061,507
100097,729
100071,452
100024,778
100080,202
100074,670
100014,207
100081,456
100085,781
100008,794
100093,412
100083,964
100042,320
100071,863
100025,535
100096,293
100064,909
100070,49
100074,372
100001,391
100044,914
100063,519
100046,31
100087,992
100085,909
100051,382
100085,7
100048,287
100068,54
100043,385
100028,571
100026,952
100039,229
100036,157
100076,719
100054,98
100043,140
100071,84
100049,265
100027,100
100081,461
100042,446
100053,643
100083,140
100089,616
100048,384
100063,376
100094,248
100053,94
100029,773
100077,748
100043,870
100079,417
100020,946
100086,950
100035,680
100075,220
100061,363
100099,66
100005,536
100003,855
100024,893
100091,239
100019,365
100056,303
100018,644
100002,715
100014,476
100061,568
100072,699
100082,476
100028,791
100025,438
100085,797
100030,512
100010,779
100032,792
100094,890
100077,646
100068,314
100065,497
100069,881
100055,784
100078,548
100056,754
100064,540
100006,834
100056,395
100024,110
100061,464
100066,22
100006,659
100042,205
100097,230
100074,434
100016,680
100001,448
100051,997
100007,724
100032,677
100039,983
100051,296
100054,209
100008,613
100084,102
100097,666
100086,814
100085,119
100093,238
100039,523
100066,809
100072,274
100015,39
100057,818
100071,716
100011,924
100003,560
100036,561
100022,748
100082,4
100091,614
100008,374
100027,52
100054,828
100050,195
100056,314
100072,307
100026,757
100061,258
100063,820
100012,744
100096,567
100033,569
100011,587
100031,82
100009,198
100016,314
100060,308
100095,461
100073,41
100021,105
100054,534
100039,870
100028,91
100018,432
100057,992
100082,52
100098,786
100063,322
100098,63
100079,587
100063,274
100072,920
100081,63
100077,760
100007,470
100053,605
100027,774
100039,499
100001,712
100053,378
100027,945
100086,937
100037,711
100092,629
100032,535
100039,274
100067,227
100040,92
100015,345
100070,537
100067,858
100016,548
100058,921
100086,938
100038,143
100014,507
100017,798
100052,601
100015,497
100031,413
100025,466
100081,390
100013,446
100028,58
100097,963
100085,260
100080,900
100083,175
100045,303
100012,201
100066,736
100040,428
100076,340
100014,469
100040,443
100026,405
100068,892
100077,805
100054,823
100007,831
100072,366
100074,627
100016,976
100018,390
100071,621
100082,571
100040,122
100098,366
100019,637
100051,936
100072,596
100059,358
100018,401
100050,822
100088,337
100072,614
100018,506
100063,854
100072,261
100096,367
100041,70
100039,129
100074,116
100046,858
100092,162
100033,415
100096,723
100001,638
100019,269
100089,104
100014,98
100097,374
100042,132
100076,337
100011,800
100005,835
100001,138
100070,826
100088,945
100060,270
100072,742
100045,261
100025,147
100048,424
100030,715
100080,153
100053,872
100024,92
100015,501
100011,396
100007,637
100047,313
100063,159
100086,949
100053,917
100060,462
100020,901
100097,51
100014,823
100084,735
100000,301
100038,564
100032,144
100014,237
100084,554
100085,599
100053,544
100040,565
100037,451
100087,187
100043,553
100059,652
100032,597
100079,705
100067,507
100027,445
100023,780
100024,107
100097,576
100031,555
100063,884
100067,502
100005,304
100058,470
100080,786
100030,13
100062,729
100051,355
100039,816
100017,536
100071,365
100090,542
100041,413
100078,968
100034,68
100024,483
100019,612
100077,156
100075,440
100067,34
100063,179
100069,691
100043,392
100015,399
100042,755
100093,599
100002,383
100090,965
100058,37
100084,181
100027,744
100051,123
100044,224
100013,922
100080,779
100041,834
100021,770
100031,481
100084,93
100097,685
100086,591
100030,227
100097,312
100022,162
100033,881
100048,494
100040,853
100091,774
100043,268
100092,888
100019,398
100048,351
100016,929
100073,225
100074,174
100011,472
100000,25
100015,251
100027,183
100010,527
100066,527
100060,370
100001,26
100045,530
100082,264
100048,787
100091,582
100030,139
100030,837
100017,70
100060,360
100077,170
100019,185
100027,768
100045,264
100060,542
100098,65
100094,772
100075,87
100038,183
100011,969
100007,599
100082,683
100047,45
100031,930
100079,297
100074,95
100044,415
100000,462
100015,343
100042,75
100023,370
100050,954
100067,481
100074,342
100058,304
100009,681
100018,651
100074,933
100036,213
100031,141
100089,624
100087,422
100049,816
100078,715
100089,777
100020,462
100037,395
100004,829
100061,767
100046,859
100030,71
100080,817
100099,994
100091,249
100018,555
100093,85
100078,743
100037,541
100069,717
100094,157
100000,388
100057,833
100002,998
100013,872
100030,554
100098,151
100063,93
100062,582
100024,218
100019,420
100036,379
100065,212
100083,797
100082,404
100096,268
100017,212
100041,331
100005,869
100069,944
100035,5
100020,667
100032,211
100077,126
100080,398
100059,208
100077,696
100052,942
100009,514
100001,575
100091,915
100047,166
100053,236
100025,719
100064,302
100049,149
100095,581
100039,117
100024,83
100081,585
100076,875
100033,805
100094,469
100063,265
100082,862
100076,786
100052,940
100016,893
100072,796
100086,763
100000,373
100069,120
100092,568
100007,174
100050,289
100029,317
100038,819
100021,730
100049,354
100064,899
100078,244
100041,3
100077,359
100084,815
100006,562
100013,960
100077,170
100063,93
100003,130
100059,395
100082,18
100013,877
100025,245
100023,942
100026,485
100027,602
100074,158
100082,812
100071,333
100070,312
100081,60
100077,222
100098,324
100064,88
100052,106
100008,136
100083,775
100028,911
100039,620
100030,376
100086,872
100044,769
100079,730
100022,725
100058,492
100084,308
100079,412
100082,655
100046,24
100087,235
100091,87
100087,931
100052,631
100014,356
100054,652
100079,894
100062,846
100005,470
100048,875
100079,413
100013,208
100041,878
100069,515
100042,909
100067,901
100009,702
100006,94
100020,441
100078,940
100037,729
100054,281
100043,720
100095,352
100059,937
100035,679
100047,227
100072,572
100040,512
100085,994
100064,674
100004,581
100000,100
100015,11
100050,635
100046,417
100001,690
100094,287
100058,670
100006,59
100009,830
100053,375
100000,63
100067,908
100007,908
100090,879
100078,361
100001,500
100033,887
100054,573
100075,301
100025,931
100022,834
100097,224
100056,147
100012,699
100045,623
100017,230
100064,262
100019,485
100058,629
100055,901
100012,251
100015,533
100063,106
100014,362
100016,102
100096,319
100047,337
100024,12
100055,707
100041,675
100067,790
100041,420
100066,326
100013,534
100019,225
100052,278
100037,413
100078,657
100092,509
100081,559
100019,177
100077,60
100063,655
100036,79
100061,625
100058,623
100024,301
100065,581
100057,706
100054,881
100053,71
100075,511
100035,702
100022,168
100031,261
100017,902
100074,488
100014,427
100040,629
100046,97
100092,61
100044,7
100030,704
100016,315
100072,533
100073,622
100053,523
100065,612
100068,33
100084,606
100086,387
100046,15
100073,297
100026,155
100091,552
100027,258
100023,867
100074,819
100030,427
100058,324
100042,347
100011,27
100044,242
100051,906
100043,814
100037,203
100075,571
100001,896
100064,177
100012,872
100059,761
100080,306
100092,630
100009,694
100031,596
100065,837
100064,212
100084,609
100029,632
100064,584
100055,532
100044,154
100003,94
100019,596
100000,196
100081,902
100017,958
100055,660
100094,132
100057,897
100042,469
100093,827
100079,751
100071,111
100013,143
100066,294
100001,13
100018,154
100037,580
100010,921
100070,486
100089,936
100002,940
100018,896
100056,902
100048,453
100023,137
100052,769
100096,812
100068,960
100003,932
100056,135
100014,307
100036,994
100045,921
100090,906
100035,36
100037,322
100008,923
100043,526
100015,320
100060,740
100068,315
100080,893
100099,269
100006,475
100005,187
100085,211
100072,552
100017,79
100068,471
100057,815
100016,736
100054,331
100019,36
100089,388
100033,877
100034,497
100048,832
100079,696
100055,42
100020,748
100076,105
100028,717
100061,548
100024,229
100001,884
100030,697
100083,287
100067,761
100093,771
100085,32
100025,124
100013,776
100040,601
100028,73
100056,69
100038,415
100024,307
100065,98
100071,163
100005,88
100010,312
100005,160
100035,597
100027,247
100066,373
100040,720
100079,719
100067,374
100092,751
100076,34
100061,656
100072,832
100042,145
100088,222
100061,160
100049,846
100026,542
100074,970
100056,711
100067,212
100030,123
100093,287
100085,203
100054,251
100063,668
100088,264
100024,47
100007,731
100036,9
100095,529
100058,128
100054,820
100083,491
100092,653
100082,778
100052,959
100064,645
100034,572
100059,981
100082,41
100063,689
100055,469
100082,149
100062,527
100026,424
100010,218
100007,338
100017,517
100079,978
100064,85
100010,201
100029,807
100042,638
100036,379
100006,449
100004,245
100094,260
100029,900
100010,195
100048,689
100026,67
100010,444
100086,305
100061,205
100005,364
100003,205
100006,835
100026,654
100086,400
100066,795
100093,436
100069,142
100064,176
100021,985
100089,397
100089,265
100082,996
100081,358
100041,355
100007,883
100071,999
100044,204
100084,145
100011,374
100007,331
100028,960
100094,387
100014,366
100076,139
100097,310
100032,177
100099,832
100008,872
100029,925
100056,216
100087,23
100045,764
100051,710
100074,877
100073,477
100093,507
100043,555
100053,477
100046,875
100033,995
100097,847
100018,317
100056,558
100077,226
100057,397
100002,52
100000,106
100074,349
100092,816
100091,664
100041,276
100077,323
100018,706
100088,25
100080,647
100050,966
100069,799
100043,912
100027,334
100018,898
100041,88
100078,578
100081,832
100087,287
100008,805
100005,743
100012,514
100088,534
100062,911
100030,814
100018,395
100064,390
100085,697
100062,553
100034,27
100034,472
100063,355
100012,469
100078,267
100031,72
100040,290
100006,634
100076,274
100098,31
100084,136
100002,798
100018,386
100085,192
100061,771
100094,538
100034,70
100071,827
100037,698
100050,449
100036,135
100038,635
100081,219
100049,882
100061,171
100073,263
100054,85
100057,246
100038,801
100045,564
100097,296
100087,119
100047,279
100067,197
100042,136
100018,170
100037,64
100012,416
100061,27
100070,405
100048,378
100004,553
100000,479
100034,386
100018,721
100052,497
100012,548
100032,738
100047,365
100053,838
100073,158
100019,290
100052,905
100062,113
100088,28
100063,964
100046,702
100072,469
100045,438
100044,881
100089,612
100060,563
100083,599
100045,910
100048,143
100070,961
100073,47
100029,793
100001,357
100045,12
100049,972
100049,943
100084,963
100054,256
100006,91
100007,43
100002,736
100044,288
100032,971
100006,244
100016,984
100002,415
100032,643
100096,542
100001,682
100017,181
100006,199
100003,476
100064,700
100055,61
100047,460
100024,645
100083,979
100009,701
100099,727
100086,571
100037,757
100057,555
100092,236
100070,915
100074,952
100087,455
100033,39
100030,74
100056,782
100051,44
100097,624
100003,857
100092,521
100071,65
100009,868
100059,780
100045,727
100028,591
100033,459
100039,289
100097,754
100044,562
100079,834
100057,883
100029,127
100095,977
100045,619
100069,124
100065,774
100016,692
100042,90
100018,814
100008,186
100014,236
100060,969
100050,290
100038,674
100003,600
100009,976
100084,261
100009,77
100029,40
100080,327
100008,190
100079,777
100088,108
100056,937
100051,216
100074,729
100067,381
100095,992
100009,907
100098,945
100001,455
100093,93
100062,210
100099,309
100072,962
100059,896
100043,687
100034,334
100009,481
100013,302
100012,178
100079,870
100051,690
100053,934
100022,649
100049,757
100094,864
100037,41
100044,714
100073,386
100091,936
100078,594
100035,391
100008,977
100007,794
100052,787
100048,79
100063,887
100095,458
100096,56
100064,79
100050,218
100078,225
100056,162
100087,672
100041,468
100015,449
100005,667
100020,914
100090,645
100064,599
100068,512
100081,154
100031,833
100006,28
100019,784
100061,989
100056,782
100018,346
100082,903
100038,905
100016,924
100058,394
100015,380
100055,777
100036,460
100050,527
100061,688
100079,417
100002,395
100066,786
100008,7
100047,225
100075,275
100077,924
100013,788
100006,363
100066,242
100096,321
100017,878
100070,947
100063,734
100099,430
100000,862
100021,471
100071,731
100019,964
100050,414
100021,511
100087,816
100029,504
100092,274
100097,425
100097,167
100091,819
100061,626
100084,890
100039,990
100005,922
100077,282
100050,311
100034,933
100044,288
100048,393
100068,662
100039,629
100039,184
100071,538
100041,510
100047,659
100007,949
100022,923
100060,603
100069,203
100024,522
100016,910
100058,515
100012,152
100017,696
100052,578
100042,346
100009,480
100026,992
100020,950
100037,720
100060,859
100080,887
100055,676
100001,804
100076,627
100043,734
100030,685
100043,461
100017,445
100058,93
100029,360
100085,129
100085,281
100042,661
100044,819
100002,227
100053,821
100076,489
100017,292
100065,10
100011,804
100027,530
100051,368
100048,690
100088,406
100064,212
100025,970
100041,882
100014,607
100076,628
100023,82
100023,7
100052,265
100007,727
100012,323
100014,826
100017,763
100028,93
100072,863
100092,414
100052,677
100040,364
100064,607
100068,545
100069,462
100040,365
100034,23
100084,376
100015,125
100062,116
100089,860
100016,192
100052,306
100017,381
100023,201
100040,661
100090,105
100060,607
100081,261
100026,657
100072,300
100012,519
100010,973
100019,617
100041,519
100059,516
100023,872
100025,754
100034,261
100024,895
100059,14
100008,757
100056,338
100057,662
100076,525
100018,613
100078,137
100098,356
100083,874
100032,135
100066,345
100087,626
100072,189
100018,772
100076,500
100082,726
100050,429
100030,432
100073,101
100018,872
100096,924
100081,585
100095,855
100092,653
100050,996
100006,180
100048,127
100048,530
100052,254
100046,326
100028,920
100056,750
100011,894
100080,143
100088,839
100066,182
100034,677
100021,468
100037,488
100057,918
100047,322
100029,424
100021,801
100001,237
100059,545
100092,184
100053,938
100001,357
100077,401
100014,486
100065,878
100081,409
100044,763
100067,542
100075,115
100024,347
100043,814
100031,528
100077,942
100006,250
100053,679
100068,947
100042,356
100002,849
100003,582
100014,112
100031,349
100013,930
100054,78
100038,513
100084,59
100015,304
100070,781
100040,264
100002,36
100086,143
100052,455
100086,601
100085,536
100085,962
100072,271
100060,945
100042,137
100037,946
100069,818
100012,755
100020,279
100094,503
100080,525
100022,957
100030,801
100079,69
100074,175
100029,513
100076,385
100041,239
100029,796
100082,701
100046,829
100046,869
100048,783
100032,642
100031,628
100039,789
100081,433
100021,196
100085,523
100031,436
100003,244
100041,746
100093,475
100055,256
100097,852
100090,523
100030,449
100092,104
100030,715
100077,599
100056,734
100056,18
100089,210
100065,718
100053,302
100075,155
100068,406
100023,778
100087,503
100048,707
100087,543
100061,410
100081,522
100044,176
100092,77
100044,83
100049,342
100004,788
100053,972
100084,825
100004,556
100042,756
100027,104
100023,251
100074,93
100089,763
100087,673
100074,50
100071,37
100052,161
100033,341
100027,780
100014,927
100009,957
100060,888
100050,195
100033,652
100070,642
100080,276
100062,427
100090,145
100076,661
100053,969
100038,959
100054,322
100011,918
100021,686
100098,153
100035,664
100057,33
100083,201
100040,492
100064,355
100025,380
100053,331
100003,255
100003,11
100038,919
100089,453
100043,414
100048,99
100005,100
100070,806
100084,713
100056,550
100097,9
100019,765
100069,551
100069,117
100040,306
100030,404
100075,971
100060,945
100086,901
100051,114
100076,553
100017,701
100037,155
100051,359
100014,231
100067,389
100088,524
100035,2
100024,185
100055,72
100094,202
100012,951
100065,804
100018,604
100024,241
100052,927
100034,535
100038,178
100001,327
100098,851
100096,677
100095,170
100025,612
100098,261
100080,472
100003,729
100042,402
100039,230
100066,236
100040,375
100002,957
100076,813
100069,684
100072,534
100060,7
100064,665
100007,677
100022,914
100003,139
100036,841
100086,906
100085,322
100077,11
100086,861
100064,216
100023,607
100074,811
100070,81
100048,943
100092,229
100072,872
100056,787
100086,92
100005,884
100041,213
100045,342
100031,448
100063,875
100019,312
100093,562
100092,759
100067,486
100076,451
100003,478
100080,954
100010,615
100081,117
100010,136
100003,468
100034,51
100003,504
100095,586
100000,280
100071,331
100058,529
100097,200
100042,4
100092,377
100008,126
100015,248
100034,189
100042,719
100055,566
100083,38
100077,11
100071,78
100035,452
100062,3
100062,24
100060,378
100046,552
100034,254
100073,450
100009,838
100047,876
100095,308
100063,280
100090,914
100043,415
100084,93
100027,606
100052,948
100010,991
100082,278
100028,912
100095,548
100072,984
100001,781
100066,472
100008,174
100015,346
100008,395
100040,984
100031,906
100053,482
100071,268
100087,14
100059,242
100003,6
100050,419
100059,253
100091,485
100007,290
100005,73
100024,716
100099,948
100026,773
100013,390
100091,929
100004,245
100031,833
100035,175
100089,282
100055,842
100014,440
100092,754
100036,896
100099,179
100013,27
100003,115
100090,469
100060,862
100089,682
100037,27
100051,292
100083,844
100044,752
100018,976
100029,932
100014,942
100048,593
100025,810
100059,803
100014,106
100003,420
100042,689
100047,671
100013,866
100049,313
100038,719
100075,276
100061,116
100093,679
100034,55
100095,144
100021,497
100030,521
100082,519
100066,974
100005,759
100066,92
100061,308
100044,285
100014,611
100032,816
100025,149
100045,431
100065,132
100053,995
100079,294
100029,63
100024,70
100004,574
100082,670
100076,574
100059,847
100003,488
100098,450
100071,22
100036,91
100040,103
100008,392
100046,751
100030,194
100070,604
100022,976
100011,206
100049,771
100047,67
100068,355
100020,435
100089,228
100078,63
100099,656
100069,664
100073,123
100083,568
100014,685
100094,179
100033,893
100061,665
100025,830
100010,841
100034,928
100068,503
100033,494
100052,32
100075,939
100019,49
100032,878
100047,407
100002,719
100011,479
100013,461
100082,872
100028,399
100043,697
100044,508
100017,108
100086,283
100099,500
100024,288
100045,238
100008,367
100018,201
100082,851
100019,363
100069,944
100032,485
100061,224
100076,513
100076,406
100027,8
100037,750
100075,670
100061,696
100075,931
100071,493
100030,819
100097,822
100014,991
100065,976
100003,972
100068,758
100004,946
100006,466
100073,47
100076,998
100071,561
100067,275
100061,725
100068,376
100083,603
100090,694
100027,535
100033,920
100016,965
100059,787
100035,658
100083,1
100065,202
100073,486
100000,745
100083,271
100038,701
100007,90
100057,512
100094,573
100062,230
100002,218
100063,929
100064,696
100008,252
100023,771
100043,66
100094,26
100046,847
100002,21
100065,171
100096,361
100005,377
100072,362
100062,213
100086,916
100063,109
100038,216
100046,194
100059,986
100035,146
100052,313
100088,767
100069,51
100094,649
100063,214
100062,319
100095,251
100035,604
100093,32
100044,96
100022,330
100025,606
100012,165
100065,669
100045,423
100078,528
100027,773
100005,596
100043,974
100036,216
100069,122
100037,260
100002,739
100065,626
100001,881
100020,57
100097,785
100000,785
100031,983
100069,328
100075,390
100065,411
100071,988
100039,712
100013,839
100024,840
100000,455
100064,982
100011,411
100074,49
100026,250
100084,79
100086,948
100041,197
100003,255
100025,5
100074,981
100077,464
100012,619
100042,828
100001,432
100053,78
100018,888
100027,521
100067,763
100039,388
100003,899
100004,529
100058,58
100078,127
100031,103
100049,307
100004,129
100066,596
100026,710
100056,975
100016,886
100073,679
100028,705
100018,587
100085,813
100018,631
100026,829
100098,695
100031,959
100074,164
100060,521
100056,81
100003,402
100002,940
100023,402
100059,147
100047,967
100042,52
100067,141
100085,442
100094,616
100033,463
100029,390
100092,668
100076,284
100076,508
100014,446
100071,361
100017,161
100090,106
100042,881
100017,376
100076,389
100098,783
100092,210
100008,604
100022,560
100032,509
100071,481
100085,766
100086,809
100022,575
100044,715
100014,910
100006,493
100050,324
100035,590
100034,838
100089,129
100086,660
100021,558
100028,785
100041,102
100010,566
100074,464
100055,59
100037,29
100027,374
100016,352
100082,701
100096,782
100050,213
100013,960
100040,335
100096,217
100062,469
100071,431
100051,361
100088,818
100044,371
100087,510
100080,571
100061,127
100047,15
100044,367
100086,907
100006,64
100036,42
100072,854
100024,126
100087,249
100003,553
100035,960
100066,76
100027,193
100092,649
100050,85
100003,390
100075,907
100024,591
100089,853
100024,978
100010,885
100026,485
100096,812
100049,181
100015,155
100015,154
100005,829
100086,651
100086,58
100011,198
100067,44
100083,717
100069,739
100098,657
100082,939
100037,103
100023,190
100068,76
100031,60
100056,803
100022,62
100036,420
100074,800
100022,566
100035,472
100047,429
100075,619
100044,40
100076,797
100006,769
100002,646
100085,135
100028,352
100024,577
100070,662
100043,35
100001,577
100061,852
100018,825
100022,931
100099,8
100089,559
100094,295
100053,26
100099,301
100023,430
100081,851
100020,155
100098,255
100051,931
100022,703
100070,610
100030,139
100009,468
100010,514
100061,50
100022,43
100098,967
100059,204
100006,823
100052,650
100062,99
100030,778
100077,829
100051,693
100015,634
100023,532
100016,909
100054,103
100089,952
100072,631
100065,399
100039,343
100004,537
100073,386
100026,627
100036,139
100058,58
100094,373
100022,274
100036,236
100092,876
100011,368
100054,940
100089,981
100094,963
100090,168
100015,832
100041,17
100073,754
100038,784
100042,95
100084,85
100030,674
100020,282
100091,899
100021,218
100098,202
100079,756
100023,611
100002,31
100041,427
100025,171
100045,282
100057,458
100048,718
100095,739
100040,159
100027,786
100051,351
100043,521
100010,445
100078,45
100007,368
100019,78
100074,740
100032,269
100056,618
100022,553
100091,765
100077,312
100048,708
100092,424
100060,72
100074,571
100088,612
100093,589
100083,822
100057,456
100039,694
100069,890
100093,368
100025,837
100034,613
100086,687
100089,983
100023,9
100031,821
100039,719
100053,493
100095,236
100068,332
100098,931
100007,89
100034,584
100045,589
100010,210
100075,940
100072,325
100078,713
100069,587
100054,262
100017,93
100000,391
100016,332
100085,926
100002,825
100090,581
100068,397
100053,626
100002,906
100045,643
100005,574
100041,67
100020,926
100014,226
100005,391
100014,932
100052,980
100077,310
100083,403
100093,830
100053,42
100090,242
100029,819
100083,772
100005,533
100036,722
100077,940
100041,216
100010,913
100038,271
100080,509
100046,826
100061,205
100011,324
100076,59
100092,791
100001,517
100090,375
100093,877
100091,637
100004,317
100064,31
100022,816
100071,848
100055,970
100007,491
100062,701
100069,152
100008,630
100041,220
100088,30
100086,526
100091,39
100049,303
100038,316
100095,505
100000,188
100050,117
100026,319
100048,302
100070,112
100030,587
100032,750
100045,456
100064,611
100022,816
100005,118
100097,412
100083,877
100099,521
100099,21
100072,790
100031,970
100062,862
100019,266
100082,744
100068,75
100058,396
100015,273
100077,915
100082,152
100053,841
100022,248
100057,205
100084,465
100012,81
100006,485
100023,260
100038,687
100077,876
100015,211
100098,968
100030,400
100061,449
100058,137
100069,852
100065,55
100008,562
100043,708
100062,212
100060,1
100027,808
100026,898
100045,124
100026,432
100036,966
100018,131
100000,770
100032,337
100077,821
100051,412
100046,446
100000,668
100019,401
100030,924
100048,894
100096,882
100071,738
100042,604
100068,835
100080,427
100077,867
100099,643
100025,905
100000,505
100058,199
100040,233
100007,899
100088,896
100043,678
100057,824
100056,858
100040,258
100054,229
100013,699
100011,193
100045,631
100049,950
100044,327
100032,831
100095,863
100062,20
100064,760
100092,983
100009,602
100062,660
100084,628
100053,191
100083,581
100078,194
100009,254
100091,428
100045,751
100005,295
100074,449
100028,80
100092,74
100044,23
100004,532
100019,317
100018,828
100065,321
100031,400
100099,652
100062,661
100035,937
100042,752
100067,13
100013,786
100013,98
100004,435
100057,191
100079,760
100090,119
100013,846
100026,92
100069,727
100008,702
100004,986
100021,367
100018,980
100046,914
100029,169
100050,387
100020,563
100031,639
100045,175
100020,119
100026,564
100073,466
100055,628
100002,875
100049,416
100046,947
100020,881
100089,827
100058,904
100005,288
100040,620
100072,494
100076,401
100076,311
100018,636
100034,600
100004,865
100056,431
100067,621
100093,661
100087,738
100076,446
100034,837
100044,163
100057,969
100007,400
100021,706
100018,542
100052,899
100025,741
100060,107
100019,530
100044,96
100021,944
100056,630
100001,10
100076,20
100038,614
100006,27
100020,492
100044,157
100001,359
100086,164
100073,533
100077,485
100078,351
100074,130
100015,273
100032,281
100092,362
100073,281
100080,499
100035,196
100067,429
100050,996
100026,516
100067,698
100022,822
100062,266
100000,700
100033,455
100000,283
100044,313
100005,485
100029,809
100038,489
100092,519
100031,243
100057,547
100096,427
100072,467
100094,203
100032,967
100015,586
100091,167
100038,12
100000,410
100035,269
100059,423
100058,789
100068,115
100044,838
100071,910
100027,671
100057,90
100049,704
100055,329
100064,595
100079,373
100014,587
100028,870
100017,682
100067,701
100063,413
100094,315
100059,815
100039,447
100024,566
100014,259
100054,428
100091,236
100030,749
100085,866
100020,399
100039,966
100028,283
100051,531
100013,827
100043,188
100032,242
100064,15
100017,145
100078,781
100074,440
100018,906
100054,964
100080,530
100042,107
100018,257
100068,714
100013,521
100091,242
100008,645
100035,152
100093,547
100031,667
100073,302
100010,588
100013,95
100041,69
100050,481
100039,148
100043,482
100061,384
100007,40
100077,41
100041,901
100098,165
100056,720
100009,6
100012,369
100007,15
100083,856
100097,646
100075,181
100069,145
100009,709
100036,189
100020,452
100097,443
100055,21
100035,723
100004,606
100057,787
100097,990
100001,821
100095,777
100092,244
100076,817
100039,63
100044,561
100065,879
100052,475
100093,133
100071,129
100068,40
100008,871
100066,280
100096,255
100000,192
100058,367
100046,567
100073,977
100026,909
100086,343
100036,71
100098,361
100080,657
100021,782
100092,934
100064,393
100080,73
100030,992
100088,986
100020,775
100015,605
100021,663
100065,402
100034,535
100001,61
100076,119
100003,6
100063,429
100065,545
100056,545
100082,545
100075,782
100029,180
100023,19
100057,866
100082,900
100096,340
100098,878
100003,766
100077,575
100022,182
100037,440
100062,69
100078,979
100000,853
100007,563
100034,683
100097,933
100078,831
100024,319
100097,833
100044,690
100049,929
100013,683
100055,442
100016,578
100082,76
100072,355
100059,36
100072,789
100046,364
100077,982
100025,226
100023,461
100015,455
100061,219
100014,830
100083,958
100072,315
100085,706
100088,441
100089,95
100026,74
100029,225
100081,370
100086,458
100005,887
100045,966
100008,965
100037,12
100000,673
100018,30
100096,126
100094,316
100015,892
100013,19
100010,339
100090,958
100091,140
100075,607
100068,256
100068,831
100099,322
100098,707
100099,730
100023,989
100015,535
100027,677
100014,746
100039,248
100040,723
100033,675
100071,76
100034,271
100023,432
100052,345
100000,990
100047,792
100016,315
100070,755
100061,667
100076,857
100041,342
100089,265
100077,490
100012,29
100019,823
100060,127
100061,464
100067,698
100030,826
100041,669
100028,998
100026,55
100011,854
100069,752
100038,805
100054,442
100044,855
100021,554
100053,50
100012,592
100075,317
100072,376
100040,81
100063,98
100010,439
100050,273
100087,172
100015,896
100013,964
100071,944
100050,367
100048,944
100023,985
100044,715
100006,368
100087,864
100038,899
100037,452
100027,50
100057,125
100048,540
100010,632
100052,812
100044,216
100046,556
100003,609
100093,622
100093,127
100020,125
100018,502
100071,855
100030,483
100068,988
100086,353
100069,228
100085,357
100019,106
100014,125
100013,545
100016,804
100079,320
100021,294
100083,100
100064,874
100042,405
100005,913
100059,261
100069,779
100055,956
100059,570
100018,826
100066,714
100081,901
100029,63
100079,983
100079,192
100018,337
100017,186
100006,894
100058,9
100025,244
100033,779
100093,392
100012,662
100059,16
100066,29
100095,136
100019,938
100038,696
100099,309
100045,571
100096,164
100059,532
100058,494
100013,107
100015,437
100094,428
100023,912
100016,464
100077,198
100052,603
100071,911
100097,93
100001,986
100006,342
100026,350
100062,438
100059,716
100009,230
100045,323
100018,40
100046,373
100028,572
100095,549
100062,646
100052,490
100083,868
100056,304
100003,787
100046,51
100092,477
100046,728
100057,241
100016,800
100056,607
100001,997
100009,782
100066,191
100098,946
100067,492
100011,872
100034,238
100080,598
100067,755
100082,93
100044,970
100058,221
100097,473
100057,205
100052,120
100019,362
100060,629
100013,544
100068,590
100068,698
100045,676
100071,945
100088,544
100006,958
100089,826
100005,517
100037,357
100022,193
100042,721
100044,197
100042,405
100093,500
100089,586
100006,666
100010,6
100022,528
100005,219
100006,306
100061,89
100024,724
100098,938
100073,369
100033,558
100048,251
100060,325
100027,349
100045,588
100045,165
100063,443
100031,414
100008,779
100048,511
100064,136
100052,428
100040,530
100082,514
100041,922
100065,21
100057,347
100065,679
100040,303
100024,134
100078,155
100044,369
100030,547
100006,977
100032,281
100071,733
100040,75
100057,554
100047,80
100066,262
100008,823
100005,85
100058,360
100081,561
100035,692
100000,974
100085,405
100065,885
100070,75
100070,396
100063,189
100059,471
100077,940
100039,461
100066,635
100032,590
100021,717
100057,371
100089,695
100027,421
100018,813
100050,180
100052,547
100088,862
100002,249
100065,971
100049,695
100099,991
100062,5
100060,91
100038,248
100070,577
100033,333
100038,599
100036,131
100002,596
100075,695
100004,749
100012,472
100028,204
100062,792
100040,761
100022,348
100004,694
100087,167
100052,47
100013,881
100062,610
100055,556
100046,511
100014,640
100011,216
100006,6
100040,571
100009,541
100006,418
100055,945
100085,459
100006,252
100032,459
100057,216
100094,347
100016,815
100035,704
100091,796
100074,396
100037,413
100047,131
100024,789
100097,86
100089,560
100048,310
100079,994
100037,24
100047,441
100002,883
100078,386
100069,249
100088,718
100075,47
100020,546
100067,843
100076,192
100048,675
100003,328
100026,398
100022,498
100027,18
100024,847
100054,376
100039,996
100053,123
100097,369
100078,30
100058,871
100056,420
100072,144
100000,859
100084,776
100065,33
100057,316
100049,864
100067,436
100021,196
100098,876
100062,784
100045,145
100094,810
100040,788
100006,107
100097,105
100072,344
100076,766
100076,336
100034,489
100010,882
100015,209
100065,557
100003,580
100025,75
100020,68
100027,417
100045,35
100083,38
100098,844
100067,763
100057,329
100041,128
100024,762
100092,899
100049,124
100072,328
100009,404
100077,967
100084,957
100027,534
100003,647
100068,281
100028,440
100089,292
100004,75
100041,115
100017,989
100026,151
100022,453
100024,279
100026,360
100048,215
100080,923
100063,339
100032,682
100029,741
100060,43
100087,166
100056,129
100094,686
100027,82
100049,198
100080,87
100018,615
100095,367
100086,17
100028,162
100090,560
100060,981
100062,857
100087,754
100050,473
100010,16
100045,484
100059,310
100071,983
100095,239
100043,644
100078,220
100016,505
100092,418
100070,482
100022,30
100086,217
100071,971
100057,17
100048,335
100036,293
100069,96
100044,121
100074,344
100014,240
100004,235
100081,37
100033,485
100060,921
100043,970
100045,648
100054,709
100075,991
100073,119
100055,916
100066,802
100006,669
100010,700
100092,864
100089,118
100044,523
100056,598
100066,637
100051,811
100040,617
100013,979
100037,98
100044,821
100009,457
100058,507
100011,557
100092,394
100054,533
100073,787
100090,552
100047,602
100058,636
100087,943
100017,996
100027,197
100015,495
100023,774
100008,706
100068,347
100015,180
100037,518
100063,98
100051,977
100091,829
100066,716
100029,690
100058,394
100047,455
100052,773
100097,323
100034,892
100099,686
100029,498
100020,898
100010,44
100033,695
100048,362
100045,523
100026,284
100006,859
100072,820
100018,338
100061,355
100042,845
100052,282
100039,92
100001,498
100075,603
100062,607
100063,517
100057,290
100024,78
100072,95
100063,216
100094,823
100085,706
100079,986
100006,908
100099,276
100065,916
100001,757
100009,757
100043,949
100083,884
100024,875
100026,363
100010,145
100088,343
100024,356
100028,47
100049,286
100022,351
100029,697
100050,64
100035,525
100015,445
100021,178
100091,326
100038,117
100060,458
100045,349
100056,176
100037,306
100011,480
100055,642
100004,241
100080,742
100093,436
100006,418
100069,832
100056,162
100049,496
100098,239
100042,786
100097,328
100059,972
100013,169
100025,946
100046,974
100008,439
100053,649
100097,733
100028,403
100044,886
100091,717
100067,274
100004,700
100019,300
100004,524
100070,627
100079,34
100076,218
100014,820
100007,316
100016,26
100094,964
100032,217
100009,936
100036,879
100089,835
100073,737
100027,719
100006,953
100010,381
100092,662
100035,976
100087,732
100038,475
100060,896
100095,23
100031,171
100069,428
100059,462
100039,134
100052,770
100002,767
100077,535
100023,831
100071,266
100085,162
100004,853
100099,389
100042,330
100076,580
100074,852
100029,923
100046,103
100057,410
100098,528
100004,847
100077,461
100019,935
100018,570
100058,320
100016,369
100037,325
100011,129
100000,964
100036,663
100009,230
100003,13
100032,522
100011,33
100063,612
100085,107
100069,675
100027,665
100025,755
100066,391
100004,511
100055,835
100033,772
100090,600
100050,950
100026,957
100002,564
100056,379
100097,252
100056,93
100050,929
100073,926
100031,649
100040,405
100017,642
100008,177
100006,528
100022,103
100071,534
100087,664
100030,922
100045,16
100029,723
100045,812
100077,802
100041,62
100051,681
100087,912
100022,526
100070,895
100055,317
100090,235
100031,960
100030,458
100018,925
100092,869
100023,519
100002,113
100020,883
100067,937
100057,136
100075,819
100069,769
100010,922
100016,553
100011,972
100020,899
100055,110
100050,962
100051,713
100061,761
100084,60
100093,378
100087,824
100093,918
100020,508
100075,857
100014,736
100073,339
100012,599
100095,424
100024,137
100097,940
100074,206
100022,567
100085,626
100070,865
100053,456
100087,489
100004,792
100046,162
100040,142
100043,53
100097,555
100056,604
100098,66
100099,827
100040,563
100021,843
100026,68
100030,682
100048,354
100000,843
100021,877
100087,794
100058,276
100000,561
100038,647
100011,707
100016,862
100071,255
100017,982
100062,541
100063,450
100034,968
100007,152
100052,209
100060,967
100052,661
100006,330
100087,315
100047,257
100067,228
100087,464
100012,654
100067,851
100086,990
100067,493
100096,509
100012,656
100087,518
100075,695
100081,256
100096,794
100003,250
100017,757
100037,187
100000,812
100007,498
100074,960
100018,69
100012,344
100083,11
100027,900
100026,94
100012,697
100084,599
100086,965
100034,944
100051,382
100032,5
100065,935
100077,579
100081,765
100005,862
100008,486
100058,252
100074,840
100093,597
100056,905
100003,294
100086,908
100026,419
100069,429
100057,318
100099,13
100054,692
100064,866
100009,567
100071,955
100065,555
100080,522
100022,566
100037,143
100062,982
100081,212
100098,672
100040,4
100012,816
100090,214
100099,615
100026,126
100002,552
100094,858
100090,442
100028,384
100053,533
100067,168
100097,852
100081,311
100000,239
100079,561
100090,127
100046,336
100007,41
100040,866
100003,396
100038,178
100005,402
100021,525
100039,554
100059,163
100034,811
100058,828
100042,257
100075,874
100098,821
100056,521
100036,574
100017,118
100057,21
100005,65
100058,940
100095,45
100010,193
100075,47
100068,698
100088,582
100056,773
100093,73
100036,8
100034,78
100038,322
100048,654
100033,465
100030,596
100097,866
100077,644
100000,210
100073,942
100070,984
100036,293
100028,450
100018,942
100084,875
100066,761
100003,497
100089,971
100003,138
100077,979
100014,487
100066,198
100055,375
100090,265
100031,489
100056,931
100032,867
100042,335
100017,612
100082,185
100053,939
100068,309
100009,942
100099,921
100014,550
100063,36
100036,593
100061,177
100011,574
100010,999
100033,844
100032,362
100026,77
100073,566
100090,959
100032,87
100090,70
100025,579
100008,226
100059,189
100045,114
100069,495
100069,305
100064,679
100004,553
100024,286
100011,560
100017,169
100081,794
100048,90
100013,928
100008,864
100082,333
100021,946
100076,591
100067,73
100079,929
100032,996
100084,572
100000,221
100074,847
100045,912
100067,90
100001,566
100066,354
100056,271
100029,314
100002,785
100094,736
100052,89
100003,842
100003,390
100032,89
100069,826
100021,898
100093,616
100079,778
100054,88
100084,560
100079,836
100014,397
100044,635
100035,112
100024,302
100071,189
100040,270
100093,44
100098,158
100066,480
100058,31
100075,556
100095,777
100052,980
100004,57
100031,192
100005,368
100079,234
100089,616
100023,352
100055,852
100040,97
100032,805
100081,242
100028,239
100016,557
100000,449
100067,603
100047,4
100040,462
100004,646
100077,577
100022,665
100003,955
100037,699
100074,801
100091,600
100081,818
100057,188
100070,539
100096,160
100054,604
100029,435
100002,706
100003,956
100094,501
100012,195
100078,514
100041,667
100054,818
100078,122
100010,91
100058,841
100078,697
100033,330
100026,196
100029,703
100047,371
100063,235
100040,735
100005,855
100086,546
100044,675
100089,890
100088,50
100073,315
100083,891
100044,688
100094,126
100026,629
100009,734
100032,872
100099,77
100077,414
100098,137
100040,950
100089,450
100038,479
100033,307
100042,204
100087,887
100034,918
100053,792
100071,505
100022,990
100015,920
100078,378
100052,810
100026,988
100038,374
100063,377
100092,148
100088,755
100029,291
100008,42
100099,175
100014,431
100016,522
100022,319
100016,156
100032,279
100025,568
100093,427
100058,716
100025,972
100046,525
100031,349
100090,46
100056,749
100004,381
100002,313
100040,759
100073,707
100040,914
100051,11
100075,142
100002,625
100083,718
100035,571
100082,897
100092,718
100069,136
100064,758
100007,455
100078,683
100009,601
100075,681
100055,57
100017,482
100071,503
100036,222
100059,765
100029,130
100058,234
100000,342
100002,309
100035,732
100090,629
100097,876
100053,380
100078,387
100074,882
100064,426
100098,95
100070,359
100061,668
100044,839
100084,457
100089,545
100096,591
100027,849
100025,729
100022,136
100059,800
100044,433
100077,574
100054,14
100028,970
100014,70
100034,689
100075,934
100030,136
100073,971
100064,458
100089,296
100022,941
100012,589
100043,667
100007,361
100006,897
100089,684
100025,64
100071,152
100047,998
100081,773
100074,500
100094,237
100007,898
100034,778
100010,710
100011,894
100080,433
100061,142
100017,475
100082,619
100071,726
100021,302
100074,695
100050,270
100044,338
100050,517
100052,988
100046,695
100016,482
100034,639
100071,334
100080,435
100026,503
100011,331
100080,694
100036,720
100038,307
100040,911
100010,995
100026,279
100088,458
100006,20
100097,692
100078,596
100057,84
100070,979
100076,571
100053,488
100005,378
100082,150
100027,26
100072,974
100016,726
100001,945
100040,17
100071,684
100035,635
100094,640
100037,68
100096,117
100017,186
100018,970
100062,775
100036,262
100024,841
100003,817
100075,686
100020,851
100068,517
100049,828
100028,546
100084,292
100075,656
100056,117
100054,862
100098,936
100010,354
100011,265
100027,936
100052,519
100093,409
100079,303
100077,776
100006,963
100030,481
100042,760
100086,29
100029,410
100030,112
100068,487
100078,358
100073,92
100031,789
100023,685
100031,42
100082,1
100095,359
100006,881
100084,345
100095,113
100046,543
100028,977
100086,796
100062,77
100085,787
100056,855
100049,896
100020,348
100039,957
100009,893
100089,272
100004,699
100006,551
100044,580
100097,767
100021,673
100028,66
100041,485
100017,958
100046,573
100088,475
100097,504
100096,543
100017,753
100000,854
100043,870
100091,690
100073,186
100039,979
100013,597
100046,263
100041,114
100039,869
100054,575
100049,762
100082,886
100048,683
100064,263
100070,865
100042,186
100014,478
100066,62
100024,145
100021,476
100024,964
100047,768
100018,887
100091,122
100038,807
100064,153
100041,422
100088,947
100080,851
100090,67
100015,889
100026,345
100085,900
100015,609
100090,52
100061,46
100033,20
100009,399
100096,932
100057,917
100065,154
100026,509
100088,466
100081,141
100086,374
100013,168
100056,11
100062,892
100077,512
100073,998
100006,491
100061,365
100007,417
100018,279
100020,114
100079,81
100011,94
100006,752
100009,148
100024,150
100048,949
100060,305
100036,498
100080,721
100009,837
100006,465
100027,555
100052,735
100036,98
100079,781
100058,617
100072,184
100081,316
100080,950
100031,968
100054,368
100066,336
100017,213
100071,468
100092,316
100009,484
100016,15
100091,835
100098,906
100067,256
100086,393
100023,859
100095,636
100007,743
100078,338
100042,146
100004,74
100039,270
100068,5
100011,260
100061,187
100007,981
100059,192
100032,145
100097,376
100016,633
100004,208
100052,252
100054,663
100096,374
100019,533
100042,958
100046,192
100089,608
100046,879
100093,205
100027,277
100085,25
100049,725
100038,107
100092,840
100082,321
100070,512
100092,762
100060,338
100019,23
100053,786
100092,183
100056,516
100008,642
100074,422
100077,294
100036,338
100036,985
100064,975
100013,678
100006,844
100029,423
100003,507
100033,598
100019,289
100075,56
100021,569
100067,873
100020,381
100024,619
100067,123
100074,984
100096,156
100060,587
100011,412
100016,298
100063,625
100075,532
100001,904
100094,772
100037,70
100068,492
100026,979
100078,324
100058,421
100052,932
100018,919
100024,680
100008,975
100097,851
100002,258
100071,655
100058,565
100028,61
100099,234
100002,84
100025,247
100097,430
100006,409
100007,351
100067,256
100056,610
100071,984
100016,732
100067,595
100047,395
100079,665
100093,239
100087,614
100046,319
100061,80
100055,345
100091,444
100023,280
100064,814
100086,954
100009,730
100084,128
100053,885
100030,941
100093,2
100085,819
100011,834
100007,494
100040,455
100015,377
100080,57
100024,925
100015,36
100012,890
100016,533
100025,182
100021,457
100072,663
100057,127
100089,928
100002,314
100017,822
100088,646
100010,322
100011,17
100071,900
100060,168
100010,472
100006,45
100079,720
100028,311
100007,41
100075,256
100047,333
100057,502
100068,345
100020,646
100085,812
100028,764
100033,186
100066,47
100026,269
100096,748
100050,226
100042,311
100026,892
100074,249
100019,802
100034,594
100090,333
100091,795
100098,488
100053,756
100091,569
100039,713
100078,641
100097,865
100012,781
100068,658
100046,640
100020,780
100058,293
100005,668
100031,205
100006,447
100056,197
100055,567
100080,938
100038,146
100060,451
100022,985
100077,888
100009,147
100035,208
100073,837
100028,739
100011,450
100017,256
100072,835
100007,664
100084,938
100079,447
100092,898
100046,379
100008,494
100086,29
100075,487
100096,306
100042,563
100074,967
100099,286
100088,617
100082,59
100053,52
100087,337
100041,223
100017,293
100076,358
100012,365
100091,767
100026,843
100075,253
100075,159
100033,405
100069,969
100095,344
100081,844
100010,468
100038,253
100098,173
100063,496
100087,7
100098,360
100079,760
100007,78
100046,248
100031,515
100006,935
100054,517
100076,261
100047,253
100075,513
100021,437
100034,886
100034,608
100039,734
100034,432
100006,759
100098,555
100032,830
100047,831
100032,58
100037,566
100024,41
100097,431
100048,583
100072,422
100000,69
100016,163
100018,873
100079,786
100005,627
100059,205
100074,389
100089,635
100042,509
100006,860
100004,342
100033,408
100069,228
100028,230
100066,144
100072,627
100078,935
100023,93
100017,434
100071,283
100006,316
100022,916
100028,60
100084,20
100066,21
100070,11
100052,703
100098,301
100058,66
100021,545
100080,324
100030,210
100084,447
100054,551
100078,657
100086,94
100096,676
100055,127
100090,873
100096,342
100080,462
100087,802
100069,441
100062,745
100026,198
100024,681
100054,785
100057,928
100006,412
100035,828
100061,765
100096,294
100005,707
100026,488
100054,658
100004,465
100091,268
100038,851
100089,22
100058,940
100003,640
100032,88
100053,380
100038,39
100058,325
100027,864
100083,469
100023,768
100081,620
100036,658
100049,547
100087,419
100076,359
100009,889
100016,582
100080,296
100054,92
100048,728
100065,460
100039,574
100049,601
100069,645
100091,930
100074,872
100098,682
100065,12
100077,564
100066,884
100072,578
100088,276
100055,679
100035,888
100011,280
100085,698
100016,3
100071,738
100080,345
100098,397
100078,107
100085,711
100051,53
100083,761
100014,428
100044,541
100025,836
100085,571
100039,879
100007,660
100068,554
100060,682
100090,238
100003,957
100021,523
100009,965
100085,757
100011,444
100094,869
100097,782
100072,190
100068,44
100022,614
100042,298
100084,429
100023,899
100088,994
100067,30
100064,756
100021,402
100036,478
100033,591
100041,981
100035,66
100018,994
100014,502
100096,209
100008,227
100074,803
100029,197
100065,456
100027,572
100070,175
100002,581
100035,941
100081,698
100033,164
100072,677
100037,690
100041,136
100081,986
100025,120
100005,88
100029,681
100006,284
100029,869
100080,644
100039,899
100059,30
100092,16
100006,312
100047,264
100047,790
100094,621
100084,987
100094,872
100004,473
100051,218
100063,164
100081,924
100023,300
100060,827
100096,685
100039,123
100029,329
100060,465
100064,672
100015,355
100076,524
100064,353
100057,83
100039,832
100087,7
100066,953
100084,65
100073,612
100014,26
100053,321
100006,161
100011,58
100055,746
100076,241
100035,523
100016,598
100097,24
100031,339
100000,752
100021,15
100035,98
100000,37
100067,335
100069,193
100099,696
100078,395
100033,600
100085,731
100076,330
100097,416
100013,484
100043,851
100074,556
100004,960
100068,51
100072,275
100030,78
100080,95
100012,528
100094,487
100064,283
100030,367
100097,237
100025,329
100071,650
100039,869
100095,102
100065,249
100029,315
100094,132
100005,266
100015,126
100006,655
100033,49
100001,562
100006,278
100090,207
100024,401
100099,263
100023,515
100081,590
100014,200
100064,480
100091,565
100065,994
100021,683
100047,551
100018,625
100010,702
100019,590
100022,699
100033,244
100024,412
100017,852
100052,83
100016,333
100009,749
100085,835
100076,263
100016,537
100055,373
100099,539
100067,955
100025,458
100083,761
100001,74
100033,823
100023,515
100057,911
100038,972
100011,443
100099,873
100036,880
100019,427
100010,215
100075,976
100026,586
100086,393
100086,633
100016,608
100019,413
100031,102
100001,526
100031,712
100048,260
100089,520
100080,780
100007,127
100077,293
100025,453
100069,556
100093,353
100002,163
100066,605
100049,108
100096,932
100020,647
100070,846
100095,437
100052,127
100097,77
100063,764
100081,605
100049,788
100017,641
100068,557
100068,368
100027,467
100099,671
100015,543
100007,275
100007,186
100025,603
100012,204
100058,62
100004,72
100017,600
100008,184
100067,717
100084,849
100055,572
100003,754
100040,808
100082,438
100064,93
100021,317
100077,603
100035,266
100014,447
100074,903
100029,991
100067,783
100012,871
100072,52
100073,406
100033,61
100043,815
100066,471
100013,970
100063,27
100052,420
100045,443
100048,72
100087,292
100000,583
100004,733
100079,617
100035,28
100000,980
100063,354
100047,781
100015,41
100092,264
100036,581
100092,70
100026,465
100050,458
100042,245
100041,805
100084,196
100089,398
100061,515
100027,380
100090,69
100013,378
100037,801
100077,589
100060,162
100067,209
100018,170
100051,13
100000,871
100074,244
100068,56
100060,346
100062,859
100036,951
100042,887
100041,768
100024,711
100087,679
100083,490
100008,672
100072,481
100054,801
100049,89
100076,105
100081,467
100071,495
100062,570
100061,824
100002,556
100055,34
100087,520
100088,304
100051,923
100015,577
100013,109
100050,528
100086,291
100032,728
100054,495
100046,315
100085,101
100049,68
100004,689
100077,900
100017,129
100096,513
100013,931
100042,547
100043,228
100025,55
100068,941
100092,191
100035,385
100045,612
100014,563
100087,157
100012,522
100096,445
100034,635
100036,180
100028,215
100080,295
100062,611
100050,459
100030,930
100052,829
100024,860
100046,234
100010,449
100083,499
100047,628
100020,877
100081,390
100019,266
100092,944
100002,244
100080,331
100074,371
100081,96
100062,523
100013,658
100004,418
100032,742
100058,267
100056,829
100009,635
100024,551
100068,526
100075,721
100003,326
100043,329
100050,2
100026,765
100037,135
100004,973
100019,216
100090,648
100000,905
100081,381
100059,503
100048,120
100006,791
100097,975
100073,411
100006,319
100062,437
100099,390
100079,908
100073,353
100060,678
100017,579
100074,132
100066,39
100044,691
100038,897
100080,428
100096,326
100041,356
100093,796
100071,55
100073,982
100084,551
100025,805
100058,315
100057,150
100093,642
100008,340
100062,559
100052,487
100016,157
100030,306
100006,648
100011,365
100080,826
100087,666
100063,920
100027,651
100013,390
100073,208
100032,656
100005,304
100050,435
100035,308
100067,782
100077,409
100084,430
100017,717
100063,704
100083,50
100070,957
100039,811
100085,60
100069,25
100098,750
100091,718
100001,875
100086,753
100006,494
100026,961
100040,542
100095,899
100076,678
100065,909
100057,906
100044,834
100057,848
100070,132
100037,548
100079,251
100034,789
100033,283
100085,116
100096,745
100010,404
100038,80
100045,244
100085,934
100092,490
100038,362
100086,50
100046,318
100028,402
100031,729
100010,150
100086,224
100051,924
100030,623
100080,322
100071,646
100030,988
100098,160
100054,952
100040,605
100019,374
100069,725
100024,965
100094,416
100023,353
100073,881
100064,396
100033,330
100089,585
100028,95
100070,241
100001,676
100013,696
100099,647
100068,90
100020,318
100088,449
100055,463
100076,290
100031,426
100065,654
100033,770
100031,101
100084,601
100063,356
100074,252
100037,426
100017,311
100016,468
100070,209
100085,166
100006,937
100032,196
100061,921
100068,518
100008,643
100005,776
100082,509
100066,900
100078,683
100068,160
100009,436
100069,214
100048,574
100040,194
100057,955
100041,81
100062,787
100014,914
100039,890
100031,31
100043,630
100091,874
100098,271
100070,939
100080,607
100077,226
100095,666
100070,319
100037,663
100009,311
100048,901
100074,150
100005,555
100046,937
100037,466
100063,646
100049,113
100072,439
100097,34
100082,775
100016,666
100031,328
100078,534
100029,848
100022,673
100022,44
100075,375
100072,19
100031,34
100007,126
100032,477
100088,44
100084,685
100005,621
100053,324
100037,206
100027,564
100005,971
100009,409
100026,70
100080,204
100021,85
100075,94
100017,635
100061,652
100011,64
100017,479
100033,56
100083,858
100062,36
100022,494
100084,230
100022,209
100050,299
100093,713
100005,55
100021,346
100024,781
100041,868
100087,907
100067,788
100005,841
100098,299
100039,18
100084,138
100088,126
100057,642
100046,95
100022,914
100097,97
100086,58
100031,702
100010,988
100068,405
100027,178
100032,748
100007,193
100039,825
100088,439
100047,58
100036,969
100056,516
100005,408
100055,973
100008,682
100034,428
100073,517
100065,111
100072,965
100064,444
100079,967
100037,460
100008,830
100084,390
100010,25
100046,99
100064,150
100067,106
100054,648
100038,451
100099,971
100050,328
100027,36
100053,261
100008,762
100040,572
100032,654
100050,785
100090,750
100003,839
100069,522
100065,388
100064,474
100007,56
100019,231
100034,997
100005,910
100085,644
100072,559
100020,771
100060,842
100034,852
100064,949
100064,848
100081,256
100090,990
100022,264
100008,214
100041,519
100059,881
100064,678
100063,688
100017,862
100034,500
100034,385
100048,385
100052,916
100076,857
100094,440
100066,978
100008,588
100052,297
100040,951
100037,738
100070,692
100054,551
100006,705
100097,56
100019,799
100085,298
100091,47
100053,95
100013,438
100046,850
100009,239
100071,356
100037,436
100014,260
100043,434
100076,849
100089,646
100085,711
100088,943
100098,351
100098,714
100000,733
100043,918
100020,50
100055,688
100095,590
100002,260
100095,612
100021,291
100045,514
100077,720
100057,702
100019,54
100049,680
100096,533
100014,119
100083,359
100038,776
100082,979
100078,550
100025,401
100091,952
100067,158
100084,867
100011,934
100054,137
100071,47
100012,15
100034,482
100004,307
100019,838
100098,926
100067,146
100041,782
100061,581
100011,196
100094,257
100036,636
100016,234
100064,734
100098,120
100063,536
100066,639
100049,504
100091,536
100069,792
100078,99
100063,836
100085,566
100069,980
100089,675
100023,681
100061,80
100066,63
100041,132
100096,293
100037,606
100014,681
100042,187
100070,142
100053,446
100045,790
100045,931
100020,175
100001,713
100014,53
100026,506
100095,995
100054,914
100056,618
100022,684
100003,991
100080,216
100096,572
100053,527
100038,216
100044,576
100091,371
100060,715
100014,585
100039,989
100008,549
100051,508
100031,977
100070,616
100079,281
100072,730
100082,203
100087,59
100067,835
100058,704
100055,52
100038,415
100058,506
100010,981
100052,401
100086,291
100034,318
100088,992
100083,82
100030,591
100067,645
100021,711
100025,226
100066,490
100092,11
100063,965
100099,970
100032,11
100016,518
100069,999
100003,13
100075,560
100075,274
100080,63
100033,246
100054,827
100092,472
100010,376
100068,104
100026,571
100053,444
100066,531
100098,33
100097,469
100001,272
100002,662
100082,257
100070,953
100039,801
100000,915
100045,629
100098,173
100058,540
100014,150
100025,43
100082,169
100024,110
100091,229
100044,238
100057,110
100072,318
100059,586
100085,55
100026,672
100035,208
100046,760
100081,170
100048,480
100028,119
100020,178
100075,712
100038,357
100091,95
100081,112
100023,395
100055,365
100078,616
100073,244
100082,768
100057,733
100079,556
100040,951
100046,713
100096,669
100058,620
100080,824
100036,929
100055,800
100019,59
100078,819
100096,110
100046,877
100007,198
100073,151
100060,389
100005,489
100094,936
100037,603
100005,194
100002,104
100008,74
100078,83
100085,762
100023,216
100019,485
100021,761
100063,950
100065,547
100090,975
100054,945
100064,675
100001,948
100055,2
100058,488
100024,681
100048,333
100001,615
100037,524
100048,569
100061,775
100019,648
100030,263
100094,136
100010,516
100004,565
100049,714
100098,725
100087,282
100057,444
100092,834
100014,712
100035,285
100059,890
100050,518
100081,103
100014,350
100081,808
100077,196
100007,85
100019,919
100074,260
100084,916
100013,321
100040,141
100006,665
100038,638
100028,46
100017,356
100047,505
100021,356
100049,101
100001,522
100077,254
100001,428
100053,474
100048,731
100021,843
100058,927
100037,958
100006,110
100004,885
100079,763
100009,532
100012,469
100000,874
100037,662
100004,870
100011,392
100054,959
100094,429
100054,626
100016,410
100069,629
100034,562
100094,996
100005,531
100022,262
100048,477
100060,734
100054,395
100039,321
100066,482
100077,127
100033,989
100003,772
100083,85
100049,748
100059,496
100069,818
100023,220
100005,931
100046,911
100071,206
100085,477
100090,748
100086,119
100023,252
100059,374
100008,515
100060,681
100013,921
100047,550
100078,906
100094,383
100065,944
100066,447
100021,555
100080,273
100024,718
100015,147
100040,755
100066,347
100025,972
100009,674
100027,356
100074,824
100060,689
100074,146
100079,300
100015,590
100030,263
100080,187
100071,631
100029,869
100086,505
100038,800
100068,740
100091,680
100021,516
100021,134
100062,402
100019,991
100051,679
100066,500
100067,260
100004,986
100081,221
100043,753
100044,787
100070,130
100086,218
100015,409
100018,373
100037,478
100000,491
100074,47
100067,797
100010,584
100021,947
100013,194
100017,100
100046,658
100041,393
100044,167
100099,398
100073,580
100037,759
100043,26
100062,562
100070,426
100020,193
100042,841
100097,720
100038,251
100048,128
100084,827
100003,420
100033,587
100024,635
100083,505
100047,955
100031,440
100061,796
100042,22
100085,96
100015,848
100010,329
100082,639
100031,14
100027,683
100073,541
100024,212
100037,197
100010,269
100041,871
100006,706
100017,869
100008,289
100041,72
100045,482
100082,934
100024,222
100005,600
100074,623
100036,983
100021,96
100058,663
100037,567
100021,523
100097,335
100049,604
100096,413
100008,232
100040,156
100069,300
100099,78
100039,921
100091,901
100071,535
100086,605
100072,413
100050,17
100072,584
100027,528
100006,209
100094,789
100091,773
100099,284
100068,408
100039,790
100031,749
100058,289
100072,456
100093,81
100070,19
100058,704
100065,562
100001,933
100063,69
100074,607
100024,425
100066,444
100095,313
100096,298
100080,581
100017,305
100005,673
100057,255
100089,985
100090,741
100079,228
100031,132
100021,663
100098,225
100075,312
100047,425
100048,663
100060,485
100035,12
100068,431
100047,358
100031,238
100099,407
100092,76
100045,941
100017,356
100076,767
100081,25
100042,33
100000,709
100047,876
100042,364
100066,985
100050,79
100092,47
100035,94
100049,699
100084,633
100044,620
100023,696
100042,390
100057,330
100001,803
100028,10
100015,312
100051,854
100042,951
100004,808
100032,693
100037,629
100049,205
100011,784
100096,347
100023,591
100092,911
100080,661
100057,629
100021,408
100085,41
100018,29
100018,131
100095,704
100077,535
100087,573
100092,494
100088,426
100040,549
100079,957
100009,185
100003,374
100028,200
100068,511
100023,765
100071,588
100053,682
100038,160
100038,561
100067,299
100070,945
100094,650
100012,854
100097,997
100075,975
100046,191
100053,429
100091,988
100019,654
100000,251
100004,267
100012,157
100053,524
100029,277
100034,931
100061,87
100028,645
100073,1
100080,277
100003,147
100021,49
100070,26
100040,825
100099,206
100085,748
100046,798
100069,183
100071,526
100074,389
100058,54
100078,744
100073,112
100020,647
100005,751
100097,789
100053,93
100033,99
100071,782
100012,88
100055,977
100067,437
100056,218
100083,982
100004,445
100002,93
100054,743
100083,551
100038,817
100069,369
100031,855
100067,116
100079,755
100053,591
100051,129
100026,81
100093,395
100013,404
100056,116
100044,617
100099,61
100056,964
100065,755
100008,586
100066,630
100037,471
100044,154
100029,952
100046,55
100050,995
100025,131
100061,284
100065,60
100011,439
100081,271
100024,56
100072,981
100037,558
100047,864
100060,880
100010,691
100027,410
100022,171
100058,359
100040,682
100000,786
100027,687
100053,851
100075,906
100017,911
100069,348
100031,194
100012,973
100087,193
100012,104
100053,268
100019,480
100083,795
100085,376
100052,250
100070,490
100072,648
100071,69
100066,695
100007,237
100001,86
100053,973
100079,75
100080,390
100055,666
100022,772
100081,456
100099,241
100017,850
100083,418
100047,703
100099,150
100008,560
100004,830
100021,177
100015,451
100012,53
100067,884
100095,651
100006,626
100093,800
100067,823
100087,628
100006,649
100055,561
100033,473
100066,706
100061,744
100050,705
100051,357
100090,107
100086,880
100056,109
100087,306
100046,761
100012,142
100067,676
100060,87
100027,643
100093,485
100013,451
100055,252
100013,774
100091,887
100037,337
100067,565
100023,708
100034,920
100012,885
100069,948
100032,448
100044,759
100054,23
100072,201
100020,349
100026,802
100055,624
100045,556
100061,247
100066,604
100047,652
100013,476
100047,902
100058,349
100092,885
100051,810
100080,45
100045,542
100085,271
100089,380
100002,9
100024,532
100008,690
100023,3
100038,223
100038,430
100039,451
100058,97
100003,917
100038,224
100077,241
100033,319
100071,870
100081,257
100015,171
100094,584
100065,274
100074,508
100067,669
100064,529
100041,402
100091,453
100031,626
100089,660
100048,465
100064,351
100030,168
100081,226
100038,841
100006,524
100002,448
100034,273
100059,620
100005,561
100054,890
100079,754
100062,28
100068,396
100054,109
100024,96
100013,413
100053,92
100030,775
100053,376
100074,882
100035,735
100029,423
100000,151
100014,813
100031,303
100011,805
100021,237
100006,309
100008,178
100019,300
100066,244
100080,122
100050,55
100096,539
100025,403
100086,774
100027,66
100051,33
100055,240
100002,127
100081,21
100017,260
100024,996
100085,506
100070,377
100043,673
100003,528
100088,887
100084,235
100096,322
100038,269
100041,590
100098,505
100049,521
100028,175
100047,179
100053,697
100010,661
100049,94
100034,321
100053,611
100096,482
100073,589
100082,152
100035,812
100058,929
100095,88
100007,230
100060,576
100054,645
100068,338
100065,529
100027,353
100024,284
100079,877
100091,198
100016,862
100023,661
100010,273
100089,954
100005,872
100027,272
100044,909
100088,120
100060,641
100032,486
100031,224
100041,311
100004,868
100067,861
100016,244
100049,722
100082,45
100022,401
100017,838
100022,392
100062,699
100034,220
100011,35
100012,179
100000,867
100055,316
100079,880
100029,897
100013,828
100021,184
100020,79
100045,208
100023,181
100033,414
100015,490
100040,196
100027,892
100064,267
100045,261
100032,662
100010,135
100029,429
100016,793
100054,976
100023,777
100055,660
100059,906
100010,396
100072,562
100096,107
100004,998
100063,378
100079,435
100007,276
100006,688
100088,448
100003,614
100000,505
100082,330
100000,287
100071,144
100034,144
100047,429
100042,635
100039,733
100024,759
100088,244
100015,535
100020,420
100052,585
100094,698
100011,481
100017,577
100028,321
100037,945
100089,920
100073,433
100079,336
100049,899
100019,252
100022,84
100042,366
100007,590
100017,76
100064,323
100084,244
100080,813
100082,823
100068,674
100045,698
100089,97
100036,96
100047,554
100029,254
100005,369
100085,195
100002,798
100066,507
100034,64
100024,645
100042,127
100058,773
100013,108
100057,132
100092,85
100022,332
100023,810
100055,913
100098,423
100085,576
100056,188
100086,235
100055,952
100028,622
100079,977
100040,526
100097,521
100052,117
100038,966
100039,410
100024,497
100055,812
100074,222
100079,341
100074,534
100095,159
100080,17
100017,74
100098,749
100034,237
100032,434
100067,254
100020,971
100038,367
100057,917
100070,476
100098,429
100024,225
100070,320
100027,42
100033,232
100056,172
100005,231
100037,536
100038,572
100098,592
100097,25
100085,133
100051,340
100082,510
100056,491
100098,56
100035,535
100051,991
100079,776
100014,999
100084,494
100001,139
100016,344
100096,792
100086,81
100069,877
100069,914
100064,883
100019,155
100069,369
100003,996
100013,433
100027,969
100073,258
100097,885
100005,541
100058,369
100077,471
100083,292
100084,631
100060,928
100089,364
100054,558
100052,259
100067,288
100091,977
100039,524
100065,17
100003,76
100067,913
100005,98
100017,922
100065,969
100034,270
100068,123
100041,918
100013,526
100075,174
100000,126
100078,589
100061,203
100047,105
100030,484
100097,372
100060,74
100060,798
100081,183
100038,849
100047,834
100016,366
100009,242
100061,988
100017,225
100031,726
100084,902
100004,206
100035,555
100091,30
100079,857
100064,268
100095,149
100072,259
100071,381
100026,126
100063,985
100048,116
100047,561
100012,244
100006,753
100022,956
100062,760
100029,9
100035,400
100075,511
100075,206
100028,927
100001,137
100066,661
100079,425
100081,261
100009,268
100032,865
100039,448
1807424
1826546
2267707
2201849
1829152
1760742
1625562
2132223
1611936
2027280
1955381
2341415
2322910
2231287
2389837
1738317
1678994
1926369
1881474
2031402
1698541
2337066
1896428
1824805
2377979
1877129
2318630
2273882
2022043
2257830
2174771
2151618
2330828
2057781
2159798
2108307
2396878
2245720
2154831
2120845
1927872
2209107
2011526
2232826
1975452
2067578
2122617
1814912
1891594
1793387
2122986
1711683
1805657
2089703
1663685
2005377
1744056
2255269
2304904
2211795
2358366
2391505
2029326
2190455
2333630
1911996
1699475
2169709
1843643
2379555
1839308
1734767
2208369
1778482
1908431
1612866
2147854
1735448
2333663
2268777
2325147
2397119
1825841
2004123
2306111
2390272
2382274
2040450
2178807
2303817
1710295
1938109
1649319
2247090
2178379
2171681
1838442
2364592
2251820
1847228
2081166
2126402
2123594
2326929
2123365
1905090
1991067
1916888
2062370
2013580
1952577
2080324
2076466
2166424
2242431
2098863
2013072
2168675
1780309
1769083
1928865
1696184
1736762
2244447
1812709
2149855
1786123
1668181
1941924
2041496
2372354
2076283
1883674
1718389
1871852
1755178
1666365
2311113
2244542
1864522
1794897
2266630
2160625
1700137
2207531
1975923
2383138
2120194
2267882
2278304
2092297
2213136
1642575
2344730
1877417
1936750
2278002
2127930
2052386
1925127
1797861
1610135
2288855
2362102
1822125
2126736
2361170
2372478
2292597
2057391
1653339
2091773
2369664
2053827
1727962
1617901
1741764
1919122
2065348
1631377
2370110
2351366
1722989
2332601
1777101
2248259
1719247
2063011
1935421
2393649
2156585
2166766
2169146
1633589
2288482
2387507
1954161
2165978
1760117
1605620
