5499,367
2832,416
3928,262
2478,364
1572,105
3540,520
5499,367
3186,468
7070,472
354,52
3928,262
708,104
786,53
2832,416
3143,210
708,104
2357,158
1416,208
2357,158
1062,156
2357,158
2478,364
7070,472
1770,260
7070,472
2124,312
1572,105
3186,468
2357,158
3540,520
3928,262
2832,416
7070,472
1416,208
2357,158
2832,416
3928,262
1062,156
5499,367
1062,156
5499,367
708,104
3928,262
1770,260
786,53
3540,520
7856,524
2124,312
5499,367
2478,364
2357,158
1416,208
6285,419
708,104
7070,472
354,52
4714,315
3540,520
6285,419
2832,416
7070,472
354,52
3928,262
354,52
2357,158
1062,156
7856,524
354,52
7070,472
1416,208
5499,367
3540,520
7070,472
2124,312
3143,210
2478,364
3928,262
1770,260
6285,419
708,104
2357,158
1062,156
7070,472
1770,260
4714,315
2832,416
2357,158
1416,208
7856,524
2478,364
3928,262
1416,208
3143,210
3186,468
3928,262
1770,260
6285,419
708,104
4714,315
1416,208
7070,472
3186,468
786,53
2124,312
786,53
1062,156
786,53
3540,520
1572,105
2832,416
5499,367
1062,156
6285,419
2832,416
5499,367
354,52
1572,105
2478,364
786,53
2832,416
5499,367
1416,208
2357,158
3540,520
5499,367
1416,208
2357,158
354,52
3143,210
354,52
3928,262
2832,416
2357,158
354,52
4714,315
2478,364
1572,105
2478,364
5499,367
1416,208
7070,472
3186,468
786,53
1062,156
3143,210
2478,364
2357,158
1062,156
3143,210
3186,468
786,53
2124,312
7856,524
2478,364
4714,315
1416,208
786,53
354,52
786,53
2124,312
1572,105
708,104
2357,158
1416,208
7856,524
3186,468
786,53
3186,468
5499,367
2832,416
7856,524
1770,260
2357,158
3186,468
786,53
2124,312
7856,524
1062,156
7856,524
3186,468
786,53
1416,208
2357,158
2478,364
3928,262
1062,156
6285,419
708,104
3928,262
2124,312
6285,419
3540,520
786,53
3186,468
3143,210
3186,468
7070,472
3186,468
3143,210
3186,468
7070,472
1770,260
7856,524
1062,156
2357,158
1770,260
3928,262
2832,416
5499,367
2478,364
3143,210
708,104
5499,367
2832,416
3928,262
2832,416
3928,262
354,52
7856,524
1062,156
6285,419
3540,520
7856,524
1062,156
5499,367
708,104
3928,262
708,104
786,53
1416,208
7856,524
1062,156
6285,419
2124,312
786,53
2124,312
7070,472
1416,208
1572,105
354,52
6285,419
2124,312
4714,315
3186,468
3143,210
2478,364
7856,524
3186,468
7070,472
3186,468
7070,472
3186,468
7070,472
3540,520
4714,315
2832,416
2357,158
2124,312
1572,105
1770,260
3143,210
1062,156
6285,419
1416,208
7856,524
3186,468
7856,524
2832,416
3928,262
3540,520
786,53
2832,416
6285,419
1062,156
6285,419
2478,364
4714,315
2478,364
1572,105
354,52
1572,105
708,104
7070,472
2478,364
7070,472
354,52
3928,262
2478,364
786,53
1416,208
786,53
2124,312
7070,472
2478,364
2357,158
3540,520
5499,367
708,104
7070,472
1062,156
2357,158
3186,468
786,53
3540,520
7856,524
1770,260
2357,158
1416,208
5499,367
3540,520
5499,367
708,104
6285,419
708,104
1572,105
3186,468
2357,158
1062,156
2357,158
2832,416
2357,158
2124,312
2357,158
3186,468
2357,158
354,52
7070,472
1062,156
7070,472
3540,520
4714,315
1416,208
4714,315
1770,260
7856,524
1062,156
7856,524
708,104
3143,210
1770,260
1572,105
3540,520
6285,419
2478,364
6285,419
2124,312
7856,524
1770,260
6285,419
1062,156
1572,105
1770,260
2357,158
2832,416
7070,472
3186,468
1572,105
3186,468
4714,315
3186,468
3928,262
2478,364
7856,524
2478,364
7856,524
354,52
3928,262
1062,156
5499,367
2832,416
6285,419
1062,156
6285,419
2478,364
3928,262
354,52
786,53
708,104
3928,262
2478,364
3928,262
2478,364
4714,315
354,52
3143,210
1062,156
3928,262
1416,208
7070,472
1062,156
7070,472
2124,312
3143,210
1770,260
3928,262
354,52
1572,105
2478,364
5499,367
3186,468
5499,367
1416,208
3928,262
3540,520
4714,315
3186,468
1572,105
1416,208
6285,419
2832,416
1572,105
354,52
2357,158
3186,468
3143,210
1416,208
1572,105
1062,156
6285,419
3186,468
7070,472
1062,156
2357,158
2478,364
1572,105
2832,416
786,53
1770,260
3928,262
1416,208
6285,419
1062,156
5499,367
354,52
3143,210
2124,312
5499,367
1062,156
1572,105
354,52
4714,315
354,52
2357,158
3540,520
786,53
2478,364
5499,367
708,104
7856,524
3540,520
2357,158
2478,364
3928,262
3186,468
786,53
354,52
786,53
1062,156
1572,105
2124,312
3928,262
3186,468
1572,105
2832,416
2357,158
2478,364
786,53
3186,468
7070,472
708,104
7856,524
2832,416
786,53
2124,312
3928,262
708,104
4714,315
1770,260
1572,105
2478,364
7070,472
1416,208
4714,315
1062,156
6285,419
1062,156
5499,367
1770,260
2357,158
354,52
5499,367
2478,364
2357,158
2124,312
4714,315
354,52
1572,105
1062,156
786,53
1062,156
2357,158
354,52
6285,419
2124,312
7856,524
1416,208
3928,262
3186,468
3928,262
2832,416
786,53
1416,208
5499,367
3540,520
786,53
2478,364
4714,315
3186,468
4714,315
2832,416
2357,158
1416,208
7070,472
2832,416
7070,472
1416,208
3143,210
1062,156
7856,524
1770,260
4714,315
3540,520
4714,315
3186,468
3143,210
2124,312
3143,210
1062,156
5499,367
1416,208
7856,524
354,52
3143,210
2832,416
7070,472
3540,520
7856,524
354,52
6285,419
1062,156
4714,315
1416,208
5499,367
1770,260
3143,210
2124,312
6285,419
1416,208
7856,524
708,104
7856,524
2832,416
1572,105
2478,364
6285,419
1416,208
7070,472
354,52
4714,315
3186,468
2357,158
354,52
5499,367
2124,312
3143,210
1770,260
7856,524
2124,312
1572,105
1416,208
7856,524
354,52
2357,158
3186,468
5499,367
2478,364
6285,419
1416,208
7070,472
3540,520
786,53
2124,312
1572,105
3186,468
5499,367
2124,312
7856,524
1062,156
4714,315
3186,468
6285,419
354,52
7856,524
2832,416
5499,367
2832,416
2357,158
2478,364
2357,158
2478,364
7856,524
2832,416
5499,367
3540,520
6285,419
2478,364
6285,419
1062,156
7856,524
708,104
3143,210
354,52
3143,210
1770,260
7070,472
2124,312
786,53
708,104
5499,367
3540,520
2357,158
1416,208
5499,367
2124,312
4714,315
1416,208
7070,472
2478,364
7070,472
1416,208
4714,315
3186,468
4714,315
1416,208
4714,315
2124,312
7070,472
1062,156
3143,210
2124,312
6285,419
1770,260
4714,315
2124,312
2357,158
1770,260
7856,524
3186,468
5499,367
708,104
6285,419
2832,416
4714,315
2124,312
6285,419
354,52
3928,262
2124,312
1572,105
3186,468
7856,524
354,52
786,53
2832,416
3143,210
1416,208
4714,315
1062,156
6285,419
708,104
7856,524
708,104
5499,367
3186,468
3928,262
708,104
7856,524
2478,364
6285,419
708,104
5499,367
1062,156
4714,315
354,52
7070,472
1416,208
4714,315
3186,468
3143,210
1416,208
4714,315
354,52
7856,524
2832,416
5499,367
708,104
3928,262
1062,156
3928,262
3186,468
7070,472
1416,208
3143,210
2832,416
786,53
2124,312
6285,419
2478,364
7070,472
1770,260
1572,105
2478,364
1572,105
2478,364
4714,315
2124,312
4714,315
2478,364
5499,367
1416,208
3928,262
3186,468
786,53
2478,364
7070,472
2478,364
7070,472
2832,416
3143,210
2124,312
7856,524
1416,208
786,53
1416,208
3928,262
3186,468
786,53
1770,260
1572,105
2478,364
6285,419
1770,260
2357,158
1416,208
6285,419
708,104
2357,158
3186,468
786,53
2478,364
3143,210
3186,468
3928,262
3540,520
6285,419
1062,156
786,53
3186,468
3928,262
2124,312
7070,472
1062,156
786,53
2124,312
7070,472
2478,364
4714,315
708,104
7856,524
2832,416
5499,367
2124,312
3928,262
708,104
4714,315
3186,468
6285,419
1416,208
1572,105
3540,520
5499,367
3540,520
7856,524
708,104
5499,367
1416,208
3143,210
2478,364
2357,158
2124,312
786,53
1770,260
3143,210
1416,208
6285,419
354,52
7070,472
708,104
786,53
2124,312
6285,419
3540,520
6285,419
2478,364
7070,472
1062,156
5499,367
708,104
786,53
2832,416
6285,419
1770,260
7856,524
354,52
5499,367
2832,416
6285,419
354,52
6285,419
3186,468
5499,367
3186,468
3928,262
1770,260
7070,472
1416,208
7856,524
3186,468
6285,419
3186,468
7070,472
2478,364
4714,315
1062,156
3143,210
3186,468
6285,419
354,52
1572,105
2124,312
4714,315
2124,312
1572,105
3540,520
7856,524
1416,208
6285,419
2832,416
4714,315
3186,468
2357,158
1770,260
5499,367
2124,312
2357,158
1416,208
2357,158
354,52
7856,524
3540,520
7070,472
1770,260
6285,419
2478,364
6285,419
2124,312
7856,524
2478,364
4714,315
354,52
786,53
1062,156
3143,210
2124,312
3143,210
354,52
786,53
708,104
786,53
2832,416
7070,472
3186,468
3143,210
354,52
7070,472
2478,364
7856,524
3186,468
3143,210
708,104
6285,419
708,104
1572,105
3186,468
4714,315
2478,364
7856,524
2832,416
2357,158
3186,468
6285,419
354,52
7856,524
3186,468
1572,105
708,104
3143,210
1416,208
6285,419
2124,312
5499,367
2478,364
3143,210
1062,156
5499,367
3540,520
4714,315
1770,260
7856,524
708,104
5499,367
708,104
3143,210
2478,364
2357,158
1416,208
6285,419
1770,260
5499,367
354,52
2357,158
354,52
1572,105
708,104
3928,262
2478,364
3928,262
1770,260
2357,158
1416,208
786,53
2832,416
6285,419
354,52
6285,419
1416,208
1572,105
2478,364
7070,472
1062,156
5499,367
3186,468
1572,105
3540,520
3143,210
354,52
7856,524
1062,156
786,53
1770,260
4714,315
2124,312
3143,210
354,52
2357,158
2124,312
3928,262
2124,312
3928,262
1770,260
7070,472
708,104
7856,524
708,104
3928,262
3540,520
3928,262
2478,364
2357,158
1062,156
7856,524
1770,260
6285,419
2124,312
2357,158
354,52
7070,472
2478,364
3143,210
708,104
3143,210
1062,156
4714,315
3186,468
6285,419
2478,364
5499,367
2478,364
7856,524
1770,260
7856,524
708,104
3143,210
1062,156
6285,419
3186,468
3143,210
2478,364
7856,524
2124,312
2357,158
2478,364
2357,158
354,52
6285,419
3540,520
1572,105
2124,312
3143,210
2478,364
5499,367
708,104
4714,315
1416,208
3928,262
354,52
2357,158
2832,416
5499,367
2478,364
7856,524
3186,468
3143,210
2478,364
4714,315
708,104
6285,419
1770,260
5499,367
2832,416
786,53
3540,520
3143,210
1416,208
5499,367
1770,260
3143,210
354,52
6285,419
1770,260
1572,105
1062,156
786,53
2832,416
3928,262
1416,208
5499,367
708,104
1572,105
2832,416
3143,210
2832,416
3928,262
1416,208
3143,210
708,104
4714,315
2832,416
7070,472
3186,468
7856,524
2478,364
7070,472
1416,208
4714,315
3540,520
2357,158
3540,520
6285,419
1416,208
3928,262
3540,520
786,53
1770,260
7856,524
1770,260
1572,105
1062,156
3928,262
708,104
4714,315
1770,260
1572,105
3540,520
2357,158
2832,416
7070,472
1062,156
3928,262
3540,520
3928,262
2832,416
1572,105
1770,260
3928,262
1062,156
7856,524
1770,260
1572,105
1770,260
2357,158
708,104
3143,210
354,52
3143,210
3186,468
5499,367
1416,208
5499,367
2124,312
5499,367
1770,260
1572,105
3186,468
7856,524
3186,468
7856,524
2832,416
3143,210
3540,520
7070,472
1416,208
6285,419
1416,208
7856,524
1770,260
2357,158
3540,520
5499,367
1062,156
5499,367
1770,260
1572,105
708,104
2357,158
1416,208
7856,524
3540,520
3143,210
2832,416
4714,315
1416,208
3928,262
2832,416
3928,262
2124,312
3928,262
3186,468
4714,315
708,104
5499,367
1062,156
3928,262
3186,468
3143,210
2832,416
7070,472
3540,520
5499,367
2124,312
3928,262
2124,312
3928,262
2832,416
6285,419
708,104
3143,210
708,104
3143,210
3186,468
2357,158
2124,312
2357,158
1416,208
786,53
1770,260
1572,105
3540,520
3928,262
2832,416
3143,210
2124,312
7070,472
3186,468
3928,262
708,104
6285,419
3540,520
5499,367
2832,416
2357,158
1062,156
7070,472
2478,364
7070,472
1416,208
6285,419
1416,208
3143,210
354,52
3928,262
708,104
1572,105
3540,520
7856,524
2478,364
2357,158
708,104
5499,367
2832,416
2357,158
2478,364
7856,524
3186,468
7856,524
3540,520
7856,524
2832,416
5499,367
2832,416
7070,472
2832,416
6285,419
2124,312
3928,262
1770,260
4714,315
3186,468
3928,262
708,104
786,53
708,104
786,53
2832,416
4714,315
1416,208
5499,367
1770,260
3928,262
708,104
1572,105
1770,260
5499,367
3186,468
2357,158
2478,364
7856,524
3540,520
7856,524
2124,312
2357,158
354,52
3928,262
2832,416
7070,472
2478,364
5499,367
3186,468
7856,524
2832,416
5499,367
1416,208
6285,419
1770,260
4714,315
708,104
3143,210
2478,364
1572,105
3540,520
3928,262
1416,208
7070,472
1770,260
2357,158
1062,156
3143,210
2478,364
3928,262
3186,468
7070,472
1062,156
2357,158
708,104
2357,158
708,104
5499,367
3540,520
1572,105
1062,156
3928,262
1770,260
786,53
2124,312
786,53
354,52
3928,262
2124,312
4714,315
354,52
3928,262
2478,364
3143,210
2832,416
7070,472
1416,208
786,53
354,52
2357,158
1770,260
5499,367
1416,208
7856,524
3540,520
786,53
3186,468
2357,158
708,104
3928,262
2478,364
7856,524
708,104
5499,367
1416,208
6285,419
3540,520
7070,472
1062,156
5499,367
2124,312
2357,158
1770,260
6285,419
354,52
1572,105
3540,520
2357,158
1062,156
3143,210
2478,364
2357,158
2832,416
3928,262
3186,468
786,53
354,52
2357,158
1770,260
3928,262
2832,416
1572,105
1062,156
4714,315
3186,468
2357,158
2124,312
6285,419
1062,156
7856,524
3186,468
7856,524
1416,208
4714,315
354,52
7070,472
1416,208
1572,105
708,104
7070,472
2478,364
6285,419
3540,520
4714,315
3540,520
6285,419
2832,416
786,53
708,104
7070,472
3186,468
3928,262
1416,208
1572,105
354,52
3143,210
2478,364
3143,210
3540,520
3143,210
1770,260
786,53
1416,208
2357,158
3540,520
6285,419
2832,416
7070,472
3186,468
4714,315
354,52
6285,419
2832,416
6285,419
1062,156
5499,367
1416,208
7856,524
708,104
6285,419
708,104
1572,105
3540,520
4714,315
2124,312
3143,210
1062,156
7070,472
1062,156
3143,210
3186,468
3928,262
1416,208
4714,315
2832,416
3143,210
1770,260
5499,367
708,104
3143,210
1770,260
2357,158
1062,156
5499,367
1062,156
7070,472
2124,312
3928,262
1416,208
5499,367
2124,312
1572,105
1770,260
1572,105
1062,156
3928,262
354,52
3928,262
1062,156
1572,105
3186,468
3928,262
3540,520
786,53
3186,468
5499,367
354,52
7070,472
1062,156
6285,419
1770,260
7070,472
2478,364
3928,262
708,104
1572,105
2478,364
7070,472
708,104
5499,367
1416,208
7856,524
3186,468
786,53
2478,364
3143,210
1062,156
6285,419
354,52
6285,419
3186,468
3143,210
2832,416
4714,315
1062,156
5499,367
2124,312
786,53
3540,520
1572,105
1416,208
7070,472
708,104
3928,262
2832,416
5499,367
1062,156
4714,315
1062,156
3928,262
2832,416
7070,472
2478,364
3143,210
1770,260
6285,419
3540,520
3143,210
1062,156
786,53
708,104
5499,367
708,104
1572,105
2832,416
7856,524
2124,312
1572,105
3540,520
6285,419
1416,208
7070,472
1416,208
1572,105
708,104
4714,315
354,52
786,53
1062,156
7856,524
3540,520
786,53
1416,208
3143,210
354,52
786,53
1062,156
7856,524
2124,312
1572,105
708,104
7856,524
3540,520
4714,315
2832,416
7856,524
2832,416
6285,419
3186,468
1572,105
2832,416
6285,419
3540,520
7856,524
354,52
3928,262
1062,156
7070,472
3540,520
6285,419
1062,156
2357,158
1770,260
6285,419
3540,520
7856,524
2478,364
2357,158
3540,520
1572,105
2478,364
5499,367
1062,156
786,53
3186,468
2357,158
2478,364
1572,105
3186,468
6285,419
3540,520
4714,315
2478,364
6285,419
2832,416
7856,524
2124,312
3143,210
1416,208
1572,105
354,52
1572,105
708,104
3143,210
2478,364
786,53
2478,364
7070,472
2478,364
786,53
1062,156
3928,262
1416,208
4714,315
2124,312
786,53
2832,416
6285,419
2478,364
4714,315
2478,364
4714,315
1416,208
6285,419
2124,312
4714,315
354,52
4714,315
2478,364
3928,262
3186,468
6285,419
3540,520
7070,472
2478,364
7856,524
1062,156
6285,419
1416,208
4714,315
354,52
7856,524
1770,260
2357,158
2478,364
7856,524
1062,156
7856,524
354,52
4714,315
2478,364
6285,419
2832,416
3143,210
354,52
7856,524
1062,156
4714,315
3540,520
786,53
1062,156
1572,105
1770,260
2357,158
354,52
5499,367
1062,156
7856,524
2478,364
3143,210
2832,416
4714,315
2478,364
6285,419
3186,468
786,53
1416,208
7070,472
2478,364
5499,367
2478,364
2357,158
708,104
1572,105
1062,156
5499,367
1770,260
7070,472
1062,156
3143,210
708,104
6285,419
3186,468
5499,367
2124,312
3928,262
708,104
7070,472
708,104
7070,472
3540,520
1572,105
3186,468
5499,367
1416,208
7070,472
708,104
6285,419
3540,520
1572,105
3540,520
5499,367
354,52
7856,524
1770,260
5499,367
3540,520
7856,524
354,52
7856,524
3186,468
3143,210
708,104
3143,210
3540,520
7070,472
3540,520
6285,419
708,104
6285,419
2124,312
1572,105
354,52
7070,472
1770,260
5499,367
2478,364
7070,472
2478,364
4714,315
2832,416
7070,472
2832,416
786,53
1416,208
7070,472
708,104
4714,315
354,52
786,53
3540,520
4714,315
354,52
5499,367
708,104
6285,419
2478,364
5499,367
708,104
4714,315
1770,260
786,53
1416,208
3143,210
3186,468
6285,419
708,104
4714,315
1416,208
6285,419
2478,364
6285,419
1770,260
786,53
2832,416
3143,210
708,104
4714,315
708,104
7856,524
3540,520
7856,524
1416,208
7070,472
1062,156
786,53
3540,520
3928,262
708,104
6285,419
3186,468
6285,419
354,52
5499,367
354,52
2357,158
2478,364
3928,262
1062,156
3143,210
1062,156
7856,524
1770,260
5499,367
2124,312
4714,315
2832,416
1572,105
3540,520
4714,315
354,52
7856,524
3540,520
4714,315
3540,520
6285,419
3186,468
3143,210
2478,364
3928,262
708,104
6285,419
1416,208
786,53
708,104
2357,158
1416,208
3928,262
1062,156
3928,262
3540,520
6285,419
1416,208
5499,367
2832,416
6285,419
2478,364
6285,419
2124,312
1572,105
2478,364
3928,262
708,104
7070,472
3540,520
3928,262
1062,156
1572,105
354,52
786,53
1770,260
7856,524
2478,364
7856,524
1062,156
7070,472
2832,416
7856,524
2478,364
1572,105
3186,468
7070,472
708,104
5499,367
1770,260
5499,367
2478,364
2357,158
1416,208
5499,367
2832,416
3143,210
708,104
6285,419
2832,416
2357,158
1770,260
4714,315
2478,364
1572,105
3186,468
3143,210
2832,416
4714,315
3186,468
1572,105
2832,416
6285,419
2832,416
2357,158
2478,364
1572,105
354,52
7856,524
3186,468
1572,105
1062,156
3928,262
1770,260
2357,158
3186,468
786,53
3186,468
2357,158
2478,364
786,53
708,104
7070,472
1770,260
5499,367
354,52
7856,524
3186,468
786,53
2478,364
7856,524
3540,520
7856,524
1416,208
786,53
1416,208
786,53
1770,260
2357,158
2832,416
6285,419
2124,312
4714,315
2478,364
4714,315
2124,312
786,53
1416,208
786,53
1416,208
4714,315
2478,364
6285,419
2832,416
5499,367
2124,312
2357,158
354,52
6285,419
1416,208
1572,105
1770,260
5499,367
2124,312
6285,419
3186,468
7070,472
3186,468
7070,472
2478,364
5499,367
2832,416
7070,472
354,52
2357,158
1416,208
3143,210
1416,208
3928,262
354,52
3143,210
354,52
2357,158
3186,468
3928,262
1416,208
2357,158
354,52
5499,367
354,52
1572,105
2478,364
3928,262
2832,416
3928,262
1062,156
1572,105
708,104
3143,210
3540,520
3928,262
3540,520
2357,158
1770,260
7070,472
1770,260
1572,105
2832,416
7070,472
2124,312
4714,315
1770,260
7070,472
1770,260
4714,315
354,52
3143,210
354,52
3143,210
2478,364
1572,105
1770,260
7856,524
3540,520
7856,524
1062,156
5499,367
1062,156
4714,315
2478,364
4714,315
3186,468
3143,210
2124,312
786,53
1770,260
4714,315
3540,520
3143,210
1770,260
2357,158
2478,364
3143,210
3540,520
7070,472
1416,208
5499,367
708,104
7070,472
3186,468
4714,315
3540,520
6285,419
1062,156
6285,419
1062,156
2357,158
354,52
786,53
1770,260
7070,472
2478,364
3928,262
2832,416
3143,210
1062,156
5499,367
2832,416
6285,419
1770,260
5499,367
2832,416
7856,524
1416,208
3928,262
2832,416
3143,210
1770,260
786,53
1062,156
4714,315
3540,520
786,53
2832,416
4714,315
2832,416
3143,210
1062,156
2357,158
354,52
7070,472
1770,260
786,53
2478,364
4714,315
2478,364
786,53
3186,468
5499,367
2832,416
2357,158
708,104
3143,210
3186,468
6285,419
1770,260
4714,315
3540,520
4714,315
2124,312
4714,315
3540,520
2357,158
2478,364
3143,210
1062,156
3928,262
1416,208
3928,262
3540,520
2357,158
3540,520
2357,158
2832,416
786,53
1062,156
4714,315
3186,468
786,53
3540,520
3143,210
1062,156
6285,419
2124,312
1572,105
2478,364
5499,367
2832,416
5499,367
1770,260
786,53
708,104
4714,315
2478,364
786,53
708,104
3143,210
1416,208
4714,315
3540,520
2357,158
2124,312
786,53
1770,260
2357,158
1416,208
4714,315
708,104
7070,472
1416,208
3928,262
3186,468
7856,524
1062,156
6285,419
708,104
7856,524
1416,208
786,53
1062,156
4714,315
2478,364
2357,158
708,104
7070,472
2124,312
4714,315
708,104
3143,210
3186,468
786,53
1062,156
4714,315
3540,520
3143,210
1416,208
5499,367
3540,520
2357,158
3186,468
6285,419
708,104
7856,524
2124,312
4714,315
3186,468
4714,315
3186,468
5499,367
1416,208
786,53
1416,208
2357,158
2478,364
3143,210
1062,156
2357,158
2124,312
786,53
708,104
2357,158
708,104
7856,524
2124,312
3143,210
1062,156
4714,315
2478,364
1572,105
1416,208
7070,472
708,104
4714,315
2478,364
786,53
1062,156
5499,367
2478,364
3143,210
708,104
7856,524
354,52
4714,315
2478,364
7856,524
1416,208
2357,158
354,52
4714,315
2124,312
6285,419
2478,364
3143,210
1062,156
786,53
2124,312
5499,367
2832,416
3143,210
3540,520
2357,158
354,52
786,53
1062,156
2357,158
1062,156
5499,367
2124,312
5499,367
3540,520
3928,262
1062,156
1572,105
1062,156
786,53
3186,468
3928,262
1770,260
6285,419
708,104
1572,105
3186,468
6285,419
708,104
6285,419
2478,364
6285,419
3186,468
5499,367
2832,416
7070,472
3540,520
786,53
2478,364
7070,472
1062,156
4714,315
708,104
3143,210
1416,208
6285,419
2832,416
5499,367
2832,416
786,53
3186,468
7856,524
708,104
4714,315
2478,364
7856,524
1770,260
4714,315
354,52
786,53
2124,312
7070,472
3186,468
7856,524
1416,208
3143,210
3186,468
7070,472
354,52
4714,315
708,104
5499,367
1416,208
3928,262
2478,364
4714,315
2478,364
7856,524
3540,520
6285,419
1416,208
6285,419
2832,416
3928,262
354,52
2357,158
1770,260
4714,315
2478,364
5499,367
1416,208
1572,105
1062,156
1572,105
2124,312
7856,524
3540,520
4714,315
1062,156
1572,105
2124,312
3143,210
1770,260
6285,419
1416,208
5499,367
2832,416
7856,524
3186,468
7856,524
3540,520
3143,210
1416,208
4714,315
708,104
7856,524
2832,416
6285,419
2478,364
1572,105
1416,208
7856,524
1416,208
7856,524
3186,468
7070,472
2832,416
7856,524
2832,416
3928,262
354,52
7856,524
2832,416
2357,158
1416,208
786,53
1416,208
7856,524
2124,312
2357,158
2478,364
5499,367
708,104
4714,315
1062,156
5499,367
1416,208
4714,315
354,52
5499,367
1416,208
4714,315
1416,208
4714,315
354,52
2357,158
3540,520
1572,105
2124,312
5499,367
3186,468
7856,524
1062,156
4714,315
1416,208
1572,105
1416,208
2357,158
3186,468
3143,210
1770,260
6285,419
1062,156
7856,524
354,52
7070,472
708,104
2357,158
1062,156
7856,524
2478,364
2357,158
3186,468
2357,158
2478,364
786,53
2124,312
3928,262
2124,312
786,53
1770,260
2357,158
1770,260
786,53
1062,156
2357,158
2478,364
5499,367
1416,208
1572,105
1770,260
3928,262
354,52
786,53
1062,156
4714,315
354,52
7856,524
3540,520
5499,367
1062,156
7070,472
1062,156
2357,158
1770,260
3928,262
2478,364
5499,367
1062,156
2357,158
3186,468
3928,262
1062,156
1572,105
2478,364
1572,105
2832,416
786,53
3540,520
2357,158
1416,208
786,53
1062,156
7856,524
1416,208
2357,158
1416,208
1572,105
354,52
3143,210
2124,312
786,53
354,52
1572,105
354,52
2357,158
3540,520
3143,210
1770,260
3143,210
1770,260
5499,367
1062,156
6285,419
708,104
4714,315
2832,416
2357,158
1062,156
7070,472
1416,208
6285,419
1416,208
3143,210
354,52
7070,472
2832,416
2357,158
3186,468
7070,472
1770,260
786,53
1770,260
786,53
354,52
3143,210
3186,468
7856,524
1062,156
7856,524
1416,208
7856,524
1416,208
3928,262
1770,260
1572,105
1770,260
2357,158
2124,312
3143,210
1062,156
7070,472
1062,156
7070,472
1416,208
7070,472
2832,416
4714,315
708,104
3928,262
708,104
1572,105
2478,364
1572,105
1062,156
5499,367
1770,260
4714,315
354,52
3928,262
354,52
2357,158
2478,364
1572,105
2124,312
1572,105
708,104
786,53
708,104
7856,524
1416,208
786,53
1062,156
2357,158
2832,416
7070,472
2124,312
4714,315
3540,520
3928,262
2478,364
7070,472
3540,520
3143,210
3186,468
7856,524
1770,260
7856,524
2478,364
3928,262
1062,156
2357,158
354,52
3928,262
3540,520
3143,210
708,104
786,53
2832,416
6285,419
2478,364
786,53
354,52
1572,105
708,104
3928,262
3540,520
3928,262
1770,260
4714,315
354,52
7070,472
1062,156
3143,210
2478,364
7070,472
1062,156
1572,105
1416,208
7070,472
1770,260
786,53
2478,364
7856,524
1416,208
7856,524
1416,208
3928,262
1062,156
6285,419
1416,208
3928,262
708,104
3143,210
1770,260
2357,158
2832,416
5499,367
2832,416
786,53
2124,312
4714,315
3540,520
1572,105
2124,312
1572,105
3540,520
3143,210
1416,208
7070,472
2124,312
2357,158
2478,364
5499,367
2124,312
5499,367
354,52
5499,367
3186,468
3928,262
3540,520
4714,315
354,52
6285,419
1416,208
3143,210
1416,208
3928,262
708,104
5499,367
2478,364
5499,367
2124,312
2357,158
708,104
1572,105
708,104
4714,315
354,52
6285,419
708,104
786,53
2124,312
4714,315
3186,468
4714,315
708,104
1572,105
2478,364
786,53
2124,312
2357,158
3186,468
3143,210
2832,416
2357,158
2478,364
786,53
708,104
3143,210
2478,364
2357,158
3186,468
786,53
1770,260
4714,315
3186,468
3928,262
1062,156
3928,262
1062,156
4714,315
1416,208
7070,472
3186,468
4714,315
2832,416
7070,472
3186,468
5499,367
708,104
786,53
2478,364
3143,210
2478,364
7856,524
1770,260
4714,315
1062,156
3143,210
2124,312
7070,472
3540,520
3928,262
708,104
786,53
1770,260
7070,472
708,104
4714,315
2478,364
3928,262
3186,468
3143,210
1770,260
6285,419
1770,260
3143,210
354,52
5499,367
2478,364
3928,262
1416,208
5499,367
2478,364
7070,472
3540,520
6285,419
3186,468
5499,367
2832,416
2357,158
2478,364
3143,210
1062,156
5499,367
1770,260
4714,315
2832,416
2357,158
1416,208
7856,524
3540,520
3143,210
2832,416
6285,419
2478,364
2357,158
2478,364
1572,105
1770,260
5499,367
2124,312
1572,105
3540,520
3928,262
708,104
6285,419
2124,312
1572,105
2832,416
7070,472
3186,468
6285,419
3186,468
4714,315
1416,208
5499,367
354,52
6285,419
1416,208
786,53
2478,364
3928,262
354,52
786,53
708,104
3143,210
2832,416
4714,315
3540,520
7856,524
1416,208
6285,419
1062,156
7070,472
1416,208
7070,472
1062,156
3143,210
2832,416
4714,315
2832,416
3143,210
354,52
3143,210
2124,312
6285,419
1062,156
2357,158
3186,468
5499,367
1416,208
3928,262
3186,468
4714,315
1416,208
786,53
2832,416
786,53
1770,260
4714,315
3540,520
4714,315
3186,468
786,53
1062,156
1572,105
708,104
5499,367
1062,156
4714,315
708,104
2357,158
708,104
1572,105
2478,364
3928,262
2124,312
3928,262
2124,312
6285,419
2478,364
3143,210
1416,208
3143,210
2478,364
3143,210
354,52
5499,367
2478,364
7856,524
708,104
1572,105
1416,208
2357,158
1062,156
786,53
354,52
4714,315
1770,260
5499,367
3540,520
7856,524
2478,364
3928,262
1416,208
2357,158
2478,364
1572,105
354,52
2357,158
3186,468
4714,315
354,52
3143,210
354,52
5499,367
2478,364
5499,367
3540,520
4714,315
2478,364
2357,158
708,104
786,53
2478,364
3143,210
1416,208
786,53
708,104
3928,262
708,104
7856,524
708,104
1572,105
1770,260
1572,105
708,104
7070,472
2124,312
7856,524
1416,208
3928,262
1062,156
6285,419
1770,260
5499,367
2124,312
4714,315
1416,208
3928,262
354,52
4714,315
2124,312
7856,524
2832,416
7070,472
1416,208
786,53
3540,520
1572,105
3540,520
2357,158
1062,156
3928,262
3540,520
6285,419
1770,260
3143,210
2478,364
6285,419
3186,468
786,53
2124,312
7856,524
3186,468
3143,210
708,104
5499,367
3186,468
2357,158
2478,364
3143,210
1770,260
5499,367
1062,156
6285,419
2124,312
786,53
3186,468
3928,262
1770,260
3928,262
1062,156
5499,367
1770,260
6285,419
2478,364
3143,210
1770,260
2357,158
1062,156
1572,105
2124,312
1572,105
1062,156
786,53
2478,364
3928,262
708,104
2357,158
2478,364
5499,367
708,104
2357,158
3186,468
4714,315
2124,312
4714,315
1416,208
3928,262
708,104
1572,105
1770,260
1572,105
708,104
6285,419
3186,468
7070,472
1416,208
2357,158
3540,520
5499,367
2124,312
3928,262
708,104
2357,158
2478,364
7070,472
354,52
4714,315
3540,520
2357,158
3540,520
3928,262
3540,520
786,53
2124,312
3928,262
2478,364
786,53
1770,260
1572,105
2478,364
1572,105
2124,312
7070,472
3186,468
2357,158
3186,468
5499,367
1062,156
7070,472
2124,312
4714,315
1416,208
3143,210
708,104
1572,105
1770,260
1572,105
1416,208
1572,105
1062,156
7856,524
1416,208
3143,210
708,104
2357,158
3186,468
7070,472
3540,520
7070,472
3186,468
7070,472
2124,312
3143,210
2124,312
7070,472
3186,468
5499,367
1770,260
786,53
2832,416
7856,524
3540,520
7070,472
2124,312
3143,210
2478,364
4714,315
2478,364
7070,472
3540,520
3143,210
354,52
6285,419
708,104
7070,472
2832,416
7070,472
2832,416
3143,210
2832,416
7856,524
3540,520
7070,472
1416,208
6285,419
3186,468
2357,158
2124,312
786,53
3540,520
7856,524
354,52
3143,210
1416,208
4714,315
3540,520
1572,105
2124,312
1572,105
2832,416
3143,210
2124,312
3928,262
2832,416
5499,367
1770,260
2357,158
1770,260
2357,158
3540,520
7856,524
354,52
7070,472
1770,260
2357,158
2478,364
6285,419
354,52
3143,210
3186,468
7856,524
1770,260
7070,472
1062,156
1572,105
3186,468
5499,367
354,52
3143,210
708,104
7856,524
1770,260
6285,419
1416,208
3928,262
354,52
5499,367
1770,260
1572,105
708,104
3143,210
2478,364
6285,419
2832,416
1572,105
2124,312
786,53
3186,468
3928,262
354,52
1572,105
3540,520
1572,105
2478,364
5499,367
3540,520
3928,262
3186,468
1572,105
3186,468
7070,472
1770,260
5499,367
708,104
786,53
2478,364
1572,105
3540,520
7856,524
708,104
1572,105
2478,364
7856,524
354,52
3143,210
2478,364
7856,524
354,52
1572,105
3186,468
786,53
354,52
4714,315
3540,520
5499,367
1416,208
3928,262
3540,520
3928,262
1770,260
7856,524
1416,208
3928,262
708,104
7070,472
354,52
4714,315
2832,416
7070,472
2832,416
3143,210
3186,468
3143,210
1416,208
2357,158
1416,208
786,53
1062,156
7856,524
3540,520
3143,210
708,104
2357,158
354,52
4714,315
1770,260
4714,315
2832,416
3928,262
3186,468
7856,524
1062,156
786,53
1416,208
5499,367
1416,208
2357,158
2124,312
4714,315
354,52
2357,158
2478,364
6285,419
1062,156
4714,315
708,104
2357,158
2124,312
4714,315
2832,416
7070,472
354,52
786,53
2124,312
1572,105
3540,520
1572,105
1416,208
3928,262
708,104
3928,262
708,104
786,53
3186,468
786,53
1062,156
1572,105
354,52
7070,472
3540,520
2357,158
3540,520
3143,210
3186,468
7856,524
3540,520
7856,524
708,104
5499,367
3540,520
7856,524
2124,312
5499,367
2478,364
7070,472
3540,520
3928,262
2478,364
2357,158
2478,364
5499,367
1062,156
4714,315
3540,520
786,53
1416,208
4714,315
2478,364
4714,315
708,104
5499,367
2124,312
2357,158
1416,208
3143,210
708,104
4714,315
3540,520
7070,472
708,104
6285,419
1062,156
7070,472
708,104
7070,472
1062,156
7856,524
3186,468
3928,262
1062,156
3928,262
3186,468
5499,367
3540,520
786,53
3186,468
786,53
708,104
2357,158
2124,312
2357,158
708,104
4714,315
3540,520
6285,419
3186,468
7856,524
3540,520
4714,315
1770,260
6285,419
2832,416
3928,262
2124,312
786,53
1416,208
7856,524
708,104
2357,158
708,104
7070,472
2832,416
6285,419
3540,520
3928,262
1770,260
7856,524
2478,364
7070,472
2124,312
4714,315
354,52
6285,419
1062,156
4714,315
1416,208
5499,367
2124,312
3928,262
354,52
3928,262
1062,156
2357,158
3540,520
7856,524
2478,364
786,53
1770,260
5499,367
2478,364
3928,262
1770,260
2357,158
354,52
1572,105
2124,312
7070,472
1416,208
4714,315
708,104
786,53
1770,260
6285,419
3186,468
1572,105
2832,416
2357,158
2832,416
1572,105
1416,208
786,53
1416,208
2357,158
1062,156
1572,105
2124,312
3143,210
708,104
7856,524
1062,156
786,53
3186,468
2357,158
354,52
786,53
2124,312
6285,419
2124,312
5499,367
2124,312
7070,472
2832,416
1572,105
3540,520
3143,210
1416,208
786,53
2124,312
786,53
3186,468
2357,158
3540,520
1572,105
2832,416
3928,262
3186,468
3928,262
1416,208
2357,158
1770,260
5499,367
1416,208
2357,158
2124,312
4714,315
1062,156
2357,158
708,104
1572,105
1770,260
786,53
2124,312
3928,262
3540,520
7070,472
708,104
3928,262
2478,364
3928,262
2124,312
6285,419
2832,416
3928,262
354,52
6285,419
354,52
4714,315
1062,156
7856,524
3186,468
1572,105
1416,208
3143,210
3540,520
5499,367
3186,468
4714,315
708,104
3928,262
2832,416
7070,472
1416,208
2357,158
708,104
6285,419
1770,260
7856,524
3186,468
7070,472
1770,260
786,53
1062,156
7856,524
2478,364
7856,524
2832,416
1572,105
708,104
3928,262
1416,208
3143,210
708,104
7070,472
2478,364
1572,105
1416,208
5499,367
2478,364
7856,524
2478,364
7856,524
2478,364
3928,262
3186,468
786,53
3540,520
4714,315
2832,416
5499,367
2478,364
5499,367
1770,260
3928,262
3186,468
3928,262
2832,416
7070,472
354,52
3143,210
354,52
7856,524
354,52
4714,315
3540,520
3928,262
2478,364
4714,315
3540,520
7856,524
3540,520
3928,262
354,52
786,53
2124,312
7070,472
2124,312
2357,158
1770,260
786,53
3540,520
6285,419
354,52
5499,367
2832,416
3928,262
3540,520
3928,262
3186,468
7070,472
354,52
6285,419
354,52
6285,419
3186,468
1572,105
354,52
3928,262
3186,468
7070,472
1416,208
3928,262
2124,312
2357,158
354,52
7856,524
2832,416
7070,472
1062,156
5499,367
1416,208
7070,472
1062,156
6285,419
3540,520
6285,419
354,52
7070,472
3540,520
5499,367
3540,520
4714,315
708,104
3143,210
3540,520
5499,367
1416,208
1572,105
1770,260
7070,472
2832,416
7070,472
2832,416
7070,472
3540,520
4714,315
2478,364
4714,315
3186,468
786,53
2478,364
6285,419
2124,312
786,53
708,104
6285,419
1062,156
786,53
2478,364
4714,315
1416,208
7856,524
708,104
1572,105
1770,260
6285,419
3540,520
7856,524
354,52
4714,315
354,52
3928,262
2124,312
3143,210
2478,364
6285,419
3186,468
786,53
2478,364
7070,472
2832,416
5499,367
2832,416
7070,472
708,104
4714,315
1416,208
4714,315
2832,416
1572,105
1770,260
5499,367
3540,520
1572,105
2124,312
786,53
1770,260
4714,315
708,104
7856,524
708,104
5499,367
3540,520
7856,524
354,52
3928,262
2124,312
7070,472
708,104
3143,210
3186,468
4714,315
354,52
3928,262
2478,364
7856,524
2124,312
1572,105
1062,156
3928,262
1770,260
7070,472
2124,312
786,53
2124,312
6285,419
354,52
1572,105
1416,208
5499,367
2832,416
7070,472
1770,260
3928,262
2832,416
3928,262
2124,312
5499,367
1770,260
2357,158
354,52
1572,105
354,52
7856,524
2478,364
3928,262
708,104
7070,472
1770,260
7070,472
3540,520
6285,419
354,52
4714,315
354,52
1572,105
2124,312
3143,210
3540,520
7070,472
2478,364
7856,524
3540,520
7070,472
1770,260
786,53
3540,520
7070,472
354,52
3928,262
1770,260
786,53
3186,468
2357,158
2124,312
7070,472
2832,416
7856,524
3186,468
5499,367
1770,260
3928,262
708,104
7070,472
354,52
5499,367
2478,364
3143,210
2478,364
4714,315
1062,156
5499,367
708,104
7856,524
2478,364
7856,524
2124,312
3143,210
354,52
786,53
3186,468
7070,472
354,52
786,53
354,52
2357,158
2478,364
6285,419
1062,156
7856,524
1062,156
6285,419
1416,208
4714,315
3540,520
7856,524
1062,156
3928,262
1062,156
7856,524
1416,208
786,53
354,52
4714,315
1062,156
4714,315
1416,208
786,53
1062,156
4714,315
1770,260
7856,524
708,104
3928,262
2478,364
3928,262
2478,364
5499,367
2478,364
7070,472
1416,208
786,53
1062,156
3143,210
2124,312
1572,105
1062,156
5499,367
2478,364
7856,524
354,52
2357,158
354,52
2357,158
708,104
6285,419
708,104
3143,210
1770,260
4714,315
2478,364
6285,419
1770,260
2357,158
354,52
3928,262
2832,416
7856,524
2832,416
2357,158
2478,364
7856,524
1416,208
4714,315
2124,312
786,53
708,104
6285,419
1062,156
3143,210
1770,260
2357,158
2478,364
5499,367
2832,416
2357,158
3186,468
3143,210
1770,260
3143,210
3186,468
3928,262
1770,260
4714,315
708,104
7856,524
1416,208
7856,524
2478,364
2357,158
708,104
4714,315
3186,468
7856,524
2832,416
4714,315
3186,468
786,53
1416,208
6285,419
1062,156
2357,158
3186,468
2357,158
3540,520
786,53
3186,468
7856,524
3186,468
5499,367
354,52
7856,524
708,104
7070,472
3540,520
7856,524
2832,416
1572,105
3540,520
7070,472
3540,520
2357,158
2478,364
3143,210
2478,364
7070,472
2478,364
1572,105
1416,208
3928,262
2478,364
786,53
2478,364
4714,315
354,52
3928,262
3540,520
786,53
2124,312
3143,210
1416,208
2357,158
1770,260
7856,524
1062,156
7856,524
3540,520
3928,262
1770,260
7070,472
1416,208
786,53
354,52
7856,524
2832,416
7070,472
2124,312
6285,419
2124,312
3928,262
708,104
2357,158
708,104
2357,158
3540,520
3143,210
1062,156
7070,472
3186,468
7856,524
1770,260
1572,105
1062,156
7856,524
1770,260
1572,105
3540,520
3143,210
2478,364
2357,158
2832,416
7856,524
2478,364
7856,524
3186,468
5499,367
1416,208
7070,472
2478,364
7070,472
3540,520
2357,158
1062,156
1572,105
3186,468
2357,158
1416,208
3928,262
1062,156
7070,472
1416,208
7856,524
3186,468
4714,315
3540,520
7070,472
1416,208
5499,367
3540,520
3928,262
1416,208
4714,315
354,52
4714,315
354,52
4714,315
1062,156
5499,367
2124,312
786,53
2124,312
7856,524
1062,156
2357,158
2832,416
3928,262
2478,364
5499,367
1062,156
3143,210
2478,364
7070,472
2124,312
2357,158
2124,312
7070,472
2124,312
8661
8218
7104
7095
7872
8972
7322
8858
8783
7085
8193
8202
7861
8086
7210
7703
6840
8026
8855
7336
8783
7015
7199
6513
8633
9475
7957
7115
6807
8821
9437
9011
7161
9316
9385
8475
7002
8967
9178
8721
6722
6470
6484
8086
8630
9424
8442
9057
8899
9422
8254
6359
7470
9309
7009
8192
8611
7517
6658
8643
9182
9186
9353
7699
6664
8546
9481
6846
6590
6714
7952
8490
7458
6778
6550
7802
8334
8108
6936
8157
6520
9055
8606
8447
8153
7937
8898
8132
7054
7461
6436
8535
7638
8261
7221
6428
7073
9193
7732
7801
7549
7157
7115
8455
6696
6677
7549
7406
9131
6889
8530
8926
7904
8116
8725
8480
7280
6808
7305
6386
6476
9263
9368
9457
7859
8013
7720
8726
9284
6565
6567
7501
9297
8433
9048
8993
7607
6414
6484
7719
7036
8568
6642
7841
7321
7948
6449
8395
9081
8945
7811
7540
9249
7609
8336
9190
9294
8802
6789
9384
8647
8643
8473
8475
6404
7369
8581
7161
7925
8286
7793
8203
9202
9229
7681
6594
7824
8277
7947
8410
8482
8435
8663
7492
7505
8312
8186
7184
6647
8207
7300
6843
8855
6516
6684
6479
7931
7519
8023
6618
9336
7076
7462
6846
7829
8376
6984
8235
7099
7675
8074
7101
9183
8766
7497
9167
8235
6501
7194
8665
8679
6404
6617
7079
9033
8506
7809
8414
8077
8585
7084
7748
8815
8687
6794
8072
8825
8865
7494
7683
8850
6342
6444
8596
7317
8452
6921
6425
8178
7060
6797
8862
7134
6911
8000
8588
8558
6550
6956
8366
7114
7149
7868
9438
7453
7638
9152
9348
8669
6781
8459
8389
6671
8455
9062
9368
7185
8382
8219
6374
7376
7605
8096
7018
8497
6787
7721
9364
7167
7991
9321
8224
6401
8167
7247
7064
6800
7934
8439
8986
8610
7438
9167
7886
6996
7449
9018
6363
9478
7188
7526
6980
7383
6480
8862
6664
9488
8529
7808
8829
6710
8016
6700
9081
8870
8106
7338
8888
6509
6678
7614
8950
6772
8067
6419
8870
6925
7935
6676
8303
8627
7813
8668
7964
8792
9254
6350
7664
6422
9369
7533
8915
9195
8304
8425
6562
9443
9032
8029
6720
9332
7237
8086
6950
9289
6596
8127
6521
9506
8964
7102
8981
9142
8988
6373
7507
6738
7842
7076
8845
8211
9020
9412
9299
6813
8333
9174
8482
6535
6595
8487
7100
6363
6883
8106
8414
7547
9130
8019
8094
6948
9011
7861
8449
7023
7588
8957
7785
6802
8610
8586
8085
7932
8229
8593
6496
8546
9222
7731
7193
7297
7436
8687
8010
7601
7375
6483
9164
8651
9436
9390
8148
8200
8081
7883
9010
6572
7457
7326
6621
7789
8993
7417
7659
8118
9412
8550
9437
7741
7181
9510
8375
9157
9509
9102
7115
6494
6775
6730
8605
8342
7317
9454
7878
7474
8004
9165
9009
6819
8149
7100
7028
7633
6440
8871
8102
9422
9068
6915
6925
8379
8817
6528
8043
8789
7892
7454
7393
8195
7480
7830
8942
7373
6813
9316
7716
6786
8545
6432
7202
7915
7651
6379
9299
7960
7336
6549
6705
9367
7756
7025
7211
9289
8538
8334
7054
7373
8663
8389
6910
7696
8229
8891
8502
7618
7627
8313
7664
7788
8550
8348
6769
9109
7351
8858
7502
7576
9209
8158
8150
9196
7457
6836
6412
7610
8264
9146
8431
8866
8036
6997
7501
7000
9098
8234
7919
7325
8921
8562
7533
7384
6978
6992
9457
9318
7639
9028
7750
8843
6784
8967
7092
8904
6349
8824
8760
7822
9084
8732
6826
6761
9232
7898
8014
8843
6634
7894
8479
8322
6389
8038
8035
8024
8381
7602
7692
8681
8229
9021
7623
7529
8756
9219
7195
8865
8538
8742
8736
7576
7688
8686
8207
7761
6436
7156
7938
8707
7471
7944
7868
9409
7289
7560
8030
7427
8536
9296
7696
7236
7130
9204
7147
6682
7774
8010
8552
9427
9213
9264
8944
9495
9376
7927
7760
8433
8805
8194
6751
7636
6878
6414
9363
8755
7138
8564
8796
9206
8724
8350
7129
8278
7200
8446
7585
8275
6680
9182
7775
8088
7388
7314
8339
7125
6917
6343
8110
8821
8632
6565
6901
8222
7009
6897
7408
6681
8526
6872
8772
9208
7640
8157
6372
8788
6683
9224
9398
9128
7693
6396
7777
7912
6357
6350
6948
7828
6418
6370
9090
6652
7343
6400
7679
6957
8995
6887
7034
8207
7136
8825
6939
8038
6953
9318
7276
8840
6950
6382
9237
6866
6348
6717
8247
7103
6547
6529
9223
8101
7698
9162
8949
7929
6352
7630
8365
7099
7775
7815
6392
7157
6551
7396
7892
8530
8487
7698
9267
7473
7086
9088
7188
8660
7019
7156
7612
8230
7820
6684
8450
6845
8916
7506
6493
8230
6983
8470
7961
8072
9412
9196
9409
6420
7535
8009
8508
9146
7723
7434
7301
9147
6524
6642
6379
8881
6369
9069
9197
7197
8575
8127
7653
