483,444
618,533
98,168
50,2
395,469
1000,900
289,200
306,368
216,215
588,607
670,623
397,441
618,708
203,236
183,132
620,702
797,840
903,985
56,-15
479,435
924,950
106,201
797,796
945,933
93,75
926,849
29,84
211,211
196,173
431,350
351,405
882,921
953,1037
198,111
716,807
709,775
714,801
450,385
224,273
518,599
785,697
532,446
525,481
169,184
204,155
103,35
202,189
695,741
552,460
774,868
390,387
479,401
760,820
655,688
662,733
989,1084
6,-66
189,216
149,87
648,618
561,476
560,629
1000,1039
622,555
2,44
96,96
417,514
438,440
85,64
92,26
357,421
717,725
963,1009
703,726
117,158
288,204
406,380
749,774
669,587
284,229
984,1063
921,914
986,950
548,634
88,37
715,780
36,-37
831,743
544,478
207,264
470,549
287,305
65,68
259,212
337,412
282,206
755,677
305,238
713,621
143,187
384,398
578,603
410,426
367,321
377,391
446,418
482,419
525,516
140,133
801,751
657,562
294,318
838,745
108,116
295,377
591,501
944,930
513,571
829,847
225,310
461,459
600,549
813,849
742,672
821,778
82,164
726,671
152,107
324,321
530,596
946,1031
957,876
662,569
956,866
480,408
505,492
178,160
536,596
484,438
590,540
749,654
937,863
994,898
445,399
454,437
365,462
274,313
181,199
760,722
968,1022
118,179
480,539
513,413
206,206
244,167
376,292
573,618
562,553
68,130
32,105
336,240
191,156
739,676
206,240
864,842
75,147
100,21
686,769
713,695
737,723
623,700
804,867
702,786
16,49
681,616
643,723
11,39
824,768
481,402
517,602
688,708
990,912
91,85
959,932
985,1052
997,985
758,835
890,871
525,524
420,491
836,934
494,518
483,404
267,307
1,39
542,630
992,1061
310,388
889,876
649,672
915,1000
578,513
836,781
374,327
144,207
516,572
165,189
104,26
462,432
540,519
631,655
434,379
716,626
194,291
579,585
334,350
379,432
144,159
880,796
682,601
489,421
384,434
490,422
898,865
326,387
75,-9
818,783
91,152
396,311
493,413
946,1043
547,565
522,484
420,479
229,237
664,581
329,254
690,714
161,240
805,762
235,218
209,187
218,186
530,496
74,102
265,240
481,442
919,948
779,817
973,1014
249,275
88,72
144,210
971,1060
597,561
118,208
412,498
172,138
268,323
588,638
347,363
694,703
474,386
416,511
133,213
114,204
598,587
400,436
787,803
705,619
249,307
886,905
389,443
430,363
999,1056
120,60
174,114
920,842
342,391
306,310
338,255
5,13
863,915
968,1059
328,355
298,326
269,199
467,499
222,129
662,609
900,979
461,454
692,648
797,803
685,711
785,740
890,907
915,823
382,439
840,927
128,138
73,159
558,620
445,513
245,227
51,137
810,781
382,432
539,491
338,293
146,231
351,261
280,330
448,441
898,875
919,904
728,669
406,478
473,483
478,533
170,156
350,301
871,959
987,900
9,-61
695,763
624,703
888,926
807,714
997,943
248,311
840,877
218,140
590,550
685,755
780,833
261,273
199,191
627,622
213,151
41,133
200,190
859,840
59,-2
635,679
485,400
688,787
592,680
498,416
596,642
837,809
805,790
77,128
749,733
13,22
440,380
181,223
719,663
875,804
29,-16
696,661
241,315
55,-28
88,39
930,985
185,129
913,980
32,80
813,729
316,251
558,475
564,612
250,321
260,358
841,817
689,707
604,641
8,32
173,178
486,520
941,863
255,240
246,261
707,661
709,707
985,1042
158,205
113,188
934,891
884,790
570,649
478,390
377,447
497,437
647,653
626,577
6,62
523,605
485,491
789,858
818,755
815,741
799,839
834,868
804,819
642,655
683,597
214,128
986,1072
827,838
824,799
2,-40
87,161
443,518
781,715
27,22
864,808
79,29
43,-5
316,326
79,19
239,217
799,743
568,594
431,503
410,335
985,925
810,742
152,225
39,61
753,688
783,790
306,224
685,645
195,232
577,529
748,731
274,278
968,882
51,-27
203,235
795,828
842,893
523,553
757,731
432,463
61,102
441,496
494,438
900,872
585,514
948,925
548,543
796,818
86,137
223,265
108,134
940,985
276,374
5,64
959,1028
474,536
483,390
506,428
144,193
226,261
285,238
850,852
968,912
395,384
634,704
506,498
36,133
552,473
871,953
460,426
624,579
679,659
879,879
214,135
969,927
590,655
838,893
737,715
110,48
41,26
642,689
898,986
253,225
993,950
263,265
592,607
941,992
267,321
444,512
554,516
29,43
607,700
514,610
406,385
422,361
686,658
733,793
844,889
334,424
452,502
634,617
24,30
65,129
929,852
524,520
299,300
189,184
169,259
1,59
351,252
697,683
372,456
793,872
784,768
208,111
966,930
527,465
520,573
361,330
961,1034
39,-42
47,101
526,429
787,800
58,47
268,189
267,264
578,498
532,463
377,386
185,273
598,692
687,600
559,573
912,905
593,495
446,384
672,771
899,945
865,809
380,384
342,316
540,542
251,273
37,-12
116,21
187,123
738,764
778,808
738,696
629,578
830,916
544,559
436,467
266,319
240,169
381,452
543,551
350,447
36,-1
287,306
984,999
89,7
361,295
351,396
827,842
121,24
650,671
63,-32
887,978
177,108
119,163
644,704
144,92
723,698
250,323
633,651
599,676
173,123
905,967
26,78
22,-51
206,303
625,541
506,558
85,28
902,970
575,665
725,712
244,240
768,775
429,486
242,160
864,958
893,803
310,216
246,221
194,222
566,658
231,234
5,-17
891,892
527,512
536,596
845,749
333,430
672,733
64,139
866,794
712,705
373,440
304,243
195,250
393,357
520,535
364,377
749,719
255,222
28,82
477,391
446,346
716,768
298,385
872,813
686,668
660,672
271,195
962,915
157,162
334,408
854,765
252,322
195,158
515,518
411,395
35,13
47,-8
723,686
651,566
208,295
458,540
537,522
198,171
912,867
142,233
948,848
372,363
233,293
458,506
465,425
589,597
89,167
927,945
632,631
96,26
67,2
203,122
75,69
21,87
379,472
131,176
741,789
330,232
343,332
388,450
932,1021
927,926
777,831
412,313
915,974
287,357
245,178
31,64
958,885
738,695
871,960
902,818
639,572
897,990
989,936
38,32
306,382
856,927
146,93
475,417
659,582
317,329
56,154
966,1039
929,992
302,363
595,532
936,994
575,623
818,789
932,952
323,249
42,-58
353,307
597,608
375,411
433,515
784,846
270,302
136,63
821,792
978,1033
543,584
21,117
572,501
24,88
604,533
760,719
214,176
575,526
853,900
216,257
815,814
468,412
677,599
262,186
832,798
969,932
594,652
184,218
72,166
822,880
631,712
346,269
727,795
166,194
624,628
297,370
329,322
413,351
297,347
70,-24
54,-1
235,256
972,1049
464,531
736,724
825,827
645,668
117,123
384,440
490,462
841,829
269,263
786,826
512,479
391,339
817,839
813,875
794,813
900,903
814,716
513,439
522,593
103,109
250,341
258,160
414,362
113,210
660,717
760,761
971,918
53,37
93,44
357,358
454,467
58,15
213,218
464,509
472,500
848,833
641,612
4,8
744,831
639,639
764,694
222,179
392,304
329,254
708,762
90,59
286,366
519,569
234,203
986,1010
4,18
337,298
556,564
283,286
409,335
360,303
790,777
226,240
140,55
228,154
403,485
861,777
580,657
650,559
791,726
309,339
924,990
947,1014
83,63
987,1033
123,80
249,172
349,301
770,756
120,88
331,363
428,349
180,145
381,454
388,360
86,179
196,266
45,22
239,185
219,130
528,481
968,956
76,27
327,382
380,472
399,494
692,655
904,903
737,662
742,744
2,-63
326,311
51,94
476,551
917,931
172,230
428,446
419,513
753,727
647,708
72,82
933,858
87,178
82,57
817,869
651,615
930,1012
431,435
801,744
501,449
631,702
691,639
756,753
821,880
694,720
482,508
395,315
944,901
23,-9
53,81
291,358
940,966
563,637
450,425
242,191
97,59
360,419
756,811
198,280
77,129
467,533
690,596
416,373
117,42
877,854
843,809
436,444
407,453
387,305
793,782
122,165
491,527
85,32
354,355
119,85
483,551
511,587
543,499
499,478
134,184
281,325
678,690
586,588
214,237
808,817
74,27
687,664
46,-53
904,812
315,349
506,441
988,1076
27,29
862,907
855,889
659,694
856,869
666,669
517,545
625,571
627,712
208,264
47,88
925,979
278,207
697,759
775,792
376,389
148,164
303,303
822,757
912,839
957,879
545,459
821,825
481,502
833,800
301,276
215,193
878,969
738,811
291,259
39,-38
502,567
809,757
256,268
852,910
946,929
707,762
703,621
966,1050
820,905
466,507
815,810
805,846
331,335
830,917
82,26
34,53
174,142
505,518
343,360
46,-11
802,812
465,405
218,162
458,506
572,569
282,340
150,69
457,466
996,1036
237,168
27,113
889,803
77,94
810,722
238,329
445,433
515,487
162,160
200,228
786,802
328,268
584,538
492,428
996,1064
257,229
474,450
87,125
404,376
924,1020
912,968
226,166
680,648
309,316
400,448
945,1015
213,170
211,277
150,231
686,642
627,539
645,572
730,726
696,690
482,577
775,811
38,27
863,845
458,382
565,631
747,693
987,1062
180,206
938,1009
646,584
964,876
837,928
623,642
808,895
937,892
881,942
512,423
47,100
560,467
742,783
140,158
911,956
672,708
121,107
730,706
279,272
863,776
804,776
438,454
484,410
720,776
634,637
431,367
228,231
884,937
147,97
516,558
105,178
815,882
781,772
909,920
718,708
271,367
986,916
590,545
659,683
372,273
260,318
353,269
935,882
680,773
450,508
410,376
556,550
753,761
325,393
438,413
217,277
119,33
679,674
759,825
286,191
214,268
18,-49
754,846
320,312
226,138
129,214
679,660
628,709
826,924
171,162
937,948
224,144
554,525
211,233
640,733
921,967
780,737
476,485
324,234
486,415
973,1061
705,753
906,865
931,967
495,566
666,636
701,692
171,208
536,516
642,542
358,395
973,893
549,549
748,666
528,558
941,864
447,521
286,382
77,-1
519,458
367,305
804,723
745,723
928,1027
200,197
922,942
256,169
193,136
980,1066
276,235
775,802
865,896
259,220
676,643
589,675
406,358
650,568
604,687
198,160
821,869
102,22
812,836
99,145
706,775
961,933
776,855
499,485
771,699
537,454
249,173
960,948
691,623
396,479
672,594
298,373
172,186
575,539
579,564
400,332
433,450
358,424
647,745
73,15
247,190
200,134
76,96
769,729
64,4
216,269
161,191
27,120
595,523
611,622
403,496
942,964
91,144
395,322
634,626
647,722
756,768
421,378
35,33
530,441
737,772
956,866
924,996
630,675
163,92
931,907
556,651
865,792
54,14
930,994
303,211
444,470
279,338
98,36
55,57
457,375
933,934
392,451
662,580
106,144
36,15
890,791
337,376
47,-7
915,875
348,318
927,834
289,336
252,310
370,438
447,511
646,585
711,774
671,722
657,739
958,1018
654,698
346,309
91,165
740,821
690,684
869,852
234,244
833,896
814,799
918,978
559,479
210,204
860,946
50,46
139,138
109,111
997,990
386,305
131,212
303,385
441,367
500,468
642,582
784,684
361,334
391,447
316,321
981,995
161,178
235,256
758,685
941,1000
799,892
899,811
805,867
340,405
348,408
261,317
862,818
786,838
127,161
112,14
857,776
556,617
570,564
215,212
723,669
646,586
670,601
580,495
755,660
172,241
726,665
850,833
739,768
253,255
977,1040
67,113
65,-23
187,249
340,363
615,685
374,421
877,956
197,216
248,293
479,574
118,165
472,440
172,107
151,151
741,747
541,602
307,377
954,946
358,371
132,64
47,42
635,660
592,548
697,734
633,679
355,386
394,488
538,588
979,897
778,761
328,317
550,621
270,211
533,544
502,543
71,157
925,983
838,782
412,459
757,849
521,620
822,753
327,237
861,945
983,920
7,4
461,379
635,711
264,352
501,520
314,225
427,519
788,797
891,831
181,122
566,659
373,406
830,758
174,137
806,726
909,881
522,595
631,634
45,91
687,617
95,22
459,468
192,230
798,765
309,265
236,303
642,655
725,797
642,578
281,261
19,-51
720,723
255,242
420,504
17,6
499,443
67,125
869,812
555,511
15,-85
775,769
822,872
454,438
683,686
791,838
876,844
820,902
988,949
7,-3
269,364
550,526
687,621
578,570
649,558
277,369
487,562
189,167
317,369
162,140
289,258
53,26
272,189
520,546
24,-24
956,918
173,84
852,927
7,86
199,133
445,464
348,373
160,91
249,347
568,628
925,857
606,579
78,25
14,-10
661,709
305,295
8,-46
258,288
822,763
421,405
964,923
17,19
307,379
12,26
707,646
174,248
792,755
844,803
900,974
751,810
936,876
424,438
989,989
279,348
556,650
646,678
942,948
170,257
540,629
308,382
455,449
180,99
707,698
660,740
92,152
259,308
158,121
172,145
756,665
254,161
941,948
352,360
367,361
270,369
848,886
769,803
755,829
747,794
639,590
593,573
718,648
259,166
664,747
212,212
138,173
484,517
976,921
210,231
777,809
72,-12
596,551
569,522
12,16
826,909
86,147
642,583
26,-22
305,351
882,918
159,245
60,123
283,362
86,151
628,575
54,104
90,27
856,776
326,294
804,803
319,395
333,287
659,600
577,513
950,950
264,301
719,802
113,119
433,475
32,-55
723,781
272,294
49,118
369,442
793,888
228,164
785,818
567,565
366,272
792,823
538,559
56,-9
221,237
210,280
222,173
310,360
475,463
7,105
967,1027
722,784
95,44
680,644
581,585
475,413
830,904
127,203
91,105
471,394
415,328
335,264
378,397
463,493
448,434
235,184
113,194
582,624
231,211
187,199
775,853
709,758
992,940
906,943
417,402
615,531
209,254
942,874
114,195
447,541
145,160
895,882
695,619
63,24
997,939
143,110
702,655
177,83
13,16
266,183
195,152
81,138
194,147
556,545
992,1025
249,331
573,631
965,896
89,51
29,99
962,994
294,323
612,540
763,668
8,-90
48,28
72,89
149,49
947,968
984,1076
799,756
906,975
495,462
800,747
875,954
796,867
762,756
121,173
2,25
839,858
723,680
315,352
65,112
992,940
575,581
65,-28
677,652
664,620
151,59
693,697
546,643
131,60
154,238
48,113
468,399
806,881
991,930
718,663
681,724
437,504
892,862
107,110
764,829
746,838
932,979
287,370
167,255
380,359
632,725
113,15
972,1003
869,838
665,698
131,229
545,623
388,474
992,995
505,535
541,509
748,650
297,388
153,130
731,651
288,375
897,952
981,1004
455,495
136,188
166,209
143,240
134,94
155,205
763,862
46,-15
607,525
311,240
40,-42
878,883
896,960
314,409
946,957
909,951
12,98
45,-22
836,791
470,502
215,238
382,464
835,750
175,137
968,893
251,263
422,446
555,591
287,269
205,124
443,466
423,493
397,468
385,471
55,-5
324,291
883,913
764,717
846,830
120,25
450,540
68,127
746,704
407,480
134,157
343,423
569,652
240,254
983,1050
818,798
99,133
664,734
509,474
160,62
723,778
285,196
863,813
282,196
394,436
148,113
828,798
2,21
334,415
84,7
195,247
13,1
252,328
232,319
850,910
341,292
775,792
395,313
893,856
157,178
185,242
638,581
601,672
396,356
232,278
673,675
953,928
43,6
844,916
715,780
476,462
881,832
415,435
294,372
236,158
918,828
804,790
470,452
992,1062
920,822
563,543
298,236
134,54
939,945
468,417
784,878
64,44
838,844
696,738
837,814
535,457
27,-70
460,491
946,884
234,153
86,82
94,92
966,951
476,445
458,514
973,1048
508,552
286,309
253,256
954,992
555,572
810,822
639,711
379,309
628,679
951,1043
518,526
122,168
430,332
630,708
520,560
683,597
174,236
637,730
756,754
888,973
891,806
58,-13
187,231
674,715
676,590
966,947
517,491
357,383
456,426
376,368
980,984
672,637
472,554
853,929
101,72
982,1038
428,471
522,470
904,827
834,775
607,666
770,740
145,104
404,493
868,861
239,239
280,289
954,1051
314,317
837,886
573,596
404,458
31,-15
914,842
138,97
298,324
964,987
237,139
457,513
1,-75
74,77
540,455
90,23
966,1003
343,387
695,784
160,222
650,728
554,514
567,511
470,461
922,878
534,615
283,365
428,381
404,458
820,785
68,105
42,53
942,913
920,858
181,179
95,163
333,301
564,477
495,451
36,-53
976,913
27,23
570,652
503,573
733,794
182,251
997,898
365,412
923,912
496,401
330,396
340,244
758,782
980,1065
636,686
271,309
380,418
213,122
390,380
949,925
247,303
588,682
984,895
382,412
514,435
305,268
141,65
881,894
9,27
123,112
124,206
3,-34
17,101
634,557
410,401
3,102
791,880
72,20
459,408
829,762
606,613
565,482
109,191
20,-48
970,947
291,355
296,377
992,996
625,648
375,409
725,658
48,113
150,75
492,500
994,894
784,796
30,-26
920,912
100,141
441,433
16,54
106,64
30,22
588,557
701,728
919,938
361,380
24,32
436,423
104,162
847,761
6,83
384,474
188,195
110,164
849,909
146,108
231,301
588,609
437,448
252,309
801,738
971,1055
57,40
618,563
359,457
875,917
519,586
358,373
40,91
891,900
258,294
163,171
472,379
714,800
903,931
453,459
427,370
877,852
738,659
831,866
431,367
396,344
333,335
355,295
276,224
985,1028
306,377
708,654
817,796
675,577
845,825
652,595
643,732
261,169
385,341
27,85
873,937
599,510
31,35
948,1038
989,989
106,21
566,480
222,251
417,504
843,860
850,812
389,384
808,714
874,911
270,258
493,500
591,650
186,165
196,138
252,202
57,17
180,164
789,788
408,311
919,849
312,227
162,172
207,235
216,145
81,52
899,907
588,684
640,653
353,306
584,652
474,416
861,834
275,324
293,216
233,263
320,270
597,562
627,654
225,138
688,671
134,128
344,409
848,791
694,710
795,830
623,529
841,741
372,354
185,234
144,220
69,154
160,176
264,179
124,188
592,686
352,368
790,794
395,298
579,521
332,427
192,181
245,180
877,868
290,239
622,526
886,847
486,428
157,183
732,742
964,1003
752,751
728,739
416,487
296,351
373,337
129,68
280,300
152,106
72,55
523,557
552,602
26,44
52,24
966,904
733,705
18,-66
461,442
982,1054
928,1023
204,246
459,470
100,105
41,-15
230,290
288,299
503,440
313,387
488,549
823,894
164,232
664,628
315,264
950,987
68,158
896,956
370,400
884,928
864,865
939,872
679,715
295,373
870,833
438,369
975,1052
559,532
551,490
619,653
745,651
597,679
7,99
531,532
819,780
50,65
270,361
373,326
508,476
546,521
26,-27
367,380
833,851
813,766
454,500
366,368
988,951
547,601
302,311
171,121
75,144
605,593
776,731
88,62
580,483
812,765
1000,1096
757,703
661,586
444,418
962,917
740,762
339,331
121,188
375,368
864,951
593,682
477,457
459,369
998,1051
202,228
1000,1000
626,636
171,111
586,634
687,679
810,868
959,881
98,102
177,236
377,420
656,610
155,102
779,730
748,834
140,78
730,797
351,395
253,172
134,213
263,191
587,497
258,346
973,1054
300,350
444,362
650,643
266,204
673,600
90,40
707,762
919,847
763,708
455,393
353,285
435,463
109,160
129,186
428,495
698,660
228,303
574,515
101,79
741,810
834,865
370,294
789,828
490,454
193,122
362,269
515,434
688,683
837,792
826,821
955,907
623,604
185,253
840,844
60,91
426,480
351,267
61,35
721,644
641,701
259,182
325,402
700,690
156,155
580,652
372,372
228,274
440,523
349,303
885,798
847,926
871,882
940,1028
140,153
80,136
522,468
578,574
646,615
30,48
932,920
853,889
270,311
403,396
747,772
256,335
665,730
698,780
183,95
541,450
265,227
784,881
55,-22
464,444
749,784
91,58
700,778
262,277
476,408
87,43
665,574
918,928
827,873
465,513
784,858
798,747
517,540
853,880
489,473
423,419
180,218
58,149
971,1050
739,827
230,157
849,837
642,683
403,334
263,200
98,25
824,769
620,562
761,735
64,73
904,828
977,970
285,380
368,427
389,457
911,863
188,180
161,193
14,108
234,138
971,1065
491,429
919,926
49,-39
459,470
410,470
522,562
480,577
247,311
460,441
511,584
670,746
978,1025
191,280
57,146
453,422
416,426
704,729
957,860
469,476
136,212
722,816
68,136
625,628
601,601
480,408
978,931
91,71
431,339
233,151
924,903
91,112
727,649
421,354
56,89
38,-15
149,169
224,256
773,753
831,783
19,104
515,542
580,664
946,863
14,-45
875,912
758,725
945,862
844,744
892,840
714,645
862,845
100,119
164,164
740,836
888,812
122,33
540,483
34,55
684,755
354,273
792,876
39,54
926,827
570,497
895,836
595,644
903,913
815,818
49,-32
788,771
219,296
546,619
864,831
184,191
174,99
784,779
393,455
420,404
739,767
196,268
134,78
890,969
44,121
402,451
582,564
214,211
933,911
216,302
900,800
133,192
884,927
34,-37
654,670
271,243
793,768
163,193
909,826
16,18
674,646
428,454
339,317
254,248
571,627
223,203
784,861
924,846
489,409
973,953
45,12
544,599
486,557
34,-20
929,982
952,992
511,585
533,525
882,968
723,694
279,275
10,-6
301,288
860,909
823,901
917,928
67,49
644,544
431,456
77,68
341,339
213,120
182,242
168,124
485,470
787,759
64,143
681,729
194,102
952,1003
627,539
66,77
659,733
263,271
205,130
304,352
627,709
85,170
895,820
817,869
203,132
65,0
146,109
524,590
507,418
925,994
430,394
335,332
33,-54
470,528
14,58
471,546
146,140
169,191
196,263
914,903
172,254
772,796
559,548
223,226
933,975
26,-33
234,210
541,550
679,760
308,229
138,197
765,811
281,303
134,120
432,407
821,881
428,494
376,362
388,382
915,910
972,896
581,609
60,7
446,455
708,696
283,222
547,530
244,314
505,562
635,593
149,174
374,334
728,689
965,1018
514,546
641,662
60,41
322,325
53,-16
69,163
23,68
882,797
660,703
371,468
205,108
390,458
591,585
850,922
788,721
980,1044
315,267
736,698
945,866
93,119
235,204
425,432
2,57
316,414
419,442
735,709
471,496
508,443
376,420
419,472
6,-49
78,58
48,65
654,568
822,737
670,765
76,20
173,79
26,103
862,916
749,704
571,491
261,167
489,404
612,540
286,190
190,255
315,336
852,882
594,557
117,28
642,698
429,461
316,351
338,266
665,694
52,46
263,221
419,402
53,104
559,546
193,192
709,729
659,665
833,864
61,80
111,203
629,554
523,431
594,499
314,363
695,651
984,925
478,522
49,125
984,985
553,595
737,706
591,590
12,-3
206,241
316,377
92,141
115,38
175,198
406,323
242,338
972,890
20,79
502,422
995,976
658,701
812,901
491,589
160,148
238,335
805,802
493,583
687,721
215,194
576,658
861,834
23,107
130,187
330,358
437,401
943,846
851,776
606,597
341,390
71,-29
523,609
972,1055
525,600
229,320
96,150
816,724
623,534
703,687
708,636
957,859
806,723
222,202
781,682
788,883
977,996
857,884
9,16
943,990
536,558
952,885
212,237
139,218
135,41
80,31
142,97
476,415
755,668
708,675
16,26
751,804
152,144
728,775
27,-9
421,351
930,867
77,113
989,975
787,691
937,913
663,708
702,726
734,791
853,931
63,-28
205,210
762,748
389,428
809,850
152,207
423,414
336,310
871,826
247,289
959,940
517,579
91,187
762,816
83,0
497,496
408,476
318,389
106,96
101,22
778,691
814,794
885,830
981,914
241,336
115,28
641,736
277,254
568,628
51,-45
802,901
856,882
860,766
143,80
86,15
882,878
970,1021
527,576
361,279
833,894
12,63
395,431
696,740
669,614
569,599
194,145
383,430
262,331
537,563
296,250
898,899
288,271
85,104
397,313
614,671
923,836
274,298
600,523
722,747
176,208
137,171
655,651
57,-5
334,429
667,762
290,215
150,108
569,555
157,172
869,770
516,596
596,498
860,766
832,764
75,54
853,910
81,135
641,561
723,656
941,874
441,439
94,189
41,35
840,836
959,1019
410,502
489,550
230,159
274,219
307,235
639,609
956,1054
77,61
709,688
164,138
284,286
559,572
729,818
781,713
161,86
642,708
473,377
93,24
570,533
781,826
602,511
667,689
646,554
686,711
887,808
5,70
476,457
770,790
109,167
645,596
822,827
541,444
128,127
497,446
296,235
357,389
110,10
788,730
864,945
827,762
369,384
424,508
778,840
760,670
224,143
763,670
718,733
443,381
385,373
219,167
254,330
4,-53
691,655
105,164
749,697
429,372
133,131
592,510
663,754
432,389
914,1009
668,699
143,238
625,579
551,477
88,63
892,948
582,611
472,542
955,981
838,860
968,879
829,754
577,532
996,1081
390,472
165,170
261,203
320,235
912,911
925,941
857,894
462,362
900,903
85,162
907,868
538,473
804,789
302,298
74,68
246,200
840,858
739,761
233,198
699,625
492,437
212,305
569,657
914,848
386,291
74,96
52,22
661,674
414,412
875,871
424,507
979,1013
972,986
540,450
805,864
282,298
698,600
256,262
980,882
654,604
807,766
904,874
110,26
995,1000
915,987
646,617
896,925
792,706
638,649
959,1001
272,239
780,793
678,669
614,587
552,635
753,704
579,500
725,793
757,842
53,58
199,104
218,310
786,804
506,435
607,515
348,306
972,998
293,338
850,837
371,336
815,794
988,1063
452,424
489,443
466,551
2,56
374,438
586,577
965,1010
453,469
346,283
42,107
752,809
873,929
649,671
124,67
320,317
308,369
569,652
553,536
142,98
478,573
843,813
561,517
581,614
114,51
243,149
158,172
645,672
945,930
382,382
174,214
900,899
761,819
706,660
366,304
181,266
971,891
553,554
219,211
244,168
618,544
457,541
398,376
813,794
80,-16
576,512
351,326
199,225
741,807
378,472
583,487
328,230
291,364
247,264
462,539
867,960
489,539
25,121
441,515
924,882
171,235
270,315
428,329
208,166
493,465
674,703
669,720
310,358
271,353
314,379
824,782
875,836
516,540
163,167
610,556
64,11
802,799
977,1032
194,170
189,249
721,736
511,448
62,58
205,205
381,421
776,680
353,347
564,529
288,309
203,205
130,161
965,1016
644,582
127,53
731,789
143,47
970,888
330,315
129,161
607,539
37,-14
677,677
208,117
907,842
82,47
457,505
697,785
900,943
66,130
809,902
123,180
890,870
644,547
918,850
200,153
687,679
466,513
245,168
543,591
173,238
754,695
179,152
76,-2
623,719
270,259
426,520
623,553
950,957
932,963
955,1012
785,705
736,734
859,787
681,637
937,1015
505,553
75,29
124,117
650,587
314,247
825,882
70,12
918,870
225,237
749,712
123,200
622,638
846,902
67,71
312,301
295,240
277,189
683,731
61,-25
732,824
131,211
554,642
356,307
215,164
171,232
915,954
484,532
388,435
738,638
478,398
971,913
133,122
967,1050
154,124
672,605
197,194
23,16
563,626
187,111
707,669
525,437
688,786
973,931
347,310
601,510
90,154
930,843
459,513
193,166
161,123
439,424
753,831
456,456
460,390
777,851
170,228
427,441
234,330
683,668
550,629
218,256
640,688
952,1042
214,116
787,871
421,372
636,632
150,81
911,837
265,229
373,370
54,148
660,639
238,209
521,473
721,734
758,669
448,377
141,150
7,91
95,-3
304,356
974,1049
186,167
29,27
697,753
547,572
232,323
722,676
975,944
51,-23
73,57
58,-40
626,688
450,457
405,412
366,404
943,1001
201,147
143,183
727,704
849,849
102,155
170,86
299,319
988,1068
522,563
678,733
202,291
579,548
602,564
90,185
453,487
736,670
675,630
508,440
472,508
319,327
346,254
818,781
737,723
953,991
200,103
596,623
46,29
710,692
788,787
92,190
366,346
594,549
247,241
769,857
780,697
215,223
584,572
364,379
782,792
600,533
667,593
164,175
807,766
292,331
331,297
866,930
935,851
927,965
576,556
920,913
736,813
870,866
397,422
115,61
630,711
665,626
170,206
983,970
930,1012
839,843
794,819
996,896
369,297
792,764
700,783
760,818
226,155
499,478
461,453
709,756
521,575
912,817
696,755
41,2
35,-42
448,484
928,952
868,790
609,637
729,814
189,255
825,775
573,497
967,957
40,-8
210,240
204,156
188,168
846,937
521,466
436,421
696,650
502,491
184,185
244,236
753,728
755,847
552,646
59,72
425,346
402,379
683,696
502,548
343,368
459,359
287,269
169,149
800,868
567,658
391,388
771,699
307,253
8,25
331,315
148,84
417,339
667,610
537,594
912,999
170,150
499,506
181,146
236,254
273,268
474,382
704,654
986,895
406,456
818,760
601,697
543,622
368,315
661,637
909,820
166,124
564,479
89,58
150,54
290,386
261,322
266,290
965,1060
478,544
246,295
437,467
740,733
603,505
839,845
826,921
539,468
308,381
603,548
273,261
705,716
885,836
877,870
266,215
455,487
529,453
408,462
194,223
136,196
631,620
74,161
262,280
411,497
155,189
500,523
341,367
379,405
21,89
220,163
361,451
698,619
104,66
729,637
534,596
368,283
807,778
977,929
885,837
425,432
246,275
172,267
123,198
86,-9
186,238
678,644
320,358
274,261
364,399
23,117
135,232
112,17
885,984
673,636
699,767
108,105
61,12
160,157
431,414
604,551
210,194
811,841
537,633
824,889
96,143
962,896
700,697
149,202
48,7
534,503
531,627
929,921
935,943
993,896
563,472
483,404
407,345
130,60
380,366
251,237
743,729
601,548
96,173
936,886
579,620
74,-23
258,274
92,145
264,274
632,720
377,419
692,681
147,135
535,581
464,497
168,117
649,556
570,636
912,867
499,460
376,407
845,930
546,470
606,620
462,372
380,310
458,512
333,316
46,134
954,952
189,165
550,531
232,204
50,110
167,69
487,574
366,361
150,51
671,614
320,302
965,1035
759,699
188,254
422,491
135,169
928,898
238,212
79,25
949,986
463,561
865,954
654,614
184,190
414,346
860,831
320,395
876,843
38,55
3,12
197,193
258,159
585,664
369,453
580,665
833,744
678,705
374,331
170,202
411,492
208,131
772,768
842,917
188,142
246,155
534,500
766,858
363,319
653,675
847,812
178,254
77,74
694,646
123,58
468,472
357,278
821,841
550,580
208,256
343,333
196,145
302,213
319,388
205,289
742,820
915,940
1,-71
595,675
764,709
204,134
560,569
343,298
861,935
275,263
402,311
727,742
227,148
799,781
725,781
241,286
882,793
916,958
167,139
578,531
907,812
592,642
73,156
218,142
993,1086
820,771
665,721
76,23
181,108
61,-25
161,168
366,404
599,562
289,337
714,628
461,373
448,515
285,266
704,773
1000,976
735,760
556,550
885,865
868,927
148,170
737,715
417,382
186,102
446,365
681,634
69,28
382,288
384,367
772,759
854,871
672,616
568,662
791,815
481,468
957,1016
614,579
878,929
318,351
37,112
21,44
463,528
648,562
595,637
196,263
998,979
157,162
108,20
680,724
103,200
960,1013
934,852
506,453
952,938
849,823
273,186
702,604
91,-4
745,759
375,344
399,412
985,1024
913,893
684,694
556,585
149,169
989,1021
594,536
64,84
552,555
273,194
293,375
428,460
576,477
321,310
605,638
115,212
36,21
394,437
686,611
424,326
176,132
742,685
525,578
293,368
836,841
676,581
403,385
878,811
784,710
300,379
738,782
557,519
653,686
615,575
125,106
504,469
752,807
277,320
635,574
66,100
274,246
640,696
453,369
384,322
598,612
927,864
515,554
241,324
732,672
658,630
925,868
644,662
726,679
956,964
402,498
578,513
286,293
342,286
761,832
302,327
425,453
222,204
386,372
823,742
904,937
996,1003
198,211
133,128
330,356
729,750
808,736
930,1029
132,201
630,575
904,840
21,26
185,153
874,941
820,723
456,422
343,423
630,697
180,221
791,725
669,633
857,867
145,77
409,479
696,718
440,380
475,451
743,649
817,897
135,82
968,910
307,240
720,668
36,-12
65,-26
681,676
988,1075
551,579
463,456
505,570
168,195
336,298
354,335
176,131
743,656
90,118
636,653
947,911
315,393
658,722
745,815
397,400
673,715
210,291
276,362
747,804
730,661
656,718
896,833
643,602
31,84
236,190
640,626
19,-81
825,763
690,616
616,614
170,229
71,153
911,971
425,483
658,684
8,-64
381,339
369,438
10,81
863,878
922,1011
941,955
9,35
929,878
165,264
906,942
321,393
957,1038
868,950
901,984
165,236
753,772
969,1060
932,1022
724,788
80,104
339,363
268,293
315,273
779,753
894,834
453,456
436,435
677,679
309,272
751,747
738,734
782,708
656,705
195,99
753,746
540,622
802,727
282,231
191,172
725,752
685,607
15,-19
602,696
111,128
491,392
105,157
57,152
494,521
890,904
675,683
376,287
103,108
791,879
920,898
125,128
846,753
992,995
27,47
347,319
975,940
257,317
489,419
297,352
38,6
479,488
964,865
189,268
161,120
104,161
771,723
481,433
435,486
427,512
667,691
110,179
237,281
218,285
859,925
405,461
631,591
702,788
705,725
921,925
161,81
294,244
291,298
831,894
553,459
632,714
97,131
403,471
248,165
543,504
564,657
465,470
69,165
357,333
599,597
374,470
991,996
261,289
135,204
299,247
717,809
463,515
840,838
876,922
708,614
571,587
976,1043
897,804
232,207
686,608
55,49
787,772
652,737
958,928
146,168
155,237
240,172
754,708
192,274
115,165
906,921
586,589
166,204
9,16
31,-28
105,32
196,108
918,867
213,204
994,938
767,827
43,124
615,575
946,897
704,692
564,663
248,242
356,333
550,555
780,766
631,728
935,988
528,505
613,695
90,-7
748,709
678,673
904,918
206,166
625,601
804,867
336,262
363,453
479,403
96,169
174,91
498,577
949,967
807,861
259,285
457,530
18,-47
686,686
362,384
189,182
907,897
13,15
86,87
366,394
467,514
868,865
723,764
786,834
102,179
805,747
199,275
548,630
359,306
688,759
951,894
282,220
623,697
941,891
464,514
269,213
502,516
495,559
607,619
210,182
565,659
139,94
355,385
252,225
798,892
58,155
46,46
842,794
330,232
792,711
868,859
87,176
204,194
150,237
340,346
677,651
60,38
954,855
164,171
437,499
782,813
508,459
703,739
150,137
286,212
582,629
192,137
511,527
330,276
648,568
296,264
871,865
52,144
706,755
813,739
98,18
500,528
700,785
614,681
392,355
505,559
591,573
146,100
275,246
179,98
558,522
322,404
771,768
38,103
342,301
404,363
215,248
527,568
673,755
235,173
140,101
443,407
365,310
530,484
102,109
697,699
655,661
645,546
105,83
25,-48
683,668
389,419
732,824
515,568
698,670
125,153
957,923
895,915
789,717
261,217
990,1053
620,576
538,509
326,388
861,862
924,923
534,512
745,703
766,802
976,1066
148,143
922,916
617,604
314,245
125,148
181,166
878,877
538,461
49,-28
205,137
346,258
824,796
666,764
375,392
181,278
445,414
511,525
374,471
857,943
759,774
569,644
115,144
61,128
486,428
747,789
628,697
103,171
753,679
261,182
826,825
569,556
518,576
263,191
376,326
143,145
700,758
467,491
767,774
711,778
566,477
784,736
495,449
164,65
30,36
566,482
415,409
276,335
521,589
241,149
375,411
339,341
914,831
651,725
156,239
234,293
890,889
843,937
494,420
79,76
754,729
359,355
265,172
474,414
367,303
540,579
470,385
387,448
250,224
746,801
349,322
977,955
317,255
637,653
47,142
65,3
203,262
487,543
360,353
303,303
257,157
126,149
525,518
276,238
351,281
66,18
175,214
445,499
582,622
912,1007
94,-3
388,309
126,93
109,139
415,421
915,992
229,229
625,715
469,476
734,830
684,640
91,42
782,722
156,240
502,586
461,438
892,808
251,192
48,94
138,74
903,892
476,522
310,349
362,298
870,967
809,845
813,833
915,900
655,590
149,122
606,536
748,809
578,670
877,890
695,639
171,232
177,127
763,713
245,299
178,266
72,166
155,177
855,918
998,906
225,176
66,53
206,208
511,454
855,907
570,572
663,731
727,689
962,894
24,-41
12563
7081
8558
17744
3024
2748
18449
3905
11873
11507
13111
18393
1640
11548
4827
15400
1180
17546
4524
9329
13979
9440
11596
17268
12775
12155
14543
1822
12140
9228
9633
14316
7971
13341
10715
13988
184
12467
3981
9981
9631
5657
9418
5526
2924
2991
15100
10055
856
9140
6734
14825
7540
13187
8136
8663
2093
7605
8741
10904
10266
8103
7850
2863
9282
4363
509
8275
5077
3178
10556
11247
3529
10448
7461
1706
3315
3946
1638
693
5903
12441
4280
11353
10432
12287
6850
8993
10655
9514
2062
6975
6874
2944
9158
2550
10864
11266
3486
4099
7903
2446
3730
11095
2790
3201
10808
960
4622
4824
6215
9825
10315
1418
7095
5285
3646
4300
4729
5898
5562
536
9645
4817
4974
9035
3966
2606
8164
6036
6008
253
19
5500
768
8000
5713
4321
9146
2713
5170
7328
8290
5427
8092
4255
5679
227
6222
2847
8182
7042
3032
4989
561
6587
5843
2889
8194
1394
4445
6141
3437
2062
4629
3852
397
6951
3517
7351
3869
5247
3453
4415
4502
5088
4408
2150
494
6075
4669
5558
1669
4409
4842
1297
2773
5811
1587
4458
2541
629
1198
6168
4852
759
4262
4674
1471
4095
