7667,7760
49,-289
1398,1324
3946,3694
9791,9193
5018,4591
9335,9152
4591,4848
830,451
1103,144
7053,7842
5745,6456
6791,6265
8916,8158
8318,7895
6193,5940
6548,7538
8961,8017
2434,1710
7868,7023
8955,8241
286,1117
6002,6824
1513,1156
3455,2477
908,822
7397,7051
521,1204
2708,2038
2089,2863
246,840
8326,8208
365,1288
4362,5360
8334,7355
3729,3727
4519,3947
9907,10191
9546,10413
8722,9520
9217,8965
6120,6293
4736,5629
1611,1453
8945,8685
2131,2610
8091,7621
7081,6882
2622,3427
2929,2945
3070,2349
3639,4067
9853,10531
990,1760
4720,5610
9616,9321
2197,2987
4169,3171
1751,2717
7742,8689
9154,9437
1997,2970
8777,8745
9367,9362
9446,8931
2663,2524
2827,2629
3587,3339
2217,2849
1464,1158
8961,9764
143,-213
7767,8454
6308,6908
803,1412
3656,4397
7742,7311
5299,6253
3947,3096
2642,1778
8179,8785
7235,6373
4624,4385
6948,6857
4457,3691
4636,5481
1729,2542
9510,8819
4693,4738
8579,7762
609,1107
3706,3561
6808,6425
4276,5093
9300,10119
2296,1848
9421,10274
699,-138
3903,4590
399,-585
2146,2949
8221,8116
680,1244
224,-322
7748,8048
6674,6317
5822,6571
2794,1900
1798,1169
4321,4297
9400,8943
4467,5114
3709,4136
3559,4093
9798,9542
147,-620
7530,7950
7758,7046
6449,7334
7507,7039
8417,8716
872,23
3642,3205
3115,3064
2070,1221
3169,3614
1942,2138
2845,2627
7913,7246
3919,3092
7141,6774
9730,9159
3236,4057
7371,7908
7138,6326
6430,6663
8133,7961
3405,3332
2624,3341
5352,4390
8054,7185
710,938
4722,4394
480,1207
895,1361
6827,7577
5007,5044
8004,7514
8503,9037
3471,3621
3965,4768
9505,9050
4067,3797
2559,2661
4013,3627
4108,4015
9757,10089
4595,3613
1977,2381
4884,5279
8463,8699
8425,7741
5471,6305
9289,8716
6400,7239
2785,3722
1219,1539
7968,8176
8796,9412
4894,5491
5665,5856
853,1738
8935,8425
6513,6820
3939,3203
7695,7846
6544,6012
1310,1283
6346,5759
2029,2281
9457,9219
1815,1530
8795,8040
5051,4192
2611,1748
1453,1005
9446,10142
5976,5758
4040,3648
1118,1021
7081,6212
3538,3021
5415,5676
4233,4187
8646,8022
2441,1801
5035,4703
2235,2702
2063,1128
141,147
5437,4541
690,809
6833,6467
7450,7606
7295,8208
2189,2329
7087,6492
8057,8997
7372,8217
8141,7526
4648,3739
7253,6691
1010,662
4219,3607
404,-117
1822,1842
7454,8354
6205,6006
1652,1508
9847,10090
1894,1777
2991,3581
5268,5569
8627,8389
6540,6204
2368,2761
2104,1943
9309,8375
7364,7069
6317,5602
5750,4955
270,-23
3329,2431
1342,656
1848,2841
6561,6926
4880,4107
7871,8692
1084,1457
7504,8062
3608,2743
3049,3026
8151,7162
8383,8098
1747,1918
770,-7
5095,5210
403,635
9385,8810
5163,4826
8532,9130
9467,10090
9598,9394
9915,9858
3573,4255
4955,4532
2467,3341
6220,5650
4029,4569
8612,9311
7622,8218
453,246
4056,4024
7301,7962
4766,4743
4561,4478
8208,8042
3894,4440
2832,2283
5263,4446
6437,5928
6867,6750
4423,3801
1559,704
7507,8209
1624,1175
4143,4738
561,-417
719,160
6089,5105
6372,7187
2208,2377
8075,7351
8715,8364
7765,7580
6739,7255
9062,8279
1131,644
7685,6749
1083,367
3669,2811
8606,9417
8829,9387
5822,6616
3391,4336
21,-95
8591,8476
3695,3046
167,60
8146,8830
6278,6756
4386,3938
6759,6061
9781,10415
654,849
6279,5921
2877,3839
3940,3583
4640,3944
5416,4614
4126,3654
5875,5750
6126,6772
2511,2225
4764,4205
478,648
1728,1452
3006,2489
7293,7280
9345,9942
133,703
4546,3784
4829,5493
7852,8134
5421,4745
4792,4910
9079,8671
5127,5119
859,181
2176,2805
1962,2127
6413,6912
5044,5167
2443,1922
3414,3154
5300,5156
9283,10081
8456,8479
1142,1054
5634,6602
3938,4490
1550,635
3361,2520
204,476
3041,3883
5371,5599
8631,7888
5286,4482
5531,5670
2132,1793
2919,3402
3634,3077
2827,2561
2917,3190
9434,10075
8286,7336
1275,1157
8654,9364
3482,3717
2008,1830
8554,8614
7020,6138
1713,910
6788,6601
3702,4061
9031,9476
7607,8074
7201,6268
1545,2536
9317,8485
1117,1550
6747,6524
6998,6693
7275,7458
1626,2204
6019,6289
7246,8161
89,-708
2939,2096
6105,5229
3285,3329
1126,842
4374,5110
3605,3537
839,809
4564,3701
1777,2256
861,1783
5859,5092
6994,7636
8758,9192
7993,8991
1624,1669
8058,8237
7930,8663
397,816
6317,5565
1767,871
4965,4668
7874,7595
3867,4683
9142,8956
8605,8210
6852,6242
7351,7754
9699,10640
4100,4111
2946,2911
537,985
1374,2106
1896,1196
8162,8583
1276,738
8573,9533
6919,7455
2089,1238
3796,4725
9350,8706
2266,1839
511,107
423,1296
7456,7994
3755,3322
4750,5297
5813,5368
2217,2293
1200,983
9445,9119
4316,5312
1357,2120
4991,4578
2729,2013
9570,9079
7412,7598
8986,9881
5676,6057
1859,859
1369,1891
5093,5281
3889,3154
2816,1873
2123,2024
8713,7941
4353,5345
5127,5828
3885,3022
8872,8476
2257,2026
2343,2647
3750,4618
3752,3518
8953,8933
5058,5255
3875,4196
640,789
7534,7945
6681,6723
1025,934
9205,9492
4572,5531
4968,3983
696,463
876,189
6341,6930
4581,4863
6991,7989
9816,10417
9946,10110
7339,8167
5414,4427
8153,8534
7949,7044
474,-351
7749,7221
2215,3209
799,719
811,261
7213,7701
6703,7109
5312,5411
7742,7443
4816,3883
9643,9653
9863,9957
4960,5656
7856,8134
9259,10227
9978,9573
933,564
5287,5000
9322,10082
8425,8101
1012,403
6139,6873
5843,5861
8072,8493
2437,2223
8368,7384
8848,8000
6559,5732
5835,5122
7179,7272
9511,8609
8827,8464
6173,5407
9463,8612
1156,721
943,335
9043,9581
4189,3550
9941,8974
9871,10612
5468,6206
653,389
6296,5487
4948,5061
7130,7985
1433,2314
7548,7094
9110,9167
9186,9228
9772,9339
4994,5617
724,478
7159,7008
176,-211
4944,5328
8197,8081
6664,7655
4439,3952
8020,8610
1801,912
4477,4462
6535,7050
6310,6896
5412,5613
1177,1737
4131,4471
6808,6973
5972,5054
971,1544
1225,1359
5668,6270
8922,8827
7102,7687
4426,5301
3744,3374
5368,4627
4945,3989
5039,4058
3428,4100
770,1595
8575,8533
2945,3826
9956,10688
2198,1657
3746,3082
6818,6845
3222,3282
5498,5714
7775,7158
4987,4231
8618,9429
835,1252
4272,4392
7142,7554
1084,374
6601,7447
9263,8744
5779,6398
8022,8252
5443,4949
9834,10306
6184,5340
367,1326
6425,5736
8996,8370
2203,3184
957,293
3132,2627
7589,6627
3725,3327
8579,8891
6973,6600
585,134
6475,5650
146,-388
9769,9838
5796,6591
9067,9002
5539,6309
7663,8232
9829,10591
9327,9372
5053,5863
5452,6203
5871,5659
6162,5247
2714,2962
1551,1481
6828,6103
3987,4495
4892,5853
9287,8861
4644,3720
6733,5905
669,1601
7016,6969
5643,5394
6819,6443
6435,5589
8990,9780
1225,802
9001,9338
4018,3595
2283,3072
7098,6702
5416,5994
6510,5629
2182,2771
5819,6783
181,680
2266,1869
5919,5380
4167,4996
7222,6689
8730,9255
3044,2240
3002,3804
5863,6079
680,1001
364,294
97,61
768,96
7534,7794
2004,2605
1650,1278
4768,4360
4186,4348
956,64
8788,8767
7610,7214
3063,2851
6886,6766
298,-110
3624,4173
6522,6018
3307,3218
9585,9775
967,1250
7347,8279
6389,5867
254,867
2517,2220
1717,1897
3343,2630
4144,3597
2669,2874
4209,4839
4027,3376
5638,6449
6561,7217
9849,9800
4560,4662
7945,6979
4462,3965
2711,2869
4757,5610
9824,10331
432,-76
5336,5846
7654,7961
3545,3038
5729,5976
2774,3680
295,616
779,23
4757,4958
4713,5399
3225,2744
2822,3364
3789,4505
4034,3234
9108,8759
3305,2727
3114,3877
7756,7787
8606,9566
796,1286
1448,1169
3362,3530
2007,1414
7045,6783
1979,2905
463,1029
1060,1181
4614,3798
1564,1831
331,696
5231,5734
1667,705
7225,6331
4469,4777
5365,5183
5663,5418
5297,4680
4225,4449
1622,1766
5910,6793
5767,5049
7168,7831
9278,9238
5760,5129
4459,3908
2635,2752
110,-132
3311,2471
2000,1994
6140,6159
7462,7230
4909,4195
9258,9350
2750,2757
1416,606
4943,5193
7687,7508
5856,5144
1319,2145
6478,5522
8839,8365
7829,7677
8485,9251
1749,2328
4904,5055
3025,3819
1534,1653
3793,3031
1814,1785
3405,2971
9344,9840
8928,8291
5952,6776
5361,4917
8550,7733
9012,8129
2006,2889
5205,4992
4499,3614
3492,3600
2715,3587
2295,1568
5699,5675
3447,3293
6825,6992
2346,3159
9100,9338
3140,3833
7639,7459
4649,3799
8367,8318
5504,6047
6740,6165
1755,2056
3838,3200
6565,7261
8923,8660
5531,5902
911,1206
4566,4652
4964,4547
7931,8761
4425,4767
5783,6197
4643,4914
1974,1108
5258,6038
2285,1820
1452,2276
8951,8164
7710,6757
1683,2193
6082,5760
4956,4140
9596,9996
9965,9365
1611,1219
6295,6504
9027,9727
4176,3636
2892,3667
5025,5719
129,-596
8919,9348
7168,6509
967,600
8308,8345
741,1516
7899,7653
676,1596
726,721
5889,5552
2051,2359
6656,7277
5685,5627
4142,4144
954,247
4592,3754
2500,1677
5542,5549
6643,6878
166,-766
6651,6988
1212,1178
2606,2303
5236,4819
1429,1473
4258,4731
8280,7715
3909,3890
3315,2551
2508,2597
304,-36
8311,8527
4442,5232
5003,4922
2058,1499
2697,2133
9923,10088
9610,9829
5704,5626
9311,9321
4803,3877
7465,7869
8698,9632
9211,8341
9478,10185
2490,2043
9906,10440
3693,2924
6511,6403
8379,7524
2096,1552
9550,9098
9308,8899
718,1204
3018,3452
8238,7679
2570,2300
6898,6435
6246,5448
3433,2434
5378,5432
2804,2152
6180,6958
668,928
4845,4233
6079,5283
4168,4732
3177,3475
9819,9979
6879,5990
631,539
7882,8234
3857,4301
8211,9026
4642,5449
338,353
4267,4375
7239,7481
5344,4682
9795,10771
1993,2140
7954,8524
6210,7045
8555,8753
5426,5954
970,1432
6520,5837
137,-727
2868,3413
6910,7476
6452,6413
2220,1907
5635,4721
6155,6723
6064,6709
5537,5804
1253,888
5527,6447
9023,8992
7986,7451
4883,5129
5387,4593
8981,9157
8943,8606
7721,6916
6715,6544
2589,1732
588,794
3054,3762
1504,1229
4135,5122
3987,4067
8302,7392
5924,5475
596,-198
4898,5466
2758,3178
3772,3286
5587,5897
3557,3898
7089,7340
885,1340
3513,4399
2331,3270
2004,2289
6626,6661
5201,4652
9256,9846
2327,2020
4005,4385
332,-549
7081,6908
5152,4997
2017,1725
2313,2469
6731,6674
8156,7802
2457,1596
5898,6795
1868,1229
9183,9491
840,442
3345,3274
6076,6466
3204,3025
4313,4321
2993,3929
8570,8581
3576,3909
1572,1832
3947,4086
7456,8355
2272,2911
1158,1309
9964,9021
6377,6779
1302,1250
9931,9766
8868,9346
1194,736
3847,3859
2235,2459
9110,10087
721,369
9461,10381
1850,2226
8146,7166
8194,8847
1504,1088
6245,5268
2478,2096
6073,5796
8786,9345
1330,851
877,1781
226,-553
8114,8212
4110,5036
7908,8668
7094,8060
336,637
3215,3487
5047,5288
3397,4094
9539,8946
3386,2845
7745,7966
8363,7559
5870,5307
7189,7663
2689,1771
3121,3583
4962,5704
6274,5960
254,-468
756,295
3006,3039
7477,8393
4113,3400
8811,9435
1221,1861
8231,8757
8927,9455
2734,3269
5707,5569
2251,2108
39,483
4827,4767
8475,8296
7630,6755
7084,7056
9174,10094
8519,7803
5147,4610
3701,4512
7648,8158
2796,1802
1903,2152
3955,3389
1060,236
696,1382
1413,1148
8098,8785
2334,3099
5098,5077
4267,4634
4369,4454
2079,1408
5447,5391
4600,4106
563,118
4665,5014
6388,5901
8923,9059
1365,488
329,729
5009,4186
849,1274
5028,4864
9818,9431
8490,7687
6593,7497
1709,1478
8993,9065
3325,3478
9640,9398
3877,4388
9782,10653
4553,3998
4681,5418
7876,7227
3126,2366
1065,1750
7784,8506
692,991
6220,5326
1525,976
1370,1260
7339,7055
5026,4855
2056,2902
395,1086
4908,5402
2725,3031
4568,5340
7540,7368
900,928
6286,5817
8419,7710
891,1546
7881,7842
7660,8109
6247,5258
2190,2386
8918,7921
5551,4607
1077,1823
1358,2119
9693,9919
8301,8639
8687,9455
4260,4887
3592,3514
9768,10113
707,1064
7101,6666
4533,3804
7274,7339
9681,9237
4176,3785
9328,9242
6271,5357
7451,7434
4459,3470
1514,2337
16,157
5943,6754
1765,962
2186,2941
9188,9935
4349,5336
734,474
9504,9673
67,-611
2281,1702
4367,5131
2366,2809
1605,984
8113,8639
3688,4267
1277,2181
6178,6129
3570,2923
1763,1275
5236,5151
3382,3159
909,385
2656,1824
5567,6204
9405,10301
7876,7956
5767,5147
3695,2956
7642,7655
5534,5614
1405,550
6524,5800
5018,4566
6507,6725
1569,1473
3475,2988
5613,4682
8776,9641
2476,1608
2930,2705
3504,4107
9768,8991
2561,2201
321,1295
4318,3973
7053,7720
4083,5037
2133,2833
2456,3084
3016,3955
226,-95
2061,1354
3455,3458
1628,1988
6838,7242
7998,8742
6043,5553
4403,4577
152,-499
1706,2561
3335,3054
9120,9533
1174,955
8170,7505
6129,6031
8497,9492
7869,7380
9571,10371
3440,4248
7384,6633
3646,3776
6285,6866
1817,2678
1738,1556
6719,6809
6701,6242
9423,8569
4561,5448
642,1120
6687,6948
6189,5215
2059,2110
2014,2600
2065,1110
1785,2043
8182,7745
2748,2731
5098,4121
9489,8614
9019,8524
4369,4259
7573,7003
1903,1806
6122,5155
3148,2451
2392,2571
5437,5876
6004,5438
6371,5543
5852,6762
9757,9769
8917,8479
5416,4874
3338,3134
3114,2443
3942,3387
2046,1960
4151,4035
7495,7662
3778,2935
499,1370
2833,2656
1977,2356
5997,5957
1194,1324
3692,4196
7562,7517
8117,8048
8472,8963
7750,6780
2307,2261
3782,3392
2673,2527
1835,1324
843,367
1119,596
8224,7910
7877,6965
7614,7327
6317,6233
6364,7051
6849,7507
6855,6480
9372,8799
20,-970
2463,2583
7415,6757
3835,3133
5544,4639
8317,8934
6584,5922
945,310
7049,7095
6250,5484
465,39
8969,8706
2914,2177
2014,1598
157,-57
2041,2345
6129,6160
510,1214
5296,5676
8125,9006
3363,3117
8449,7605
5927,6235
6463,6295
6090,5691
5660,5681
7889,6916
3537,3570
4584,5314
2438,1509
7665,7607
8314,8778
8268,7892
1625,694
9171,9386
1914,2007
796,473
2883,2077
7163,7235
343,-32
3242,2862
6154,6629
6781,6788
4540,3551
6599,6636
9260,8652
4698,4800
4568,3949
4190,4148
9860,9569
5923,5843
8728,8852
4218,3703
441,946
6612,7402
657,851
6633,7516
6647,7041
1443,2024
6918,7706
7986,7234
7924,7344
6052,6608
3158,2466
3240,2453
1217,1506
4150,4591
6646,6767
9035,8509
7142,6467
6692,6137
8842,9054
519,-372
7418,7865
3207,3243
7855,7175
2697,3693
6971,7404
6078,6558
3362,3525
7097,7128
5276,5789
8203,8218
4848,3887
5530,5978
8911,9149
3966,3621
5544,6223
1379,826
1148,893
1534,817
2133,2405
2108,1782
7678,7662
2959,2556
2591,3476
5122,5719
4343,4067
2946,2832
6771,6040
9803,9541
9611,8893
8240,8443
2309,3176
9069,8398
5015,4368
6146,6999
2843,3059
7583,7993
1039,870
4638,4140
3698,3676
9584,10461
4708,4709
9789,9607
5929,5518
1218,1119
7900,7583
4930,4816
2462,3218
1690,1038
9004,9887
1902,2113
1401,862
2348,1896
1559,1871
9082,9989
562,815
553,819
6338,5785
195,685
9518,8555
9808,10510
2757,3630
4840,5101
6473,5591
6120,6399
3506,4045
8427,7761
4468,5194
3480,2923
1125,1078
8149,8150
2631,3466
2373,2302
6360,7268
7685,7395
4587,5097
286,1116
620,1536
2641,3225
6533,6930
1418,2239
2259,2068
3396,2730
3501,2885
3510,3815
2030,1597
9503,9487
2667,3229
1398,1019
5226,5158
2087,3008
8936,7999
1643,2554
998,1057
510,976
8279,8403
7828,6960
449,1441
1211,1676
5379,6056
5291,5623
2434,1503
294,805
1413,1841
1718,1463
142,-286
2150,2210
1782,1688
2128,2091
4834,4697
7125,7287
8981,8235
3962,4779
9216,8253
6014,6505
7275,7117
5990,6442
1753,927
8283,9155
4620,4931
1715,913
7874,7276
3643,3961
7014,6698
521,1201
8510,9075
7786,8371
8989,8902
8807,9570
4491,3724
2191,2199
6661,5875
2026,1534
4989,4742
747,1214
4663,5332
5345,6144
2886,3159
1051,1024
5613,5379
2962,2978
9972,10260
2090,2219
3148,3591
1119,1347
2733,3463
7495,7713
3307,3732
8720,9662
8095,7459
2594,3538
4016,3749
1085,1461
193,382
3256,4192
9810,9446
3975,3140
4531,4543
8056,7486
364,1127
1020,1310
285,108
9628,10421
5234,4872
7134,7858
4892,4941
8091,9066
9806,10759
6998,7703
9912,10094
216,-549
4672,5584
8659,7941
4304,4116
7331,7880
4390,4080
2458,1727
1140,1388
9028,8226
9871,9164
6528,6809
1299,334
2295,2757
7803,8011
2740,2527
8725,8568
8362,8281
2069,2837
9353,8624
3331,4143
6216,6770
294,-645
9557,9500
2447,3221
5887,5085
277,1165
4563,3573
9613,9126
5238,4345
6177,5416
8930,9739
4428,4399
8222,7942
4781,4293
6994,7624
1681,1300
2122,1400
5160,5640
1708,2265
8105,7441
5640,4673
6024,6803
8641,9618
7688,6869
5224,4981
6517,6521
5242,5409
2205,2122
1765,1941
1297,470
3592,4287
1796,1667
7093,7065
3815,4056
2602,3228
8710,8548
9999,9754
838,1137
8103,7593
1922,1125
9686,8919
8247,7545
5136,4426
9606,8820
6687,7084
7765,7687
5774,6733
4951,5319
2761,2999
4229,3689
475,1441
5333,4939
3499,3969
150,-156
5522,5015
5900,6241
1650,1814
4467,4576
1639,1109
1875,1737
1770,907
3726,3362
1598,1035
9609,10287
3484,3581
2706,2414
6266,6639
1573,687
6783,7313
8352,8948
4768,5077
8104,7277
4508,3606
3402,3658
7539,6969
3834,4494
1450,553
8454,9261
5245,5504
6704,6206
4179,4620
2445,3349
4642,5491
3627,4292
8633,9575
5338,4549
1805,1025
5762,5782
743,399
7864,8553
8755,9085
4291,4297
1003,577
4695,5218
2264,2423
9448,9154
2507,2757
9492,9491
618,-300
7123,7758
9124,8648
77,871
2885,3782
2938,2871
6569,6781
1092,1695
3978,3213
933,366
4265,3889
5267,4535
5465,4740
2402,2985
5848,6132
9540,9215
64,-169
3153,3271
6220,5641
557,1276
7910,8539
3717,3449
8293,7984
8714,9200
7723,6807
7784,8126
8264,7491
4239,4990
9743,10180
873,1489
9043,8232
9143,9323
8009,8895
9533,8790
7127,6972
4545,4073
444,473
7609,6898
2410,2567
5441,5855
7660,6910
4021,4764
5013,4669
2821,2251
2979,2151
6294,5498
4069,4615
9976,10220
570,1513
163,-264
8825,9241
4290,3652
6275,5306
4814,4131
1123,293
9257,8999
1359,1125
560,-195
5155,6075
2623,3215
5033,4925
3013,2629
5420,6105
4866,4071
3706,3302
9403,8508
481,997
5639,6282
6722,6871
3008,3236
1132,1786
2226,1592
2509,2448
6074,6330
4681,5549
5146,5143
5355,5566
6717,6478
9465,8622
2353,1719
5931,5923
8183,7567
2549,2702
9125,9369
3719,3617
913,1011
371,761
9427,9380
9742,9928
8228,8596
3670,2755
4981,4416
2877,2017
4410,3950
5279,4461
8915,9799
7284,6532
9632,10253
1197,1467
6523,6757
3943,4921
9006,9468
7016,6517
4661,3763
7682,8172
6659,5670
6036,6754
3947,3292
1861,2625
4370,3983
3993,4131
1576,1805
9742,9080
4776,5172
5127,4955
4134,4878
3141,3818
3330,3679
14,956
4870,4032
7002,6785
6774,7550
5079,4492
850,1315
7528,7517
3085,3322
184,907
1264,440
1859,2829
9720,9023
850,127
9417,9453
3328,2343
5686,6416
4931,5408
2915,3120
9199,9041
2838,2955
7306,6442
5562,5510
5827,6220
3815,3537
4871,5428
8479,9376
3367,3186
8470,8593
1443,1720
840,1483
3129,2581
3382,3882
7051,6560
7306,7190
6476,6776
4393,3948
2445,1628
1189,1706
3089,3969
3270,2428
6215,7007
4488,5319
7068,6874
8167,8796
6913,7835
1654,1611
5694,6530
7802,8620
3562,3972
2923,2502
4910,4111
7429,7568
2547,2835
5482,5001
694,1019
8042,8706
4721,4494
8922,8381
5058,6001
3426,4074
9537,8783
3648,4601
8507,9377
7223,6607
2532,3405
3501,3825
6950,6783
3478,3208
4810,5657
3330,3277
6646,6224
1197,341
1868,2732
2862,1927
1013,510
16,602
2445,2821
2215,2716
3227,2558
5281,5939
2080,2654
9246,9850
1345,774
5440,6203
1378,927
1637,1627
6268,5320
1314,1889
8784,9560
4068,3202
3663,3618
7066,8026
7808,8116
1757,2464
9008,8975
6077,5383
6869,7510
749,1030
176,-467
4316,4071
3106,3434
4019,3136
5227,5625
1870,2256
7729,8610
1223,1356
4512,3710
1523,742
9402,10094
217,1190
765,680
675,1308
5650,6444
9540,8695
1404,1891
1167,1914
8798,8643
1445,910
8930,8019
9203,8653
8788,8618
9743,10004
6081,5824
681,690
4767,4992
7370,6418
1189,1970
9968,9022
4848,4087
7438,7148
7872,8218
4906,5367
2794,3036
4103,3362
56,-502
3046,2487
4588,4182
6756,7451
8481,7814
1743,1015
9599,9826
1461,831
7959,8386
684,769
4755,4404
1186,1439
9000,9733
5185,5674
794,369
5266,5631
1474,1762
8047,8215
5180,6167
538,717
4932,4702
6958,7577
7001,7657
4086,3414
6259,7189
3920,3594
3174,2798
9166,8534
6681,7233
8481,7751
3580,4475
7438,6521
4904,4088
8956,9867
3294,4140
4766,5713
2734,2188
8966,8990
2499,3280
6748,7093
2091,2292
8902,7914
5168,4245
7834,8076
3514,3871
1813,1982
4204,5163
5446,6363
8470,8963
8895,8554
3069,3121
6410,7301
663,47
6189,5740
5665,5639
7436,7153
6770,7400
4612,4574
3230,2393
2729,2979
8696,9686
2378,1420
2626,2781
867,979
4229,4137
5806,6227
4021,3092
550,1465
444,-102
6304,7001
1152,1869
9920,10158
4929,4643
7312,8152
9189,8769
9703,9638
2150,2297
8193,7823
9815,9498
9481,10437
939,389
7949,7623
5849,6423
5107,5361
7844,8073
9040,8606
962,1884
9430,8510
8373,9249
2695,3418
734,309
3192,3919
8386,9069
3051,2128
970,597
7740,7827
3881,4182
5524,4668
5853,5696
7238,7556
1578,1268
7284,7776
172,918
6043,5336
502,-458
1717,2060
7910,7895
6624,6205
3901,3971
8445,8473
8140,7515
9638,9887
9219,8348
5885,4979
7319,6834
6353,6949
4752,4910
9945,10943
7265,7052
2490,2007
7967,7256
5671,5356
6457,6469
1549,1152
2553,1707
4353,5065
8878,8142
223,-53
9261,8517
543,1327
6564,7115
6607,7326
8056,7110
84,538
2616,1886
6839,7660
9511,9831
7542,8309
4185,3198
3549,3045
4882,4590
8054,8465
4710,4641
5664,5353
8864,8583
1968,2930
5621,6290
535,3
9503,9134
1707,1440
6760,7075
1810,2018
7344,7175
4752,4814
8023,8862
8091,7310
7022,7963
782,774
5338,5284
8355,9300
2445,2072
8897,9809
3814,3562
5854,6113
6707,7162
1301,2259
9451,10164
9992,9569
113,-303
9534,9855
5854,5369
9,776
3084,3591
2231,1274
9791,10490
1600,874
2335,2861
4440,4876
88,-482
8607,9299
7565,7797
8014,7676
7447,8066
4996,4769
7933,7088
5577,4754
138,1121
610,1570
4735,5234
1854,2699
9041,9618
5924,6186
2464,2400
706,1187
6520,7227
2061,1156
4071,4587
5466,4637
7673,8137
4800,4146
5917,6878
6761,6616
6284,6610
3308,3684
5568,5404
3363,3110
4234,3573
5235,5242
5471,5020
8873,9750
3634,4309
6764,6533
3742,3058
6777,7233
2553,3373
9642,9816
6146,6237
270,1131
86,208
4154,3522
1808,2431
6369,6954
2207,1649
794,268
9758,9172
5893,6659
2849,1855
3388,2637
6023,5186
7684,7623
8676,8292
581,-173
8958,9412
6038,5093
371,1075
6521,6060
4504,4911
3421,2865
9340,9840
6694,6734
7224,7921
8538,9121
7560,7682
1403,2390
1431,698
1010,898
4406,4112
3877,3740
7934,7784
1788,2752
2021,1937
4472,5169
8379,7921
4922,5244
548,800
2131,2239
923,1203
3866,3671
4463,3987
9148,9359
9911,10529
467,-374
3022,3008
2325,2555
4044,4380
2564,3327
7778,8090
1186,1319
6430,5800
5162,5702
1135,1120
4389,3454
3220,3599
3059,3681
1650,2057
1500,911
7048,6804
6928,7383
1457,1383
7257,7036
3958,4495
8353,9322
4110,4621
4177,3466
4308,3976
2732,2588
1579,783
3782,3873
7650,7548
5634,6524
5893,6658
3454,2977
964,18
952,1852
6218,6277
9348,9891
6080,5844
4682,3777
152,755
7812,8537
4607,5219
2918,2012
9201,10106
3974,3373
5021,5531
7027,6500
2268,1876
6211,6052
453,278
6133,5313
5624,6227
2423,2981
7702,8072
2613,3159
87,360
5684,6289
9778,9879
4722,4529
3591,3303
7338,7159
4415,5394
3324,3080
4166,3841
1515,2407
2731,1774
9472,9326
1855,2332
7907,7088
3545,3280
1612,2491
4107,3144
428,169
6000,5903
6140,6185
6420,6529
5900,6602
2884,3108
7874,6928
5055,5103
3275,2667
9832,9365
4213,3425
6530,6510
1685,2010
4562,4285
4914,3953
3956,4422
6919,6548
4480,5386
9487,9819
9416,8766
8090,7200
3020,3411
1752,2090
7266,7112
5015,5182
4753,4100
4528,3913
6913,7554
7513,8428
106,-526
7377,7498
5930,6507
1610,1045
4240,3640
2206,1514
96,989
3729,3890
3507,3270
6877,6287
6479,6398
1973,1937
6995,6802
1105,677
162,773
1092,2065
5755,5641
3891,4616
517,779
4058,4610
9136,10110
4899,5075
7573,8458
8664,8479
3315,4196
1526,2514
1891,2017
171,-162
4927,5344
9110,8344
3597,2925
3685,3187
5338,5954
9357,9307
1382,2035
8604,9488
2895,2856
8048,8483
9139,8899
8075,7631
884,1802
1833,1249
6960,7327
4984,5098
9825,10537
1863,2196
3287,3464
9631,9872
8458,8746
7076,7043
4960,4584
4341,5092
5834,6325
5785,6204
2183,2276
6529,6004
9261,10103
1984,1007
4485,3946
1109,1388
5449,5053
8667,8014
7644,7064
9074,9822
5382,5701
9584,9026
904,1345
6369,5375
2679,3346
5767,4948
4517,4309
1784,1744
3801,3774
901,1498
9999,10109
3675,4541
6132,6173
5419,6303
2365,1404
7727,8210
3720,3633
5631,5841
839,7
5458,5902
1551,1057
6589,6431
9112,9398
8293,8578
4630,3651
1686,1270
9216,9188
6094,6279
2590,3073
1835,2316
2476,2875
8273,7954
6005,6170
1043,1741
597,205
5247,4783
9835,10699
7389,7198
6154,5362
1776,1478
9161,8602
648,1425
8628,7939
7297,7431
197,496
5214,6155
3112,2523
5688,5051
4288,3704
6546,7272
4570,4985
2817,2526
8253,7666
4930,3933
1913,1041
5255,4626
8852,9204
6161,6162
470,384
7511,7346
9862,9707
922,1207
952,714
3125,2147
2266,1862
1570,811
5674,6548
4807,3908
1020,978
4194,4761
5964,5799
2905,3881
852,1014
203,-550
7181,8171
8026,7058
1952,1009
4925,5803
125,19
6241,7238
5123,4390
3971,4130
7738,8523
649,1188
1801,1509
9556,10245
3264,3660
4971,4884
2524,2150
765,1289
1402,2033
385,-464
222,-515
7432,7883
1349,1914
5412,5572
9908,10491
3743,4705
9112,8156
3496,2826
292,939
5355,6022
8678,8420
2803,3245
3269,3498
7383,6588
6957,6726
2255,1881
8400,8329
1902,1625
6053,6772
3359,3743
12,-67
3974,3177
4121,4601
1907,2393
522,1119
2157,2711
5187,6166
2570,2776
9292,9286
1225,860
8091,7453
8613,9384
2019,1861
6381,5922
8126,7185
309,-230
7326,7374
7807,6810
4940,4896
4512,4998
1823,1544
8280,8846
1601,727
5530,6526
7381,7979
4126,3171
8967,8369
9005,8284
1977,2122
3828,3968
3168,3009
2023,1201
6649,6012
6738,6768
4910,5094
2597,1700
4590,4883
582,486
4870,4974
4457,4755
1216,993
536,815
6618,5956
6581,6086
201,30
2314,1710
2121,1489
419,-331
7176,7158
6344,7138
6097,6840
5263,4664
2206,2526
4692,5105
6038,5646
2491,1765
3932,4570
5408,5695
1816,1217
9132,8694
8943,8728
8117,9075
221,722
9753,10607
5467,6309
2537,2688
5733,5524
6390,5644
5099,5212
7746,7160
1848,2284
2811,2870
8226,8891
2890,3055
2688,2467
6257,6877
7536,6921
6595,6147
1608,942
4039,4347
9743,10559
899,497
6275,5780
6521,7160
9937,9520
7653,7164
2350,1991
9937,10475
8355,9296
9353,10087
5269,5456
6120,7009
497,-13
1814,861
9398,8619
1370,819
2712,2527
1042,702
2286,2894
3084,2460
936,379
5103,5446
1340,715
950,1073
7222,7217
322,698
561,924
2179,2010
2074,1087
8921,8005
2671,2619
9074,9605
3638,4075
8666,8738
5343,5014
261,476
6059,6766
9597,9795
1802,2240
1676,1459
2552,1563
3274,3281
809,286
7212,6811
2679,2849
2386,1652
7310,6852
4659,4918
4163,4159
352,1016
4135,3701
3205,3051
9379,8984
7238,6586
8970,8103
7233,7098
4500,4740
3333,3137
9475,8567
445,697
295,1273
522,-160
3166,2443
4306,3629
4094,4276
4721,5461
1898,1398
9916,9015
1747,1663
371,-325
6780,6920
7228,7851
6695,6897
1389,2086
7483,7593
7624,8414
3256,3540
8957,9832
8247,8531
2981,3199
3613,3350
6549,7408
8052,8974
287,-463
5594,4618
934,900
2254,2848
9398,9304
8098,7579
4780,5476
6398,7290
6651,6423
169,-379
2980,3848
83,-417
4347,4261
4940,4230
4098,4592
8256,8213
4090,3503
7997,7334
2601,2097
5491,5139
9196,9874
2093,2604
5007,4834
6257,6462
5024,5086
7358,7582
8020,7707
187,298
709,-68
5595,6110
6433,5744
7081,6264
2760,3570
4231,4292
6967,6600
2751,1755
462,1366
7181,6900
7792,7327
6614,7021
8658,8530
9296,8812
4999,4109
6806,7731
3272,3153
2326,3181
8876,9604
7334,6479
4577,3735
8128,7603
5228,4285
8192,7444
1972,1640
1683,2110
2402,1867
9571,8939
4043,4504
5124,5895
2418,1898
6264,6238
9323,10263
3056,3804
9640,8940
4343,3858
2076,3030
3754,4638
1652,970
6257,6429
6924,6454
5243,5954
6945,5966
6973,7554
1096,1376
7677,6826
6385,5951
4107,4134
1092,1680
7893,8659
3075,2965
6793,7521
74,-496
5245,5599
6370,6202
566,-157
1673,950
4885,5682
2439,2926
9987,10192
5507,4981
61,41
9346,9246
3962,4239
1814,1107
3380,2852
6253,6199
5235,6202
2931,2513
7559,7430
4738,4438
1455,1020
2519,3380
6423,5788
3597,4129
4007,3519
599,1107
8904,8207
6836,7550
3243,3805
2131,1486
7133,6954
2752,3173
2942,2064
3633,2878
8313,9162
9669,10454
4067,3555
5543,5372
2951,3160
7059,6180
1724,1005
2653,1789
6364,6893
720,1439
3871,3413
653,1139
3560,3349
9517,9016
2094,2072
3441,2707
3438,3048
4953,5587
8971,9020
8728,8329
8449,8796
5295,6152
6629,5935
8549,8235
5181,5675
3101,3438
9039,9650
979,1740
6181,5604
685,937
7177,6832
5732,5904
4722,4398
359,-476
201,-147
7708,8697
9910,9073
2927,2467
1858,1726
3081,2540
5609,5338
8880,8606
6908,6059
9463,9336
7079,6330
9515,10460
6136,6255
3044,2890
3785,4421
9143,9762
4814,3881
5108,4197
9822,8893
3913,4312
2714,1799
816,551
1308,717
6202,5688
5827,5952
4184,4293
6268,7185
7750,7451
72,634
5864,6111
6519,7396
3422,2642
9567,10181
9577,9064
6012,5873
7488,8333
2419,1684
651,780
8989,8781
4873,5221
4779,4740
4855,5002
8004,7381
3575,3072
6210,6395
2770,2370
7134,6301
1538,1345
9089,8842
9249,9855
3932,3395
5388,5842
6702,7528
3078,3096
3092,2314
4195,5066
9821,9181
9027,8769
725,1503
3216,2892
8813,9174
4189,3383
2746,3168
6916,6500
4355,4272
440,757
9254,9387
5284,6046
2023,2071
9350,10310
1168,358
260,1236
1519,1123
9938,10353
8446,7581
2396,2109
4345,4203
2845,3288
1059,124
1492,538
1542,2439
5168,4335
8587,8318
2560,3080
6135,6489
5858,6637
5074,5797
9272,8406
4922,4745
9367,9949
7029,7844
5027,5908
1493,1583
8889,9775
2304,1662
1999,1174
6090,5633
7039,7390
1704,2157
199,511
1138,1257
6954,6012
4611,4844
2287,1977
5086,5226
4021,4200
619,1587
8634,8034
794,130
3498,3208
6197,7156
8729,8602
1159,2056
3327,3531
1498,1330
4150,3827
7330,7987
5578,5048
5437,4612
7230,6843
6529,7509
310,200
9598,9397
3364,3793
4776,3961
3153,4080
5644,5062
5843,4912
9471,9093
2478,3307
9003,9867
5228,4386
7698,8671
6261,5638
1504,1747
7348,7872
795,300
7329,6481
3173,3154
4256,4079
7041,6165
968,1147
5729,6708
1035,1693
3868,3002
5775,5283
8076,7543
2301,2650
1408,519
2911,2562
483,223
7513,7902
1257,2051
9286,9358
4827,4197
7931,8895
9322,9674
4337,4097
1113,353
3729,3183
4081,4305
385,17
1944,2342
3966,3464
8947,8669
4335,3366
6052,6549
3746,4602
7073,7985
529,44
9131,8240
4708,5451
9155,9015
9032,9031
3468,4057
1290,1005
2349,3322
993,1291
1011,1020
5205,4388
2055,2288
8248,7374
6178,6330
4855,5578
9920,10717
9330,9172
3122,2486
1127,595
5991,6804
1637,2296
2080,1490
857,802
3877,3510
2265,1471
7814,7330
6667,7496
2085,2907
2235,2719
3064,2159
1886,959
510,1136
6151,5915
9526,8655
7215,6832
261,-141
7208,8037
4437,3832
6601,6404
581,1071
9626,10598
9195,9041
8602,7920
1082,821
8321,7641
3567,4395
546,1300
5022,5238
6191,5766
5917,5495
9033,9286
8388,7950
3661,4624
7665,7389
43,923
1660,857
9706,9315
7647,8620
9838,9188
1816,1404
6723,6640
388,428
4925,4030
1555,1736
2133,2063
9471,9249
8696,9038
3042,3252
1903,1453
1765,1744
8066,8269
2968,2726
3771,4028
5329,5385
3456,3428
1607,1258
4812,5722
2043,2936
2860,2902
152,475
2192,1897
30,-868
2132,2515
8646,8258
240,728
5695,5221
6876,6911
5180,5579
8195,7926
3608,3802
2684,3054
4294,5020
7694,7101
8583,8413
2485,2922
3633,4586
4978,5588
6652,5758
9638,8807
6634,7315
2571,2496
2228,2399
5381,5795
8014,7351
1335,614
5715,4945
3455,4434
3457,2501
4614,5297
6709,6509
4052,4308
4202,3722
3974,4307
9299,10243
5319,5064
4328,4527
731,430
1262,1696
6728,6563
8439,9422
6748,7481
2420,1541
2581,2140
8623,7845
4391,5259
255,-533
5578,5696
4067,4125
7339,6903
7057,6684
9003,9497
1507,1537
247,303
1061,470
7664,8610
8862,8994
255,44
679,87
8650,8567
8964,8551
1672,1312
2081,1427
8668,7864
8867,9678
6847,5917
5903,5780
9308,10000
3304,3754
4432,3464
2116,2436
4773,5441
3791,4170
4240,4391
7267,7301
2116,1307
4906,5064
6901,7197
8070,7702
2897,2580
8071,7482
96,-372
6476,7039
7570,7660
5392,4691
3422,3175
3362,3198
6668,7119
7688,7126
8466,7628
1978,1990
6327,6959
9236,9499
7729,7277
623,932
96,474
9765,10199
8991,9620
2350,2119
5697,5507
5856,5058
7341,7795
488,591
4636,5622
2861,2130
6823,5945
9391,9694
2386,1471
3081,3898
1933,1685
4186,3397
8597,9459
4242,4279
3293,3075
8740,8602
3003,3005
8065,7420
5135,5954
8341,8643
9625,9903
3023,2369
2851,3237
8417,8523
6893,6611
2744,2487
1524,1946
3094,2470
5308,6244
161,66
4526,3742
7393,8117
8123,7275
4184,3987
8095,8964
3976,4510
9941,9342
9292,9962
9492,9622
5790,5379
1976,1594
7091,6593
6392,6704
5212,5178
7014,7811
7860,7406
6983,7206
548,181
5429,4605
813,995
9613,8962
8767,8348
7006,6580
5982,5652
3657,3690
3416,3617
7771,7546
9641,10580
6093,6274
8159,8024
6214,5680
907,293
5518,6471
4600,4300
8984,8583
4317,4622
1108,1269
9644,10080
1674,2235
3155,3682
4078,4901
2519,2966
622,622
2755,2012
3671,2838
4875,4718
401,656
2816,2916
9226,8570
2885,2019
5903,6258
7097,7871
2151,1536
8287,7736
2634,3034
1742,1638
3240,2932
8781,8065
9139,9190
1469,587
3409,4158
653,60
6287,6097
4804,4346
5637,6063
4124,4058
9584,8625
7394,6677
9767,10167
6973,7088
8006,7892
8684,8324
4321,4595
2890,2444
228,294
7805,7018
4102,4368
1125,2104
9062,8090
3815,3891
2804,2870
1875,2072
5351,6140
5897,6491
5919,4931
1537,2335
3088,3065
8261,8067
3045,2083
2283,1724
2414,2282
9813,8891
331,1155
4604,5063
9046,9786
1717,932
954,1550
2272,2309
9108,9941
8845,8111
2263,2810
490,1401
2377,1821
5353,5461
5086,4086
6992,7898
8953,8056
2397,1500
6682,7200
6959,7301
3180,3087
2137,1327
5465,4761
6839,6355
125,-499
7899,7968
1478,841
3163,3205
5157,4629
2849,2707
3245,3351
5299,5705
7044,7130
5177,4476
5841,5038
9916,9493
7377,6863
3258,3783
1111,486
5868,6498
3724,3877
3669,4620
2573,3532
5818,6512
3180,4067
9428,10214
7230,6302
9416,8761
2395,2598
8893,8396
5124,4137
2051,1924
7642,7955
1618,2100
6247,7006
1709,1882
5844,5559
9181,8931
466,-126
8390,8644
3199,2871
6347,7263
9156,9136
5549,5286
3337,3932
6765,7299
6100,5451
1391,433
6688,6600
2108,1221
1954,2433
7812,6923
6545,6709
8338,9233
8491,7699
4513,4089
70,251
3577,3606
9996,10194
1362,769
5673,5614
3252,3379
3216,3365
9056,8910
4479,5303
886,1583
586,44
2278,1928
9184,9451
5613,5607
5746,6111
9046,9796
9880,10460
8656,9018
8185,8369
5892,6460
9505,8700
9083,9225
6535,6268
5217,5340
4240,3506
9354,9073
2507,3397
799,217
6806,7577
734,-227
5045,6032
9274,8306
6174,5826
1149,287
9174,9525
10,588
7266,7306
4439,3797
9967,9442
201,576
724,282
9760,9416
327,1297
5219,4779
5301,5208
8267,7801
8914,9629
3054,3905
8815,9667
2364,1925
7163,7737
9188,8642
6109,7082
2013,1299
1464,989
8577,9043
917,1423
8388,9339
1372,472
1018,1303
7937,7208
3900,3311
1488,2231
2235,1853
3758,3017
4873,5844
1358,1990
2357,2630
2307,1729
422,-62
2907,2250
9894,10051
6460,6702
608,-193
1532,1519
6879,6529
1600,855
5554,5734
2488,2284
5191,4274
1363,1684
8639,8014
7694,7777
3331,3285
7061,7443
7887,7686
366,1265
4997,4056
8078,8657
3237,3180
1391,463
3022,3242
8497,8284
9386,9336
5405,5959
7387,6970
8030,8093
2925,3648
7689,8129
5740,4934
1615,1926
4417,5165
8852,9046
1621,885
1074,1370
7675,7092
3768,4347
2842,2953
7157,6407
5759,5344
4310,4920
9469,9507
6861,6362
1936,1728
1957,2593
9416,8509
3260,3183
4533,4646
3855,3858
8620,8605
1469,1909
2063,2702
699,1594
1843,1393
8092,8492
5952,6851
9707,9499
3655,3669
5674,4736
3259,3216
5852,5221
587,642
9182,9470
5908,6769
7318,8253
2586,1758
8514,7743
8439,7540
3246,3985
1275,1759
8561,9417
7745,8443
1350,1893
3036,3384
9608,10378
3496,3225
8828,8203
3049,2301
9269,8542
123,-521
4660,4617
684,95
3548,2638
6480,7469
2586,2317
7819,8490
9745,9413
9730,9776
7493,7793
1315,889
2050,1623
3289,3651
6105,5379
3093,2662
9194,8991
5711,5888
7573,8127
2853,3339
6499,6931
9039,9057
4445,5218
8404,8749
8179,8761
6347,6892
5521,6483
1913,2787
8938,9815
2439,3275
833,1030
3418,4258
3561,2615
7165,6453
1054,193
2911,3364
1108,2090
8953,9894
3259,2306
3710,3799
8163,8368
2101,1263
3025,2126
1328,1538
4868,4526
6403,7030
4644,4147
8737,7892
4338,5095
743,1050
8162,7301
6152,5673
3430,2991
6802,6311
1751,2231
2919,3859
5668,6368
707,-106
4270,3500
3811,3061
8044,8539
2236,2515
9827,9248
5543,5649
9718,10474
4822,3829
4447,5059
4777,4029
464,640
2751,3193
5443,6010
4281,4314
6744,6701
6977,6133
9165,8418
4050,3486
9389,9079
4387,4019
1334,359
2867,3654
2089,1750
4866,3934
776,135
9014,8798
6677,7423
9632,10510
5672,4983
2479,2677
380,191
7578,7257
5296,5636
1459,2456
4710,4136
6406,6166
4771,4529
3487,2633
5568,6472
8706,8497
6104,6372
954,601
3946,4294
9045,9797
1089,884
2506,3397
8822,9332
6345,5706
1478,1495
6047,6823
5811,5127
299,957
746,95
9655,9893
9989,10608
8052,7195
6449,7422
7371,7753
3854,3784
1589,1310
3686,4405
6001,5663
8210,8060
5592,5072
2174,2660
7631,6747
8413,9354
6368,7036
8174,7835
6086,6755
5040,5844
8713,8933
5712,6463
4418,4095
6662,7239
9254,8347
8489,8024
7550,7793
968,417
3376,3316
8765,8813
2564,3446
7436,6682
4360,5347
2971,2457
1821,2328
7620,7480
556,-263
1399,1281
1695,1049
3487,2643
1039,1281
8843,8110
4386,5375
5734,6264
694,246
7387,6824
2132,2405
1020,446
4463,4496
217,-626
8182,7610
8639,9068
7062,7976
5048,4975
4817,4559
52,-773
5575,5599
648,757
3848,3448
1460,1985
7402,7664
4006,3457
1891,1681
9035,8149
5346,5482
7127,7628
5616,5830
1637,1881
4348,3982
1248,488
3226,4144
3829,3401
5730,5990
7871,8313
4922,5815
5928,6351
9797,10584
9295,10081
8172,7848
5526,5103
1053,380
8213,7324
9411,8595
4981,4086
8059,8083
3016,2485
3607,3141
2810,3613
505,418
1251,1295
5335,5177
8014,7349
4291,3377
7723,8222
7817,8760
8105,7932
2090,3002
3017,2998
375,115
9008,8763
9596,9035
9035,9776
1720,2038
7943,7070
4642,3751
9085,8436
7664,7819
2060,1399
1073,778
165,527
4979,4750
7044,7945
1718,2058
1863,890
3585,3370
5622,5422
7329,7165
7375,7564
4850,5767
1592,1908
4979,5916
100,749
9762,10200
6755,7227
5437,5981
3941,4587
9352,9019
2322,2258
1725,1462
2836,2607
7750,8668
7274,7333
2310,2019
8261,8086
9429,8905
9708,9754
3613,2654
7732,6850
7922,7424
4026,4752
4571,5379
3698,2885
2558,3310
8799,8576
7006,7282
163,587
266,1233
9974,9599
6952,6395
8028,8822
1752,1807
7766,6852
2711,2198
1601,1968
4125,4718
8272,8069
6391,6765
4832,5364
2790,3419
7532,7129
2370,2580
8083,8987
982,1142
4167,5019
5916,6498
7944,8327
6387,5419
7675,8173
5886,5943
6236,6401
3037,2301
8908,9831
1113,374
2975,3379
6249,6617
418,515
5467,5357
1965,2745
1324,2243
5279,6272
3745,3107
8489,7812
4610,4607
5856,6666
4529,3588
9126,9617
1642,1735
285,-332
5480,5243
9459,8542
6276,5700
6514,7413
2905,2659
5752,6447
7363,7831
5227,5808
3882,3294
6573,6614
5216,6005
3233,4098
4457,5387
2221,2517
9526,10237
9883,10248
8644,7835
287,201
3167,3441
8492,8961
9936,9121
3887,4201
365,-169
4692,5682
954,1674
1694,1193
5626,5648
2110,1673
3948,4796
6101,6068
3457,4045
8119,8798
2004,2934
2988,2915
2697,2592
4764,5363
7992,8328
8111,7778
7238,7484
5250,5780
8977,9673
226,-141
954,1229
7926,7983
7121,7820
9960,10038
2423,1959
9947,10054
9271,8890
4542,4255
5304,5242
3977,3673
5756,6041
4966,5787
2508,1860
2913,2715
9648,10233
4845,4160
4236,3643
7686,6883
4763,5582
9174,8954
9968,10220
838,517
7341,7938
3068,3605
5793,5686
9414,10240
2949,2753
8711,9352
5108,5586
7195,7770
3481,4364
7510,7578
1899,2714
3844,3915
6731,6897
2658,2773
5805,5298
8876,8126
3217,4043
1315,977
7263,7431
9519,8965
8031,7977
4419,4016
1907,1269
9164,9407
8147,8844
6168,6231
2973,3558
1499,1280
7008,6685
5589,5230
6976,6621
779,1681
5657,4904
137,622
4144,3956
7834,7005
5200,5681
3598,3685
5514,4558
1851,2179
5942,5435
644,-220
532,619
9330,8905
8702,9160
6358,5945
3797,4600
4672,4534
4215,4607
600,-58
7512,6708
4701,4026
1158,1140
3760,4649
6404,6781
2237,2196
8068,8629
6236,5932
5140,4241
6300,5305
3820,4323
8611,9575
2795,3327
2771,2992
6475,7392
3850,3320
8441,8463
4939,4514
1479,1532
3073,3284
1513,1546
6899,7248
5605,6148
4516,3743
8761,9050
8355,7474
5994,6386
7642,8294
8939,8621
4271,4224
4874,4871
7814,7949
1276,927
8037,8628
3853,4279
8769,8162
8804,8949
925,362
3548,2941
3427,4408
3270,3275
5784,6314
8713,8842
8454,7726
3305,2403
4350,5086
4895,4234
2158,2983
4126,4122
7450,7373
9950,9466
4007,3640
3397,2492
5371,5903
3594,3644
859,14
4023,3771
5071,4760
976,614
4447,5405
3621,3318
7125,7127
793,775
8149,7265
9776,9115
1391,1662
547,145
7202,8128
6293,5352
2133,1779
6094,5963
7213,6331
8633,9117
3512,2569
2309,2934
1080,1967
6068,5855
9777,9485
4942,5236
5725,6093
1344,2104
9338,9075
2525,2852
7932,7515
1318,1618
5710,5957
9705,9061
2420,2445
8424,8377
7049,7966
2740,1938
6202,5598
2837,3309
166,651
8014,8568
3735,4060
5012,4366
8995,8280
4985,5732
4500,4883
3857,4021
9602,9424
2690,2292
5568,5954
9981,10537
9297,8808
8909,9024
3650,2731
7753,7070
8702,8290
7949,7259
1061,1207
8188,7555
3488,4056
2122,1992
7057,7582
3779,3376
1447,906
740,771
3790,3776
7404,8138
8130,7942
8461,8759
5484,5842
2879,2498
3518,3804
874,1755
6492,5839
804,657
2025,2079
9666,10202
4230,3336
2859,2929
2864,2845
3573,3400
219,-402
7171,7742
7596,6908
8719,8959
3102,3782
6745,6525
5104,5262
6768,5885
7749,7893
8449,9386
3232,3536
7635,8616
1281,1157
8284,8051
2159,1233
8018,7872
6064,7017
7527,6733
9110,8111
5063,5494
6421,6970
1158,1942
184,472
4724,4511
9076,9381
4209,3500
4239,3962
9682,8757
5650,5273
6814,7270
6535,5720
8537,8354
6382,5582
3169,3119
8502,9423
2650,1737
8592,9397
6658,5721
3421,2457
7052,6925
7799,8473
5702,4740
2455,3057
6422,6098
7262,8038
4545,4479
4092,3185
6100,6835
1016,783
823,1804
8808,8137
6984,7059
2008,2656
3728,2760
4832,5034
6296,6699
5134,5620
4933,4820
9000,8326
7444,7171
8686,7846
7779,7977
6631,6988
7416,7781
376,1091
258,266
4558,5404
7554,7321
8247,7973
3639,3166
5426,5553
5191,4571
5785,5515
9393,9869
8955,9753
595,-210
7293,7736
6706,6816
9130,8859
2781,2415
146,495
391,844
4325,4610
587,564
2295,3035
47059
23967
42788
9464
17020
21566
42936
1958
44984
31952
5599
27655
22867
29177
22157
3776
12011
37726
7868
24803
41746
3829
42724
16034
10778
19902
46893
35664
33651
22652
28051
24697
12183
15900
30213
28260
41960
18217
11954
20845
7819
29013
7411
6263
12620
13180
36142
42531
14830
1818
15631
3629
3675
7335
39326
41906
39678
23691
11582
14168
43017
27268
29099
21845
4427
7994
39805
29801
35192
28607
29537
11090
7511
11971
34975
2041
14680
27880
7042
34949
22842
39571
18951
14695
22729
5765
31452
23713
20295
12973
27820
15499
34824
8447
40372
6095
15976
35045
38885
32837
5628
32401
37161
37502
15358
292
1902
8618
12631
6339
11470
20377
39646
7567
270
41173
32930
30237
13047
39646
7025
19921
615
12140
13249
4550
25892
20068
38948
40336
4840
10568
31854
35584
4234
37340
37290
32651
11597
29334
4051
10322
37232
17229
37756
17509
31068
26411
37097
14455
6835
1631
30541
31955
20458
10354
40296
37140
13780
31795
7695
37540
19299
24820
2729
3146
14921
28384
36454
25099
1312
20601
7190
4215
15807
8768
30585
27200
3435
17534
27784
20792
17063
8032
21202
19358
22925
38211
26893
30909
21904
38994
8986
34473
13409
10576
36809
10372
15251
16322
734
18449
10321
23412
16167
25008
21460
12796
27390
17397
11918
5778
35150
32027
33112
21728
27387
4854
23070
2422
35268
29522
35383
25059
7510
35238
13273
28456
9769
10419
13874
20461
23240
16963
6857
17608
4892
11660
9351
34010
33637
9738
7327
17775
24559
3705
23316
15112
33769
8660
23366
9402
5426
1276
4747
9276
32717
8908
29776
35901
22946
5008
23526
16590
32235
31985
18994
27527
19986
17681
26453
31231
9960
13352
20376
4363
26387
16756
17935
11483
1009
11438
12763
3934
26395
31347
11753
12810
33965
6799
8523
15693
24769
25184
14273
16826
28471
18633
24977
11658
11947
13243
269
15403
1411
14149
32799
9538
5323
33257
33640
17683
31393
29885
2231
30394
5032
32792
24377
25780
2522
20101
4186
8081
22837
12840
12444
29061
17741
5452
22612
891
23358
7089
29204
13956
13103
31951
20117
1195
19445
21213
8897
19992
29122
25064
11262
28244
15174
25476
29742
3826
31218
18748
26512
29801
21165
10786
15387
20461
3146
15936
23802
426
11355
28413
1426
15894
29372
24151
20174
14229
17586
10807
16016
2622
30641
20604
7240
12986
24239
24376
14485
18122
6224
24150
22656
11899
17626
28126
23867
13956
23577
25171
11522
23138
14909
2153
22308
21826
22756
4645
22850
5721
14885
9078
14702
827
22834
23414
16085
4639
18330
7899
29089
18916
21246
5932
15595
20701
9759
3396
16608
9741
3180
14088
21597
25085
24144
9447
3142
25117
27549
676
20779
18900
24216
20717
3071
18569
11137
3303
24176
20165
20198
17833
13660
16639
8508
25027
5389
19614
21734
7069
9224
3530
22662
15651
23051
13370
12797
25540
25213
16226
17294
22008
25140
13954
16469
18718
10587
9976
8583
14542
22304
16074
10108
5246
14511
14403
8426
26418
13549
25334
3106
15749
797
12673
4971
21340
2568
7415
22133
2745
20547
23321
2374
15358
13021
25753
20765
23727
2377
6345
20996
16833
14981
6608
10718
9258
920
23383
24438
13008
23553
21322
17407
23651
1859
14391
24536
11131
13879
14761
22801
21942
7426
1120
13740
6819
5141
17887
12538
15274
23029
12756
15707
23356
12135
22721
4832
18169
13371
2225
20278
17783
713
14200
10518
7086
10730
2527
21762
7054
8257
20750
23280
20861
8621
13824
18241
11226
2321
18807
4668
17951
20844
5435
18131
15520
13348
4020
19763
17716
19012
12668
1507
10944
16089
10144
4015
17254
22075
562
1038
8834
915
14337
1544
22418
14310
16930
18974
9971
4613
1360
13009
12880
12733
2339
21104
9814
9476
8346
8807
1624
3555
3959
20869
10013
2573
15797
5375
17076
19191
2771
10448
11667
18048
21942
4355
3786
17318
12798
16262
20329
6645
3521
12619
2401
10853
3222
6814
567
11964
12362
2127
9186
9544
7169
12097
21103
10856
2732
2329
4338
5020
5908
2501
9327
18890
10159
15272
14370
15951
9497
20032
20668
18324
8157
10756
14469
14778
6922
13992
6017
20258
4203
12310
13640
9871
3310
6810
13392
13842
7961
14799
5485
7651
11730
12858
18042
17758
489
19184
494
6458
12300
16675
3164
38
12885
11084
16156
6871
6643
16347
2394
5089
16901
10564
6402
17246
11577
14054
6486
1034
3871
12808
7633
11153
5621
7559
14802
1503
13331
5490
10514
6926
7416
5526
2017
12421
4367
3163
13275
13476
12394
16636
7115
3168
18493
2252
15685
14559
14612
14353
9696
9838
16104
12961
2743
9386
8021
12954
5261
12194
3370
10456
15637
4775
2729
11915
11769
1489
1851
6315
15716
15230
8084
9225
17858
13529
17192
18247
3255
11032
6766
2721
3900
7278
6561
13929
7620
6218
3485
8612
10028
13845
6233
6729
14016
16023
3117
10555
14443
11443
10642
17643
4645
12243
3927
54
280
3731
13531
4297
1600
17346
3060
