273,-480
1523,1043
3799,4768
5835,4899
2359,1869
6979,5981
5137,5838
7929,8009
4039,3319
9966,10711
9311,8706
8489,8614
8004,8044
8092,8058
9974,9552
4518,4343
4264,4632
1915,2149
3069,3415
4121,4319
2360,2993
6741,6225
7263,6338
4653,5150
456,1088
4658,5029
1577,1484
351,911
4973,4124
7030,7438
2213,2428
4260,3850
9076,8730
2488,2195
6851,6186
5402,5493
6520,7506
9620,10261
1433,1172
5457,5887
8535,8735
9425,8441
7380,7575
1625,2327
4186,3357
3432,3400
4847,4157
2683,2968
3446,3671
9534,9807
6695,7459
1644,1361
4783,5479
8525,8220
6377,7250
5925,5571
502,8
3058,2737
4081,4388
9808,8983
6389,5595
5736,6217
3420,2444
9963,10937
3083,2134
6086,7062
7624,7012
656,-173
188,-745
4411,3879
4936,5812
2061,1635
8412,8332
9442,8498
7598,6836
4936,5466
9525,9206
6432,6737
8926,8571
770,385
6735,6339
7283,7344
9730,9133
7563,8199
7212,7534
1399,1070
7822,8110
5655,4764
9915,9714
9407,9901
8497,8997
6442,5652
9520,8821
6389,5395
1519,646
6544,7040
1590,1012
3046,2209
1708,1326
5586,6089
5735,6677
6359,6600
4286,5131
3096,3696
1092,1260
7637,8617
3582,3729
5791,5003
645,1388
9301,10282
6239,5387
4291,4781
8848,9530
4072,4905
7104,7861
4106,4119
3642,3263
5583,4825
8759,9191
6788,6736
3245,3215
5328,5558
7295,7968
7183,7456
980,31
4828,5464
131,-371
4827,4544
7940,7898
7747,6908
2950,2244
8185,8639
5174,4643
497,861
6233,6557
9953,10497
1289,1369
7232,7022
213,1035
2482,2669
6597,7090
3543,3313
810,498
4747,4472
1539,1674
8716,9669
4217,4854
5267,4729
1662,865
2877,3622
3500,3822
8932,8633
6171,5699
2289,2388
3842,3450
4796,4023
4381,3518
5084,5158
3306,3171
3382,3470
6048,5927
9945,10102
3705,3966
8028,7771
1716,2370
9337,8798
9831,10734
6766,7553
9513,9333
8019,7444
6410,6119
9238,9354
6313,6768
9821,9723
8204,7411
4228,4104
9974,9505
3176,3710
7057,7498
4617,4368
6159,6472
6366,5947
8627,8778
8939,9220
7453,7135
775,446
1064,1261
3965,3258
8213,8843
671,-103
8609,7629
4437,4345
1153,2137
8722,8944
7624,7501
7955,8334
8119,8633
4155,3695
9888,10874
4298,3321
4841,4171
4280,4632
2770,2229
3483,3735
9442,9149
3340,2762
927,1649
1161,1313
3632,4526
3370,2541
9059,8913
6054,5711
4373,4359
7807,7131
8087,7473
9289,8737
1585,1092
9834,9408
5933,5834
2729,2353
8736,8044
4972,4780
6401,7192
9802,9477
4338,3382
6208,6410
4311,3334
2,788
9737,8823
1566,1549
1363,1027
7402,8075
4203,4986
4761,4262
7667,7420
7246,7355
1169,2060
3276,2347
8967,8461
948,1787
8368,7454
8307,9194
1064,1359
6590,5665
2451,3030
9508,9199
6507,6557
5026,5699
7010,7916
6372,6153
336,645
1280,1201
7045,8005
7326,6678
5926,6875
1374,734
4760,4103
2239,2792
5812,5950
8474,8272
9431,9281
397,-166
9959,9658
5527,5657
1836,2017
3962,4244
6926,7364
5982,5933
5821,4949
5980,5747
1604,2434
9686,9872
9030,9132
205,1162
8734,9675
8393,8667
8363,7688
1606,988
2624,3564
4645,5129
5579,5321
3759,2867
9291,9843
2996,3127
7539,7614
3885,3736
5392,5250
3303,2905
1671,1725
4566,4506
4761,5506
9009,8491
3835,3205
263,1178
422,-230
44,983
5866,5489
9596,10098
5930,5170
3030,2969
8347,7601
6241,6476
1610,1159
6773,6810
388,774
1694,863
2395,1639
5127,6074
1628,2270
7810,8118
6957,6440
7289,6555
3509,2799
278,115
4282,4826
4568,4539
6144,5746
4281,3972
3160,3304
5977,6179
6650,7368
1917,2759
4019,4554
4749,4072
7927,7880
6467,7399
4303,4563
5871,5762
893,54
1356,654
8131,9104
438,364
7884,8032
4924,4291
5756,4902
8578,9303
6678,7005
1038,1168
9689,9212
3904,3257
3592,3653
8702,8825
1162,544
7505,8199
706,1113
9912,10013
7367,7050
4557,4147
5182,4338
9955,9608
635,755
6024,6110
8027,8145
2133,2012
339,914
3619,4129
6321,6581
5005,5705
2682,2359
8790,8092
1182,1929
9077,8716
2510,1627
4199,3588
6346,6817
3569,3906
5361,6038
6992,6827
1725,1364
1761,1497
1243,564
4926,5710
5530,6461
2712,2275
1949,1976
9069,9427
7112,6272
2496,3399
6126,5476
826,291
5109,4991
3238,2670
9690,10317
9666,8778
8630,8274
2968,2421
3537,4434
8947,8438
4596,4391
6633,7131
1641,2573
2412,2700
9161,8678
191,-74
9406,8659
3349,4342
1100,1918
2857,3771
2566,2420
4196,4663
9553,9786
7345,8014
1901,1763
2942,3657
9247,8778
1371,636
2965,2663
9784,9913
4356,4021
5083,4221
3106,2981
155,544
3370,4032
2659,1854
883,1148
3783,4627
3519,2520
6929,6791
5866,6261
918,906
4105,4226
7671,7665
2284,1814
8160,8059
5925,6275
6286,5498
966,261
7372,8360
8886,8899
6008,5752
767,1015
1418,753
5251,6215
9138,8683
6150,5263
1695,898
5762,5605
3620,3093
4913,5826
8447,7508
4470,5088
6178,5435
344,571
9785,8859
5442,5611
2414,2385
9998,10700
5210,5389
9755,8979
6245,6091
4828,5376
8360,7940
9527,9547
701,-168
2015,1105
6198,5697
9731,10020
4819,3929
2451,2616
9763,10243
8814,8823
6380,7151
1151,186
702,1620
3772,3608
9319,9378
1912,1070
7069,6574
933,1152
5962,6068
8623,8143
4287,3728
898,945
6105,6904
4193,4118
7641,7208
6161,6572
9964,10221
9331,10072
5260,5737
2579,3459
4943,5263
8543,7877
1787,1502
7905,8803
4738,4319
1806,2731
755,1231
9769,9921
1790,2338
2430,2085
5869,6700
1493,1835
5839,6452
6074,6192
5586,4879
8639,9542
4970,5021
3517,3333
7850,7519
6257,6108
2012,2819
7677,8335
1701,884
1519,875
7993,7875
7549,7273
3575,3294
4845,4713
354,992
8286,8394
8533,8585
1606,1087
8332,8886
8758,8289
3009,3559
5452,5367
5207,5882
6820,7150
8429,8679
4972,4787
3219,3118
3707,3323
4523,5204
6801,7720
1604,1988
7291,8084
2608,2709
1685,2404
9721,9221
5111,5870
4392,4828
2433,2098
803,374
4932,4250
2528,2278
1252,917
5735,5746
4776,5273
7972,7434
3960,3834
6603,5939
3112,4024
2891,2394
1217,1230
2905,2403
5434,4480
2952,2557
970,1199
707,1223
1246,505
2940,2732
1751,993
7135,7398
6524,6669
6669,7631
950,1379
7826,8773
2945,1954
4892,5162
9596,8759
8904,8001
1351,1790
1094,895
6840,7121
9452,8769
9797,9441
379,984
9517,9729
7248,6310
6336,5466
1418,2285
4332,5072
3611,4185
656,253
3453,4280
5516,5190
3928,4191
200,288
4855,4002
2400,2798
3905,4293
912,906
9539,9678
9922,10786
2334,3220
8399,9221
9032,9930
4009,4420
8224,7667
3343,4011
8694,9562
3555,3203
6230,7161
9856,10667
8001,8950
3851,4278
7277,7430
2473,2666
8328,8247
8895,9613
6340,6587
1653,1594
3451,3866
5112,5284
4456,5026
2008,2403
5911,5584
1829,1419
9217,9068
6045,6715
6874,7493
6211,5533
4721,4640
5741,5712
6360,6479
121,-24
9071,9294
8865,9327
7307,8236
7671,7208
591,1488
8078,7212
5480,6235
9195,9880
5348,4507
1085,1262
3332,4127
3137,4096
7627,7119
3226,4169
8362,7839
8456,9450
6554,6654
7377,6683
6095,6827
3818,3997
9571,8690
3955,3209
5736,5113
1864,1420
9839,10519
5406,5858
7430,7947
9781,10327
6344,7211
22,-836
9155,9393
8461,8978
3935,4633
8590,9256
1474,1015
2060,2818
5570,4762
1149,1344
4417,4223
8721,9177
7695,8604
2828,3153
128,322
1295,451
3620,2905
8062,7494
4449,3590
6849,6962
8360,7589
4970,5279
8501,8589
4908,3908
355,-130
4601,5524
9507,9111
1390,1753
9402,9378
9685,8738
5635,6487
2394,2416
3438,3340
7717,7249
9623,8625
8664,9375
4917,4947
1202,813
8512,7572
1488,1046
7663,7411
9145,9408
6724,7293
1437,1506
8696,8367
5162,5983
5637,6253
2758,3691
2929,3394
7880,8588
1298,349
9789,10574
5251,4912
704,755
3785,2978
8973,8020
1197,565
5173,6165
6113,7043
839,700
4882,5381
4925,5202
199,-138
8751,7804
8359,7934
6274,6065
8080,7239
493,442
4813,5197
2140,1494
479,-297
2162,2219
7595,7733
4655,4701
839,896
3142,2992
727,-74
1634,1949
812,947
5372,4402
2407,2266
974,1475
4569,4186
1219,2058
5213,5408
4227,4806
4153,4038
4964,4173
2173,1215
8402,9292
1881,2810
2885,1916
8616,8104
5714,6412
9498,10061
4259,3989
9646,10013
1837,1290
9809,9189
8645,7651
849,1761
6080,6908
3745,3411
7141,7116
5294,5364
4974,4924
8151,7264
7345,6709
3703,4600
5125,5349
2043,2228
3303,2673
2670,2626
9989,9615
2634,3195
9046,8411
148,-702
7326,7173
2659,1803
3158,4025
4084,3860
529,1456
3862,3347
3667,4440
1406,871
5611,5056
8812,8839
2953,3732
8639,7831
2992,2232
697,330
5778,6746
6356,5738
2958,3355
4373,5314
6930,6025
3156,3830
5961,6593
5972,5056
9471,10225
4838,4315
4034,3409
6734,7112
2441,2238
6692,7419
4471,5373
2672,1857
7960,7822
3005,2129
565,260
5509,6481
6889,7022
1770,2463
7756,8755
8726,8813
46,863
165,-608
5398,5216
7980,7737
3941,4212
5808,4839
2174,1474
6460,6484
2961,3342
246,196
8053,8664
6773,6252
8721,8819
3014,3736
4363,3964
3938,4166
6836,6831
1618,643
3914,3475
4163,3478
977,1022
4587,4421
2079,3003
4867,5562
6385,6392
6322,5723
3289,2324
5856,5644
3536,2897
3319,2890
3612,3451
4810,5144
5772,6280
638,-1
421,867
6840,6056
1211,337
6620,5748
1039,90
8743,9106
597,169
8225,7234
7349,7597
9740,9249
9539,10244
8743,9564
6840,7004
1295,1590
3173,3570
5801,5047
9432,9522
9313,10112
3807,3675
6927,7119
3399,4344
1839,1779
9300,8576
466,1068
1697,1351
7278,6390
4566,5114
7979,8682
6869,7734
773,-64
9134,8607
8289,8204
6635,7306
381,372
6168,5934
8528,9496
688,468
3496,3893
5494,4977
4094,4045
972,1102
9919,10747
3656,2877
6658,6311
318,606
4281,4604
1407,978
5622,5670
1002,936
328,-528
8418,8462
6365,5922
2065,1577
4443,3867
5979,5009
4603,4055
8073,7228
9475,8526
6598,7123
814,-175
626,659
4847,4035
2210,2484
2649,2004
1962,2639
7149,6658
7572,7006
9021,8576
6323,6530
6848,6604
8204,7210
3022,3431
3408,3820
9861,10783
553,1312
3703,3349
3588,3490
9267,8792
9225,9571
2821,2572
6054,6884
5018,4952
264,-734
9368,9616
4998,4318
6753,5845
940,481
5331,4385
8292,8984
4658,4061
4268,4298
1047,815
4214,5163
2011,1229
2223,2882
9023,8112
3654,4549
8844,8840
2285,1800
3627,3974
1637,754
2829,3010
9434,9032
1270,1811
8534,9026
4904,4053
2290,2801
7391,6505
638,-101
1031,353
9933,10084
7063,6066
4756,5590
3129,2682
4026,4442
6966,7352
217,1085
1840,1237
9098,8868
9047,8253
9692,10079
5104,4325
2074,1972
1591,2326
30,-475
6732,7318
5152,4582
917,1065
6079,6847
9582,9732
6946,7101
4999,5731
9004,8063
6982,5991
6448,5930
8091,9049
6024,6297
8536,9283
8569,9486
8642,9214
4404,3949
4656,3788
3079,2429
9902,9163
2063,2046
9101,8586
3533,3508
2961,2772
6355,6169
5519,6477
9359,8447
8780,8781
2859,2154
3152,3303
8359,8828
9617,9039
8809,7931
1867,2494
11,1005
7301,8279
5424,5757
2271,1658
2047,2893
9015,8224
9764,9281
6270,6182
302,-315
7487,7478
319,89
3865,4218
3392,3756
5487,4538
2314,2113
5063,4748
4611,4338
1983,2353
581,1103
4147,3816
2235,1601
798,729
3446,3194
9448,9573
8626,7845
5957,6717
7756,8236
5512,5001
7555,6918
2184,2554
3604,3858
7570,8153
7627,7684
4230,3466
7769,8004
3644,3842
434,790
8386,7525
3865,4410
9652,9068
2380,2802
8823,9049
9935,9049
8564,7676
2719,1815
8478,8900
6799,6002
1490,573
788,959
8848,8935
9109,9013
976,447
9006,8556
9480,10018
7452,8200
5635,6545
6884,6309
7260,7511
933,1730
4850,4007
1911,2820
5425,4765
2551,3051
8435,7883
8810,8804
2440,2246
3632,2966
879,1838
9127,9064
1988,2375
1747,1594
1511,1566
4936,4658
3810,3509
1289,601
2392,1745
865,232
9645,9151
5276,5774
955,450
4955,5145
5065,4945
1987,2684
4872,4079
4281,4208
1704,1086
708,1041
895,702
2643,1931
9535,8906
1402,1881
1777,1186
2650,3183
3443,3369
7371,6559
7954,8263
8504,7791
9601,9680
582,7
1118,1661
9371,9136
6626,6038
3991,4044
7033,7075
6801,6309
6908,7740
4197,4784
4094,3564
636,703
6849,6955
4084,4813
7499,7877
6180,5791
8711,9550
1130,484
31,-493
5020,4748
2301,2468
3873,3735
1571,2539
5867,6543
9653,8958
225,60
3463,2636
7585,7130
1051,1373
5413,4704
395,-251
6954,6929
4467,4511
7564,7936
963,442
6550,6495
8656,7702
6347,7021
8170,7773
635,318
396,-15
4367,4646
2474,3280
749,1465
418,395
5402,5326
3853,3245
2773,2711
1098,357
6791,6949
2987,3414
1832,1195
9845,9722
4104,4511
515,-475
3611,3446
2737,3068
971,291
8032,8716
6727,6704
6188,7177
8448,8188
396,15
875,301
2818,3558
2852,2919
5633,5951
1710,1190
7556,8489
1317,2111
4548,4768
4213,3305
3012,3938
891,1288
3349,2909
747,158
3412,4017
4006,3995
2062,1846
8891,8559
339,1147
4899,4566
3459,3190
9231,9829
4418,4934
2555,2200
9601,9584
2567,2800
8123,8941
2218,2244
3085,2716
4694,3709
3204,2353
7179,7911
1425,1818
6835,6340
3827,3439
2539,2798
2295,2561
9555,9182
819,1660
5205,5197
3925,3689
6480,6891
5799,5662
7315,7420
2738,3565
5838,6778
9301,9265
2422,2015
9388,8460
2683,3267
5078,4201
4378,3815
9174,8489
8788,8025
9276,10242
2067,1541
4608,5118
2854,2182
6600,6423
2293,1491
3972,4748
4320,3654
7926,8569
5637,6610
212,-318
8154,8968
1393,2332
6203,5973
2414,1806
764,-220
8782,8222
1599,721
2282,2527
9852,9038
6694,7585
7125,7363
7182,7567
575,-8
9886,9725
2363,1363
3625,4232
702,1524
4950,4510
8080,8471
2936,2313
7338,6599
6415,5900
1577,1489
4911,4842
9978,10427
505,1100
1333,365
8504,8175
5988,5397
6843,6781
1429,1684
5537,6391
3120,3400
1680,1087
6141,6493
5389,6229
5590,5491
5933,6200
3544,3795
9042,9534
9478,8829
1183,341
784,450
5947,5983
3378,2518
5033,5070
895,973
3613,4286
5035,5585
1832,1658
6711,7658
4782,5201
9314,8413
9450,9871
7037,6419
8935,8586
8875,9090
9250,9722
9533,9859
8906,9461
9345,8818
3936,3535
3423,3534
3892,4485
4714,5225
3449,3247
8668,8091
5158,6074
3013,3699
3790,3332
6804,6122
4699,5453
7061,6067
1428,456
2388,1742
4220,3562
7140,7818
6904,6267
2057,2240
1423,1332
1215,1728
6424,5859
9612,10125
7786,8533
8408,7521
6974,7149
6124,5398
7902,7264
9521,9250
6013,5670
8580,8695
2373,2222
8448,8165
4003,4085
2316,3285
7332,6543
3711,3612
2957,2660
7342,7058
4049,4720
9350,9841
1299,1300
899,525
9211,8261
5965,5756
6619,7200
2446,1848
102,-698
5631,4721
8350,8124
3096,3222
4577,5480
175,235
6001,6567
2100,2057
657,828
5537,4759
8081,8246
511,-65
9011,9778
3847,4351
811,823
4590,4530
6902,6145
2412,3029
12,-563
4171,4726
4559,5305
8683,9384
9416,8476
4080,4348
8671,9000
8327,9125
9874,10251
1393,2015
4237,4684
9248,10012
7067,6743
1738,2142
1280,956
6654,6194
2709,3041
7941,6973
924,1014
2592,2234
6993,6317
8226,7228
9551,8858
8675,8236
4158,4790
4040,3265
7056,6615
4331,3841
4875,4112
3225,2695
7746,6898
9098,9079
1121,162
336,-133
9760,8977
4122,4515
4330,4172
7293,6849
240,376
5952,4995
9144,10046
4273,3595
8063,7242
4144,4150
5652,6084
6240,5508
6115,5504
7374,7406
3829,4131
7457,8306
4914,5459
6132,6209
1784,899
6936,7837
211,880
8155,7510
554,576
4091,5018
473,-114
4182,3475
9384,8763
766,569
6770,7186
839,353
1206,1738
3503,3038
5761,5874
9615,10551
7056,6435
3828,4742
7803,8727
2284,2929
7642,8450
1463,1807
5432,6189
3270,2635
7818,8490
3634,2763
6950,6691
814,229
3362,3563
2835,3033
2674,1677
7082,7608
1404,1746
1753,2103
2835,2604
3289,4083
5726,6328
6391,5968
7787,6843
3593,4555
8455,8244
6067,5151
1672,1557
3465,3641
5091,4817
453,-220
5019,4693
9654,9624
6989,6792
4168,5085
6543,5747
3213,2505
7596,6701
490,672
5981,5922
3399,2846
6586,7512
5376,6100
2754,2528
2650,3187
5833,6578
7742,8388
5598,5035
829,611
884,1354
8650,7727
73,883
7033,7570
25,-957
2570,3564
2347,2488
2348,2534
9339,9582
1317,1765
5519,5922
7936,7883
5828,5265
4155,4078
3562,4462
2437,1974
9665,10373
1681,728
4025,3157
5843,6023
9134,8699
9071,9842
540,664
2981,2785
1521,2506
7440,7956
4252,4616
1345,2227
6301,6352
3463,3279
1016,1438
2305,2378
6378,7335
9937,9320
7023,6857
1656,2128
6382,7295
8326,7542
7150,7904
855,245
5506,4813
9783,10098
8183,8570
2601,1928
7878,7456
8226,8653
298,1036
2496,2903
6634,7237
1027,424
6786,6671
6390,6114
2949,3135
6517,6811
8043,7656
546,619
2569,2190
7042,7658
4333,4243
3471,4348
5688,5468
3877,3712
5146,4714
9995,10882
946,152
8555,8208
9013,9243
6406,5561
3825,4251
3778,2867
3095,3211
7732,7557
6970,6877
9707,9175
3639,3776
8440,7831
3548,3815
1376,442
9888,10062
2589,2719
5206,6020
1772,2473
3534,2993
6030,6634
7352,7134
6797,6561
7819,6909
8915,8034
7533,6920
6412,6095
4587,3729
2687,3165
4584,4653
9064,9063
9200,9103
9038,9339
5126,4435
3378,3400
5970,5509
3644,3741
8035,7940
2806,3681
3044,2194
356,-28
2037,1223
4361,5060
2740,1952
5262,4934
832,451
9033,8387
6251,6423
9960,10383
790,1307
1090,937
7856,7841
6985,7250
950,428
1110,1848
2979,3872
7890,7792
6796,6316
8131,8204
9474,8713
4679,4827
8893,9263
9570,8950
2776,2469
805,652
1247,1499
6703,6235
9641,10406
6814,6604
8081,7717
6417,6208
7401,7059
2445,2052
7163,7433
1826,2046
8421,8632
5841,5128
2254,1334
9203,8546
4905,5465
6655,6425
1622,1923
2757,3211
3548,4473
3869,4129
8475,7778
5064,4471
1287,1369
631,431
7547,6790
824,-123
1250,722
7203,8047
6263,7064
6535,6288
4335,3585
8027,8963
1861,2074
702,1189
5188,5789
5208,4850
884,1435
31,-296
9219,9198
6566,6489
4656,4478
360,-251
6584,6588
8925,7930
4600,5429
3392,3646
6120,6444
816,1022
8310,9267
5265,4703
487,1205
5962,5994
3845,3232
5004,5592
1547,691
7595,7901
773,1348
8545,9473
642,1190
2855,2256
7150,7268
6743,6817
3042,2766
4316,3628
9135,8783
6243,6955
6947,6958
4710,5054
9255,9686
8755,8219
4283,3675
4334,4395
565,599
5611,6445
5682,6347
5772,6238
3840,4605
1812,1865
3532,2569
9760,9836
3150,3697
3263,3520
6777,6442
6051,5647
2377,2963
9494,9277
8979,8548
2037,2852
1721,1151
4286,4802
3855,3838
7441,7591
1647,2334
5314,5222
982,274
9836,10080
8963,8788
7297,7300
7820,7357
538,1368
9382,9590
7745,8222
5180,5875
3910,3951
7086,7450
930,1422
3412,4107
7924,8747
2753,3595
1108,1827
5773,6299
7581,6720
2733,3057
4089,4012
9370,9615
2569,1735
48,322
899,1403
6769,6553
3819,4513
4156,4711
8673,7884
2616,2661
3500,3042
2798,2250
3014,3236
7204,6797
7831,7775
9282,8904
8788,8073
3351,2459
3885,3204
1309,1015
5068,5069
490,-113
1411,1384
521,753
7383,8034
9627,9081
2533,1708
8345,8611
6187,6628
6796,6278
537,1384
3951,3866
2973,2984
9991,9051
9358,9923
9891,9534
5011,5351
8753,8249
7876,8337
5912,4951
3739,3166
6692,6704
5455,5413
9988,9914
4631,3713
5435,5726
6405,7376
7605,8319
6162,6880
8259,8073
7117,6914
4303,4054
6984,6850
3695,4428
7050,6662
6216,6803
6939,7393
8615,7804
5492,5532
8741,8718
1198,1825
5463,4509
2115,2563
8395,9051
6901,6332
4553,5521
8543,8492
6024,6545
9825,10563
4396,4215
6863,6368
6450,7427
5758,5892
8194,7968
2666,3455
5470,4820
3664,3228
7842,7176
1035,1294
5368,4821
5624,5545
413,249
8730,8070
5319,4891
7242,7524
4552,3926
9882,9069
4299,3872
6517,6362
5429,4719
6894,7256
6749,6818
2601,3371
1887,1474
7467,7177
9371,9224
5770,5755
670,1007
9491,8643
9733,9249
6335,6647
4809,4194
428,1045
5384,5667
8863,9307
997,1373
2993,3921
9175,9129
7366,6509
874,1348
9978,10000
9420,9166
7181,7603
8755,8350
60,-200
6690,6204
5335,5690
5522,6401
5367,4771
6218,5222
2443,3071
3915,4557
767,-9
2963,3572
6044,5933
6047,6572
7936,8143
9248,9888
6370,7312
9076,8245
5851,6599
5603,5485
7932,7133
8836,9692
8352,7901
7400,6838
5794,4873
8061,8869
1638,1105
1435,1857
1694,1831
7031,7740
5915,5938
9510,10436
1609,815
4671,4316
8651,8502
7325,8271
9217,9401
1665,783
2714,3076
9685,8730
5658,6032
8780,7817
9940,9760
7742,7465
59,-322
9905,10784
3699,3235
5284,6182
6607,7311
2543,3164
9905,9472
3434,3583
9143,9724
3944,4447
9099,8672
2387,2050
2968,3679
7224,7475
2733,2274
4538,4460
1351,1611
8866,8930
273,289
2980,2980
1240,1834
1766,794
6278,5681
7438,7886
4666,5627
3976,4651
2547,2747
6845,5931
4788,5774
5958,5894
4315,3676
8520,7743
7485,6596
5913,5764
933,581
6217,6134
473,403
5573,6001
6981,7552
29,185
3769,3367
4639,3897
5007,5283
7072,6643
8878,9550
7643,7035
256,51
7382,7959
3866,3594
5652,6054
3590,3425
1808,2365
1432,1737
7413,6474
6035,6527
93,-374
2759,3061
8000,7823
5136,4716
1856,1398
6507,6731
1394,2008
9033,9024
6142,5347
5327,6255
7885,7814
8311,7404
7401,7752
4414,3470
6800,6436
934,62
914,1044
8095,7265
3103,2555
5512,4985
5886,6616
9595,9300
7991,8585
7343,6433
4334,4458
7771,7225
8989,9964
7592,7328
5575,5575
9723,10424
1516,1474
6409,6245
8669,8198
543,807
6640,6107
1134,1235
2599,1915
7027,6201
2972,3580
2997,3206
212,643
1941,1317
6432,5621
4193,4045
5405,5216
8070,8810
6992,6968
7339,6712
6009,5078
426,104
3635,3366
4939,4791
242,452
5475,4526
1961,1807
1637,679
9867,10280
3936,4399
2592,2539
933,1786
2449,2110
8049,7970
2745,1856
406,-581
54,333
6206,5878
7707,8126
9526,10512
3807,2953
5444,5907
7542,7005
2149,1798
4892,4882
8855,8405
5477,5977
9363,8390
6541,6873
1401,2230
264,580
4220,4540
6381,6867
202,791
6667,5833
6921,7056
7902,7467
9744,9114
9400,8865
3446,3103
2410,1950
5221,5136
1109,1633
1996,1178
4250,4076
5587,5275
2958,2101
3771,3903
7816,8251
4779,4250
8045,8080
760,187
6572,7224
1212,2067
2993,3610
4571,4998
856,659
672,-107
6556,5714
973,153
175,806
4373,3511
6448,5642
1609,2231
5421,6359
5225,6199
8509,8831
5825,6277
5881,6479
2921,2020
9738,9195
5604,5928
839,54
599,515
9433,9607
4458,4414
4545,3589
7583,7802
9733,10085
8311,7808
5792,5183
1271,1240
9577,10455
8865,9718
8876,9422
9986,9461
2671,2537
7372,6746
2772,2847
6968,6512
8595,8351
8795,8535
295,-336
6261,6377
4039,3901
8764,9450
1744,2221
7073,7445
2014,1948
3542,3420
1682,1373
1159,1538
2246,1536
1677,703
9107,8218
8759,9315
8218,8434
2254,1511
8130,7915
162,-692
8674,8206
4896,5614
7612,6769
8863,8381
7274,8125
8482,7875
4715,5047
488,1403
476,9
8748,7978
1188,520
9095,8478
5600,6274
2080,1580
9556,9129
3238,3677
7011,7712
9950,9617
6134,6586
7066,6558
751,415
8377,8219
3779,4700
5658,6155
4032,3269
2339,1425
5443,5051
7840,7152
3266,3718
3794,3103
1706,717
196,-661
9389,9839
3352,3720
4559,3759
9079,9175
2201,2219
6565,6233
7138,7801
8459,8503
8299,7388
4392,5323
969,1740
3423,3501
2148,1184
6795,6739
6734,7073
7570,6768
8411,9012
5205,5042
1164,742
8698,8426
4431,4626
3905,4837
4033,4367
1314,1980
7472,7502
1894,2428
5282,5058
4728,4327
3116,2718
1374,894
2777,2048
2508,2326
2541,3143
8567,8966
5540,5233
5094,4150
1125,1937
2426,2820
6974,6016
6906,7552
2850,2796
8612,8817
555,1064
8926,8087
182,-507
8060,7680
355,-465
211,-555
2502,3145
8821,9716
7727,7151
3988,3323
4340,4960
9874,9882
6578,5762
9006,9509
528,-85
7367,8068
8699,9177
559,1040
206,-236
3860,4320
1704,1191
9655,10117
6073,6714
5025,5414
2827,2159
8150,7692
421,304
4101,3945
3620,4131
2109,2267
6824,6641
9894,9742
1773,2266
5,-507
4035,4884
4896,4091
2854,1969
3493,2595
4504,4452
9271,9432
9824,10612
5037,4980
4221,4713
309,947
1180,1614
2708,2278
406,-242
7224,7507
9911,10490
1941,2277
6225,6171
9583,8693
148,-699
9974,10057
4808,5033
2214,2918
1184,1059
7062,7810
7816,8392
846,1170
3181,3540
4458,3614
892,1173
3681,2957
1297,2125
8887,8752
2273,2488
688,-23
5951,5449
638,1537
6330,6192
8026,8218
5116,4413
3635,4080
3208,2943
6255,7189
9044,8457
7798,7781
5054,4449
6694,6137
2873,3333
5381,5683
5422,5835
759,-112
6195,5738
6330,6139
4135,4452
4367,4619
3569,4105
6780,6721
7117,7245
5926,6605
4040,4339
4717,3902
2090,2173
1893,2577
846,175
5007,4074
7072,6216
8108,7598
6021,6232
3366,4339
6004,6063
5279,5339
6462,6973
9036,8450
1899,2179
1138,1883
3261,4021
1514,1407
2160,2567
1164,1579
2270,2374
1307,1436
6918,6892
8049,8710
745,198
1076,381
6644,6454
3757,4658
1604,2311
5455,5169
5683,4737
9455,10422
3731,2981
2675,2142
18,-454
7645,7077
9166,9992
8157,8842
5357,4413
19,-107
6409,6431
8965,7967
4110,4364
1313,1329
8838,8950
6534,6166
3582,2640
4299,3517
3119,2269
9996,9100
698,347
8293,9005
886,466
9328,9792
3836,2890
1,-234
342,1320
2015,2636
8821,8919
2061,2808
7541,7793
7069,7293
1648,2125
2047,1160
26,824
8859,8913
2281,2798
8651,9437
9930,8977
7601,7858
2419,2186
9419,8769
9671,9877
6201,6618
3655,3249
7950,7011
4636,4187
7966,7367
5525,5670
630,1448
9848,9265
3971,3455
9720,9794
728,206
7965,7811
2010,2953
5454,5646
5673,5156
1271,1822
5925,6080
4765,4131
328,-29
7223,7357
3554,3355
6660,6061
752,1566
9710,9777
8605,9316
7541,7304
903,955
4272,3405
9792,9637
4924,4197
8534,8923
9369,9483
8579,8121
3862,4064
1780,2603
1020,587
6799,6262
745,882
3069,3631
5836,5124
6975,7634
766,-181
5238,5035
2620,1703
4843,4423
4203,3204
9828,9729
4656,5312
9883,9071
5846,6663
2082,1870
8274,7571
6834,7580
2589,2904
2644,2083
9173,9525
3924,3498
1100,262
3697,4521
1716,1042
3446,3794
2511,2881
5386,4793
8817,8370
1799,2540
1071,1055
2802,3306
1843,2550
7200,6832
3919,4472
6538,6712
9823,9330
7480,6673
507,609
5642,5107
1746,2654
6247,6233
4089,5066
9782,9826
319,169
1201,1077
8595,7703
2427,2724
9221,9908
5949,5006
7795,8441
9817,10643
3935,3689
1952,2411
8543,8876
5249,5447
2863,3657
4372,4091
2167,2643
2364,2875
331,-392
747,162
2271,2639
8250,7452
986,229
924,633
704,1624
4725,4880
2539,2405
4068,4682
8092,7593
5539,4819
5140,4752
6544,6224
669,397
5004,5388
1910,1598
2701,2107
8059,8961
3488,4295
6643,7226
7310,6419
3012,2104
1987,1019
8101,8755
9646,10131
3005,2719
4633,4975
8876,8495
7852,7035
8180,8553
5998,5820
8737,8621
6618,7368
657,504
1270,460
480,503
8456,8180
1423,1266
8162,7554
4745,4320
9205,9254
2364,1981
5801,5657
9923,10484
1065,563
4713,5649
7766,7750
6000,5410
9005,8829
4481,4021
7322,6776
2904,2207
9182,8531
9917,10244
2202,1452
2669,2296
1408,859
1896,1027
4068,4094
4475,3607
2969,2080
1713,1583
5862,5316
4303,5019
8531,8208
5706,5623
2153,2881
9386,8806
9028,8592
4082,4457
5470,4974
2901,3729
8274,9028
9360,10114
2051,2602
5670,5694
9057,9241
4665,5304
5686,4960
6031,6358
392,869
8609,7996
1215,1275
4587,5242
9380,9442
6074,5584
3993,3999
689,1052
227,-486
2894,3315
7454,8446
369,-417
5634,6043
6693,6215
1427,1218
946,1092
437,167
4153,4466
3868,3747
2700,2828
8427,8687
926,1281
5047,4612
119,393
1062,752
5023,5125
5614,5064
3685,3766
6926,7398
2200,2157
2195,1683
1673,1485
4407,5216
9408,9292
2648,2405
3116,3495
5355,5809
1722,1417
4265,4441
9459,8927
3834,3440
3624,4263
905,1204
5110,5063
6990,7360
3824,3376
128,-510
2722,1985
7916,7353
9129,9037
4938,4755
9088,10081
3089,3577
201,-355
9156,8910
5164,5563
4816,5004
1499,662
7406,7501
885,1877
6311,7305
2854,3017
6763,6860
6720,5975
1193,615
1026,1396
7915,6915
145,-328
5028,4821
8314,9120
2474,2090
7498,8273
7583,7443
6167,6740
7670,6778
5265,6214
1065,644
5084,5143
9754,9837
8839,9367
9960,9600
4297,4057
4969,4557
3050,2380
3335,3869
4590,5575
7342,6422
9426,9836
9705,9691
8280,7580
5632,5066
18,6
9061,9872
782,1222
9718,9639
1415,476
2579,3245
8657,9333
3635,3624
7969,7425
194,192
557,920
8155,8039
9487,8834
516,1218
3827,3951
8606,8164
1388,970
4121,4490
6404,7320
4445,3987
6581,6615
8602,7830
3903,3210
2232,2840
631,1173
7710,7326
3590,4348
1337,575
253,413
4771,4581
548,-96
2704,2138
1776,1761
8031,8477
5332,5831
78,217
4064,4516
9246,8525
2350,3010
7817,7855
6455,7089
5426,5006
8330,8623
3459,4343
9044,8396
2165,1276
6904,7592
2866,3396
1907,1503
1952,1784
608,-294
1347,1961
2911,2524
2872,2863
8654,8874
2065,2092
3479,2753
7016,6660
7811,8254
338,825
5859,6761
5210,4539
5495,5549
2718,2209
9366,9209
7975,8324
9887,10697
8745,8512
5681,5730
170,92
1893,1694
3279,2912
9370,9204
1897,2566
6963,7230
6873,5903
4778,4776
6473,6997
215,212
5683,5949
9193,8502
3961,4517
7808,8709
5950,5869
6833,7174
2658,3336
6424,7129
2781,2958
1597,891
4700,5277
3039,2506
7345,7997
6068,5713
8839,8853
4601,4425
2734,2386
7497,7029
3695,4645
7211,7797
4853,4177
3308,3270
1141,379
2526,2178
20,620
5156,4591
977,558
9901,10292
4338,4275
3605,2803
2449,3148
7526,7545
6188,6847
3909,3299
1514,1630
5124,4218
5204,4996
7467,7516
1004,532
3321,3266
2871,2761
4148,4361
6359,6570
8578,8830
9239,9927
8190,7980
3340,2842
7974,8871
2311,3141
4736,5157
9403,10256
9364,9316
7850,6873
6359,5882
9827,10802
2707,2588
6856,6473
8679,8971
1698,2462
2085,2943
8597,8204
2141,2974
3677,3698
8168,7715
2310,2436
9603,9466
5138,5352
7727,8639
9101,8517
7925,7112
7107,6680
1957,2622
4933,5180
495,191
8693,8824
9814,9556
302,-153
4198,3775
521,1126
7295,7182
7651,7757
228,-290
8079,7319
3990,4577
4934,4006
7476,7697
7263,7690
8010,8826
4899,5082
3459,3042
2063,2516
2642,3486
9893,9715
8068,8687
855,1464
6898,6399
8518,9257
2952,3470
8134,7624
870,316
2630,3439
8296,7344
9178,8822
5005,4229
4143,3263
187,627
9298,10165
6513,6321
6701,6067
8243,7560
9417,9535
3476,3197
8599,8138
5161,4607
6738,6465
1868,892
9898,9537
3204,2592
6932,7199
3247,4246
5135,4589
6913,6658
1760,1167
5078,5433
668,1665
8596,7902
6805,7333
8678,7973
6705,6653
4010,3787
4019,3579
9661,9308
3894,3796
3711,3879
6477,6909
7912,8341
6058,5678
9275,8846
9725,9111
420,1220
8909,8547
2636,2695
5981,6531
9100,8329
4050,4550
9392,9974
7704,8095
8101,7565
5611,5252
4799,4654
5376,5367
8681,8500
4057,4841
8133,9056
146,117
5307,4564
505,828
3952,3321
9653,8816
9693,8831
7455,8159
2682,2114
3909,4084
7540,6635
8232,7242
6103,5113
4360,3568
6585,5757
3777,4432
5040,5655
2197,2784
2164,2551
9624,9285
3614,4265
7656,7282
521,-255
246,-423
7844,8332
8937,8119
117,-179
9967,10927
3952,3056
9580,9399
7764,8027
4715,5113
176,-649
5262,5864
6298,5817
9708,9720
5424,5950
2065,2741
6140,5252
8329,7420
8962,9303
1640,1191
1281,1128
8956,9623
864,1197
8256,8310
392,-526
2548,2001
5654,5283
5658,6108
5373,4573
6529,6126
6192,7050
7048,7672
4147,4772
2126,1322
3198,3757
5628,4756
4544,5463
178,318
4426,3934
1571,1739
8367,7629
7476,7527
1789,2351
8370,8037
6227,6909
5668,5026
7836,8016
6209,7103
80,721
2252,2519
4525,4396
395,238
895,254
767,1425
4884,4530
9287,10149
1639,1522
5492,5329
548,1045
8518,8208
1854,1878
9683,8799
4510,4320
4103,4106
5770,6379
8784,9313
704,10
3163,2216
8137,8093
5352,5633
1402,1246
898,1217
1427,485
682,911
4435,4657
7416,6742
8838,9041
8615,8117
4152,5126
1552,2383
7976,8926
2434,2696
1793,1736
6192,6282
1908,2062
6848,6930
9803,10644
8587,8740
9542,9387
9686,9845
8936,9370
9359,9058
8207,8325
4532,4821
9256,8482
1632,2363
7121,6898
3312,2628
9569,9795
9757,9088
4485,3602
3415,2585
9604,10110
8403,8037
5124,5640
1258,1785
6127,5885
2228,3094
8836,8625
8305,8774
544,-96
7185,7406
4398,5147
9312,9734
6980,6087
5626,5010
6782,6184
3025,2561
6373,5493
9293,10190
9318,9289
1125,949
539,468
6103,6325
4796,4559
6478,6486
7362,7288
5887,5461
9206,8824
1791,1759
9966,10318
1524,528
7489,6602
4660,4467
355,-23
3683,3114
332,633
3402,2596
2626,2168
3419,4394
3002,3462
4358,3392
8606,8748
1472,652
1645,1493
5916,5127
3931,4801
6127,5599
1541,2043
9197,9212
9976,9891
9765,9354
4682,3840
5713,6548
8528,7817
7923,8462
295,912
1785,1696
5866,6529
1385,517
4074,3653
2094,1902
5197,5715
3746,3526
7898,7473
9346,8692
8000,8194
4388,3756
4570,4939
6517,5789
7763,8319
6771,5975
1381,2162
9608,8974
6283,5399
9012,9907
7066,6742
6446,6008
825,1016
5416,6148
9621,8696
1707,1084
7234,7895
9156,9422
4776,4710
6611,6892
8560,7782
4989,4468
1055,1897
968,875
5845,5756
4020,4825
6411,7358
2010,2103
54,738
6712,6308
603,909
1793,2752
4305,4920
3736,2794
6669,6722
8858,9135
579,974
7791,7766
6796,6233
9855,10755
5859,5132
8451,7643
8207,8283
9518,9427
4064,3576
1464,2220
9914,10684
3277,2367
6077,6491
9754,10314
5649,5523
5487,4731
9846,10701
4397,4230
6936,6088
9978,9893
703,711
5804,6639
3655,2713
6937,6574
7031,7099
5926,5154
1147,983
5281,5460
7338,7122
8872,8507
3957,4571
2899,3397
8110,7976
3094,2714
3141,3326
8485,7494
8841,8861
6625,5855
3709,2782
408,177
3975,3839
7839,6934
8243,8327
5782,6290
2211,2686
9981,9412
7573,8457
6205,5428
4521,4259
4515,4217
8092,8892
4752,5372
9196,9372
2,-676
8193,7566
8273,8406
1603,1511
3843,4605
9870,9911
3667,3206
4530,3719
360,1158
2356,2970
1591,1655
7893,8582
8091,9033
8158,7906
4753,5399
9868,9203
8174,7956
7013,6393
2802,2947
8129,7810
287,805
2793,2405
8454,8962
8890,8222
8487,7990
5353,4406
4985,4033
4487,3915
4842,5274
1083,127
8826,8973
3738,4365
5432,5889
9080,8567
6215,5961
8269,7705
9466,10279
9988,9514
7981,7220
6923,6148
7872,7192
8658,7859
8588,8721
4776,5169
3107,2368
6521,7393
1590,1549
4351,3357
1821,1729
946,1112
4053,3412
3762,3812
6091,5977
9262,9609
2094,3005
824,1686
2937,3063
5160,4292
8428,8400
2738,1824
7146,7858
2605,3285
3441,3922
5904,6202
1691,2337
5380,5835
7379,8302
8623,7822
774,42
7679,7040
7510,8340
2593,2045
2318,1729
9888,10198
2754,1768
9723,10433
5488,4923
2798,3280
256,1240
5819,6523
1241,475
5685,5478
7251,6305
7189,6746
9525,8858
8895,8868
3930,3561
6410,7191
5795,5963
6807,5840
2481,2787
824,608
5181,4222
5440,6373
8130,8241
3271,2555
9661,8846
3202,2453
4142,3153
1117,709
6700,7342
7546,6600
2164,2376
1914,2902
2872,3313
8720,8865
7249,7733
2135,3034
2111,1242
5605,5433
2954,3743
4342,4781
7789,7430
246,338
9497,10098
7805,8428
7272,7502
9930,9774
819,56
1206,1944
8693,8096
289,-321
5655,5849
1992,2733
3191,2867
3651,3859
7940,8873
5835,4948
1307,2262
2735,1741
9148,10145
7519,7230
5829,5603
5858,5797
4884,4789
5814,4947
8683,9225
3520,4398
1886,2445
921,1234
9609,8658
5234,4987
4331,4604
8767,8279
9922,10753
928,1595
2284,2443
2292,1292
22,-51
61,985
7272,6628
9153,8774
7323,7971
6651,5921
8261,8189
8256,7963
4900,5373
2661,2757
6434,6783
8222,7296
3907,4143
4254,3917
1828,2792
6508,5620
6813,7788
8187,7645
934,1132
7269,7650
7526,7274
8781,8337
5313,5418
5677,5399
9659,8920
8930,8747
7887,8229
3166,3327
1152,1229
2940,2387
3523,3075
8838,8137
3751,3697
376,907
6681,7625
5582,4614
2439,1943
4562,4261
9362,9040
3255,3435
5026,5117
700,1671
3734,3784
9055,8349
6395,6327
9975,10402
6697,6054
6844,6707
4912,4598
5568,6368
8697,9112
6398,5417
3888,3611
7806,8250
9292,10197
8214,8111
8092,8512
1887,2702
5274,5649
1495,2472
2586,1977
7344,6677
8119,9068
7534,8353
2844,3581
9012,8154
182,-563
1531,1089
4425,3586
3956,3156
1419,1783
7963,7274
6763,7020
2468,2322
1693,905
1101,1873
9677,9889
198,802
596,900
8850,8088
2870,2671
4470,4968
6664,7379
5125,4903
3904,3340
9472,8636
7886,7939
2586,1691
5424,4529
7485,7349
3314,2321
2477,3410
3795,4076
7742,7823
591,892
9521,9719
4496,4560
7790,8187
4789,5046
7758,6835
3851,3659
8047,8501
4723,3797
9350,10297
600,-333
6021,6804
745,774
864,-129
4283,4181
3481,2638
1653,723
3707,4513
5499,5955
448,375
9300,8315
7700,8639
9675,9981
830,402
8604,8948
1853,1120
5898,6014
7279,6465
9855,10440
7915,8531
5969,5305
3954,3410
6868,6783
628,825
3894,4000
2887,2752
9934,10602
4059,5049
9149,8379
7799,6976
9166,8558
6379,7115
6621,7135
6465,6361
2286,1398
9729,8858
2852,3235
6074,6484
7392,6979
1793,886
7155,7296
6911,6353
8957,8952
2825,2026
2858,3337
5121,4931
7240,6587
7055,7429
815,719
8129,8419
2080,1209
4728,4997
3704,2773
7123,7527
8042,8308
4015,4534
2837,3717
5655,5602
5709,5125
5532,6056
2960,3466
8693,8575
1513,1927
8243,8523
4595,3854
6048,6527
1179,1078
4632,3738
7168,7971
9237,9952
9845,10686
9712,10253
5052,4221
4056,4209
1832,1455
7384,8276
5151,5897
2986,2945
7828,8010
2787,1823
6649,5994
732,125
4949,4734
9396,10225
1478,1797
1212,584
2191,3102
8342,9020
1064,142
5947,6814
55,-398
9953,10671
8299,8893
594,1525
5467,5361
1695,1334
2081,2797
3611,3211
5103,4986
263,614
7820,8190
3329,2337
2913,3093
4416,3468
3551,2927
4957,4518
1118,633
2427,1463
4900,4736
3698,3322
2577,2910
5744,6738
4304,5129
482,1391
3333,3251
1014,1181
6778,7060
245,95
8088,7595
9253,9963
2375,2476
468,462
3048,3954
4813,4607
6698,5732
4592,4086
1096,409
9364,9372
3635,4280
8900,7945
1734,1693
1314,1663
8665,9199
5955,6251
3861,3124
2633,2506
4282,5127
7394,8344
6768,7274
6811,6468
9177,9266
8932,8244
3817,3293
4855,4742
3849,4139
7743,7319
4391,4313
2652,3012
8125,8353
3911,4234
936,1656
1937,1841
6262,7056
9523,9964
3400,2520
1926,1711
5411,5451
7835,8036
4294,4296
7167,7256
3681,4530
4288,3479
6656,5930
9460,8658
4984,5729
9324,9619
132,454
4369,5019
9320,8870
4359,4641
7486,7977
2204,1625
6533,7025
8127,7207
4605,4988
6330,6665
2771,2576
2703,2553
8376,8519
5109,4591
6157,7100
7839,7459
4808,4918
3412,3647
6502,6526
9844,9855
197,-559
4263,4672
3165,3740
6301,6308
6965,6926
6932,7906
7921,6991
2987,3971
8222,7697
1282,2087
3709,4596
5526,5501
2042,1197
5416,5031
2208,1862
6184,6503
2188,1870
7522,8476
6108,6925
4074,4923
2644,1744
550,161
9016,9728
1619,1108
855,-93
5050,5692
3129,3533
2763,2576
3276,2963
1296,2247
2365,2200
2805,1822
9592,9160
8168,8440
2930,2539
5876,5751
3478,4345
4634,3986
8292,9284
7248,8081
1562,1781
7709,7813
2796,3033
8043,7159
836,492
5547,6344
3939,3746
3249,2891
8897,8933
8917,8969
8208,7588
6070,6111
4688,4206
8714,9506
3145,2395
2349,2039
1613,1136
1163,1335
1322,1548
2264,1657
7335,7754
8550,8205
1034,1905
3626,4155
1326,2056
939,1191
5891,5826
6728,7615
2757,2058
5758,6101
7132,6745
5269,4361
4722,4616
9885,10282
7538,6931
8368,8430
4797,4426
6485,5692
1098,1095
5789,6221
6301,6565
3518,4256
7512,7132
8087,8460
3013,3836
8576,9323
2483,2231
7052,7489
6515,7382
5280,4767
2223,2948
7047,7926
5618,5283
5068,5792
41,-642
789,194
6644,7159
4054,3609
8149,8745
5393,6188
377,898
2178,2537
9010,9756
4660,4496
3802,3029
406,-523
68,219
8122,7547
8503,9317
4202,3216
8155,8625
9599,9674
5801,5565
8705,9015
5359,5388
1201,598
7370,7850
5270,5237
4070,4409
2686,2788
312,-339
9500,8986
5320,4684
2003,2781
4152,3463
9191,10018
792,1009
7733,6734
8866,8293
9435,9217
142,480
2869,2311
2317,2329
5730,6039
8352,9132
5211,4261
4950,4061
5862,5093
5747,5865
4033,4201
4275,5218
8512,8336
7082,7240
4936,5207
8005,7636
4819,4248
2037,2544
4066,4109
7721,7492
8245,7633
4130,3801
5903,5372
5784,6700
8813,8538
5690,4870
3581,4046
2437,2224
4195,4899
4105,5031
6155,5730
1837,2515
4606,3865
5475,5076
6215,5568
1162,492
8063,7524
856,348
4127,4362
8147,7466
5839,5062
5343,4746
15,931
6143,6634
3739,4561
6586,7531
8941,8897
2602,2695
3097,3117
964,1803
2120,3026
1884,1962
289,-571
57,1043
288,-286
9543,10071
7143,6226
4857,5653
6096,5362
2884,2283
2412,1528
9963,10514
9756,8935
1314,1662
416,-271
3272,2931
2538,1629
1577,1049
3809,4006
9354,8470
617,543
668,741
7912,7327
572,673
1308,1578
9800,10250
333,153
1775,1852
481,1156
6992,7018
6613,5796
1344,475
2677,1863
8310,8152
5622,5539
7924,7983
9599,9841
6316,6230
2968,3304
1109,949
630,981
8906,9685
5876,5001
8124,8563
1311,480
4306,4246
8256,7786
1324,2243
4350,4972
5565,5925
5013,5736
5902,5775
6228,5700
3325,3981
2683,2514
2190,1582
4448,5280
4656,5637
9585,9488
6814,7642
5093,5799
8744,8357
7022,7124
8458,8468
9999,10216
5091,5957
5175,4362
1660,2065
9516,9847
2387,2501
6114,6482
9197,9510
4679,4740
8662,8015
4707,5609
7166,7981
1642,2446
8610,8731
1359,1386
3929,3532
8678,9496
2256,2613
3551,3590
9119,8652
8146,7621
7277,7794
6141,6700
364,-232
1014,1818
2515,1767
7917,8907
5456,6330
9575,9536
523,749
8897,9521
1272,1852
4672,3997
8524,9316
9386,8578
3027,3395
9351,10293
3547,4011
3182,3983
6176,6887
5155,4703
4366,3454
4774,5337
4939,4426
5954,6342
1961,2948
338,1035
2570,3386
262,-553
7202,6967
8476,8792
8510,8316
7129,7011
8071,8016
514,628
6204,6516
5222,5596
7464,7037
9567,9483
1486,1537
3504,2826
5481,4889
4082,4085
1800,2795
1764,2095
9231,9657
3819,4478
1893,2465
3931,4092
3784,4666
8899,9056
909,398
5168,4681
2415,3065
46,-458
1147,738
3306,2780
1110,1526
1836,2438
6254,6536
7646,7737
367,799
5363,6141
7829,8410
394,3
585,300
9343,9886
2070,1455
5473,6286
780,1003
2424,1596
6385,5543
6134,5342
3495,3329
347,539
9026,8825
6330,6115
9490,9274
1803,1778
6814,6835
3264,2305
4896,4596
8483,8891
5773,6158
8600,9111
7196,8051
4640,5199
3726,3898
7703,7549
631,863
8319,8846
70,247
9882,10550
9870,10840
9573,9945
2728,2551
6130,6404
4694,5161
465,1394
7758,8696
6313,5348
5395,4509
8369,7414
1947,2474
8756,9661
203,-535
5262,5187
1767,1683
4281,4484
6134,5546
3326,3041
1517,951
4273,3439
8601,8228
2364,2275
7496,7321
74,220
4199,4773
6427,5699
3185,3984
8838,8005
948,1852
2853,3477
9989,10272
5039,5730
3237,3473
8454,8643
2652,1869
9605,8760
3673,2913
9961,10541
753,727
2835,2481
4836,5511
9435,10025
7709,6967
9292,9081
4343,4672
4425,3714
1509,616
8553,9295
3678,3370
7965,8243
5737,4851
7063,7790
7190,7118
5299,5615
7129,7873
8358,8532
8492,8568
5808,6700
15,-361
6797,7299
8707,8309
7127,7019
9184,9912
8110,7985
30,1016
3409,3604
9256,9880
9943,9560
1738,2550
4474,3482
4415,4339
3595,3359
2849,2592
6946,7212
6534,6128
5161,4507
9662,10167
1729,1736
454,877
6108,6645
387,579
235,-496
1049,745
9455,9259
8787,9481
8992,9819
2474,1657
1164,553
7275,8017
252,151
5170,5350
8845,9780
2146,1748
665,952
1017,1343
7533,7420
1638,1296
2039,1214
1169,1218
7413,7854
744,17
6494,7018
1783,2617
3100,2182
2232,2145
1138,1605
57,-608
8509,7738
641,830
6975,6791
8146,7429
8740,8726
6144,6338
7686,7965
6665,6527
3395,2675
880,1565
3411,2451
9949,10341
6717,6189
8629,8856
4608,4348
8922,9675
1978,1195
5488,4831
1722,2168
7249,6493
1645,1479
8942,9426
3997,4045
9546,8910
1951,2196
4728,5501
1316,1491
1325,490
5797,5562
2421,2054
4088,4975
5277,4759
7356,8151
4623,4731
8133,8869
6589,5883
6383,5624
4509,4712
5664,6385
4163,3726
806,1229
7331,6797
3031,2216
8379,8452
539,-30
4654,4471
7234,7685
6146,7143
110,374
7193,7406
3164,3870
9043,8214
3365,2748
342,1162
2845,2195
3685,3819
7395,7548
5082,5997
3594,2906
817,787
4635,5579
7823,7935
5715,5292
4629,3942
2387,3296
3448,2728
6772,7408
5853,6307
6950,6349
2008,1207
9399,9734
6817,6105
6732,6699
8798,9175
8513,8127
9034,9989
1940,2148
3725,3986
5597,5727
5460,5641
4174,4980
4694,4256
4383,5139
6328,6454
1315,1762
7394,8060
3264,4083
7298,8179
309,492
8618,8438
2324,1647
6207,7069
5142,4912
5230,4966
8242,8167
3011,2907
3430,3334
6091,6539
2840,2593
8965,9408
6743,5945
6123,5874
2135,1199
4153,3832
1070,506
217,1019
1417,860
7412,8231
9229,9203
8143,7798
5184,5873
8497,8120
8011,8987
8032,8715
5319,4934
9760,9905
6862,7548
6535,6547
6287,6916
8621,8140
7476,7218
5753,6432
4756,4948
5000,4170
1875,1125
1329,740
4575,4552
9016,9489
6790,7515
3429,3861
7971,8386
7693,7089
4372,3672
5201,4907
4230,5229
2627,2812
7570,7148
9175,9680
2305,2834
4482,5200
2010,1213
3912,2973
6111,6633
6684,6204
7538,7764
3041,3354
1041,1602
37,-899
8724,8022
1899,1345
1240,1092
4313,4517
9267,8380
6100,5838
3854,3836
2288,2055
1111,521
485,472
9981,10123
3640,3843
2839,2898
7014,6928
3728,4649
4810,4780
7609,6771
2551,3333
6413,5681
7469,8138
9445,10384
6511,7476
5005,4207
6122,5535
6109,6622
3465,3397
1729,777
9881,9528
9124,8776
4611,5287
8011,7419
4985,4693
4211,3239
7569,7377
7794,7192
474,882
392,748
2318,2993
974,910
9445,10439
36,-405
8591,8924
5732,5301
1875,2262
3982,3006
6738,7490
7796,8458
3843,3893
8639,8495
7916,8311
837,278
9754,9512
9589,10020
5730,6642
4210,4090
7575,7091
9491,8834
8867,8594
8598,9295
1216,1788
546,832
9583,8642
8303,7581
1884,2550
9511,8936
9974,10376
6330,6443
9566,8650
3348,3473
4435,4843
1475,2353
6935,6335
4626,5138
1375,547
6291,5739
7620,7107
8049,8657
1440,2261
4797,4461
3607,4203
7906,7283
360,1043
8278,8171
1143,1110
9053,9506
5145,4196
3030,3622
5728,4879
90,1019
5878,6434
2695,3538
8676,9472
5821,6233
119,-241
6444,6369
551,1515
5563,5820
9667,9126
4286,4558
2156,2715
6703,7254
7257,7587
3000,2446
2360,1477
6672,7377
8764,8458
6905,6205
8607,9023
2375,1557
7346,7225
6572,7511
6921,7029
5047,4303
590,678
7960,8790
954,912
2444,2323
3538,2791
5794,5530
6340,6627
9162,9734
3045,2191
6326,6441
8594,9381
9532,9763
436,691
4514,4623
4954,4542
3608,3356
5749,5246
6332,6491
8572,7709
1326,650
9274,8306
7493,8359
3746,4297
454,-196
42,-457
9699,9108
2385,2541
7493,8256
716,832
8026,7895
6661,5833
1656,1403
1070,593
9516,10016
8545,8597
4645,5578
5686,6193
6792,7654
108,1017
5406,6246
3428,2467
3603,3072
4956,4284
7899,7335
9482,9967
5134,5635
4839,5052
1400,1004
8708,9209
6564,5957
5264,5890
929,284
2691,1711
6070,7029
154,-794
3533,3372
9609,8784
7549,7616
6152,5955
1626,856
2053,1444
1475,1049
3181,3622
829,806
4396,3982
2382,3011
3286,2462
4985,5045
2150,1555
2928,3048
6180,6818
6168,6226
9490,8844
3283,2395
7277,7737
906,468
4893,5755
4001,4151
1176,2133
2758,3756
7900,7430
4450,4561
6613,5633
4996,5872
4105,4070
2597,2278
9705,9127
6450,5966
7243,7801
4854,4328
5463,4489
7349,7241
692,1289
3468,3337
8402,7700
1136,1102
1685,904
875,1850
1936,2301
7642,8124
7876,8261
4487,5451
5635,5228
1541,2269
3843,2916
6613,6519
7559,8440
2877,2377
8087,7355
40,273
1399,1427
2903,2351
4130,4758
893,1403
6484,6890
5116,4734
5142,4772
1256,1733
5233,5075
5525,5811
8872,9486
3590,2686
807,487
1366,2114
2115,2754
3439,4117
5926,6599
7917,7334
5373,4752
2514,1716
2183,2449
952,1295
7355,6375
5555,5333
7802,7215
6232,5508
9345,9175
8014,8336
4728,4462
3863,3397
4328,3705
9008,9117
8181,8615
9843,10479
6324,6503
4563,4393
8147,7162
6576,7323
9386,10238
5699,6624
6929,6462
5563,6313
9756,9687
6187,6015
4135,3716
2466,2823
360,-49
8648,8900
7012,6970
3591,3579
5364,4691
4484,3802
7282,8141
8252,8848
9444,10267
6309,6685
1041,928
775,1110
5511,6155
9502,9384
7327,7661
3131,2204
7367,6374
5275,4759
259,-263
4563,4168
6899,5908
6039,5267
7,-469
5260,5685
3943,3080
9367,9982
5572,5420
7417,7727
667,836
3025,3272
1266,1067
1206,2174
7669,8399
9582,8688
2376,2605
352,782
5287,5486
1380,593
2272,3042
7270,6347
9321,10226
9374,8487
3342,2985
7853,8518
7966,7694
4082,3455
833,309
3237,2587
7976,8852
8327,7416
4443,3583
2154,1872
5194,4447
6624,6727
1782,1855
7752,8168
880,129
4065,3539
5564,6200
3823,3397
7283,8262
2931,2612
5760,6496
9026,9983
1906,1021
7374,7955
1390,2305
8803,7820
9677,10065
3957,4636
1883,1088
7384,6402
8921,9586
2886,2798
7216,6653
7211,7937
6301,6717
7141,7242
7715,6984
9390,8769
9235,9906
1400,729
9016,8640
1802,2609
3124,3154
868,585
17,163
9665,9270
2766,2413
9150,9764
3751,3639
7725,8494
5176,5254
5678,4785
1435,1464
5046,4743
5030,5474
5262,5752
5144,5239
3269,3766
9041,9241
5081,5587
2181,1686
1807,958
1158,2098
9870,9242
2080,1982
9187,9478
590,-396
1180,664
6691,6273
2875,2618
5166,4668
4685,5198
6727,7434
3144,2734
312,934
6076,6584
6290,5421
541,900
938,1647
6323,6409
9262,8883
7364,6435
7193,7210
1376,1965
6627,5945
7781,7475
4389,5217
1130,731
4242,4084
9792,10373
562,-397
4557,4251
388,577
8133,8855
9040,9750
3391,3398
1722,2405
8665,8018
5683,5303
8981,9070
87,742
2394,3342
8828,7843
5764,6344
2486,1925
3144,3859
6777,7246
5828,5634
194,-684
6566,6234
8680,8840
8745,9359
2124,2896
4404,5363
9105,9328
7477,7461
368,906
6109,6803
7033,6841
7247,6567
6557,6736
1949,2114
2161,2511
4682,5277
9385,8976
5478,4956
2354,2515
3597,4275
3658,3487
7580,7324
285,270
9961,10725
7723,6838
9535,10520
7194,7892
776,161
6287,6635
3391,3665
190,1022
4582,4559
9779,10608
2411,2684
8210,7976
7739,7173
1999,2846
9981,10562
5110,4905
8724,9302
9432,8464
9511,9744
7254,6267
2103,2005
7688,7651
2241,2123
76,922
4373,3567
308,-5
8445,9160
3979,4953
6428,7307
1986,1908
3108,2518
2546,3123
4456,3916
6835,7695
789,1225
6410,6156
6240,5658
6706,6101
3768,4725
8666,8700
5398,4823
9279,8977
7331,7870
5138,4652
4792,5723
7968,8502
8036,8679
4163,3921
7144,6288
6178,6100
4062,3619
2468,2585
5798,5122
7925,7433
1240,2215
2652,3629
8191,7481
481,263
1258,1407
3663,4289
126,444
1913,2506
1612,1474
5408,4654
7676,7570
1886,2415
7399,6897
6102,5726
3163,2786
7024,7590
1870,2093
3511,4327
4342,4457
7850,7534
6066,5816
6481,5484
468,139
108,-625
7788,7774
9016,9291
529,1163
1742,1908
8985,8611
3629,3606
8943,8015
116,-720
9423,10268
52,-511
4881,5740
1349,2090
4937,4859
1677,2673
1307,1021
1445,2210
4482,4497
9549,8700
6491,6853
7376,8129
4938,4536
1363,841
5390,6057
4681,5671
453,-159
7085,6632
2824,2986
8357,8747
3352,2451
7970,7352
5146,6063
7995,8063
9069,8557
6547,6689
793,347
7542,6950
1009,902
9398,10084
623,900
1049,2015
3761,3487
9139,8157
54,676
3352,3295
5639,6132
3899,3630
6734,6261
4854,4324
7282,7986
449,-204
8179,8346
4529,5379
8302,9139
1423,1423
8766,8726
6638,6885
6170,6465
9425,9193
9656,9897
9977,10950
5713,5690
6161,7015
3075,2242
7273,7686
7037,7290
7271,6313
8716,7976
664,572
6255,5383
5282,5766
9251,8600
9265,9177
6806,6685
5943,6091
1377,1106
456,146
5811,6615
5371,4991
1981,2655
2104,2560
8627,8885
53,504
7094,7732
7349,8214
7008,6121
1799,2710
4081,3884
9109,8798
6705,6450
1963,1240
1791,1870
4583,3686
291,-601
1694,829
6861,7793
3062,2972
2062,1146
8687,8786
7409,6639
2903,2769
1049,1354
7416,7880
2604,2838
4073,3194
6606,6835
9898,10035
9862,10139
1218,2147
8340,8281
807,691
9593,10306
3961,4707
5435,5309
7956,8538
6659,7608
8028,8533
8741,8903
7618,8006
1560,2426
1587,1302
1963,2603
8252,8968
1927,2837
5453,6074
5549,5219
4164,4150
3890,3267
9414,8647
5646,5167
993,644
6918,6326
5385,5624
1417,2069
6422,7302
4333,5167
7297,6557
428,690
4369,5252
5993,5889
7134,7540
4125,4874
3627,3404
4945,4637
1314,2153
3934,3531
6925,7654
2897,2212
1241,634
2792,2110
2719,2657
1487,1288
3810,3874
1616,2138
216,196
11,-319
5869,6051
258,-296
2892,3123
9204,9672
2571,1790
5282,5324
4756,4020
7385,8251
7746,7977
6135,5651
4603,4609
9897,10768
1977,2467
1659,2039
6463,6437
6651,6732
686,120
5768,6714
4603,3674
8774,9657
7899,7663
390,694
6097,5963
9609,9641
5942,6074
3638,3017
1323,1703
1686,2013
9371,9368
6405,7248
2099,2104
9394,9312
2357,2370
7925,8265
5549,5361
8360,8198
644,1297
5954,5158
7916,7320
4210,4952
3250,2619
4275,4166
1345,2269
9436,9995
608,376
1129,1941
5076,5173
2849,2757
4383,4612
9578,9512
5642,4668
5099,5825
6474,7141
6872,7781
6455,6873
8485,9229
4621,4536
6738,6580
4613,4582
7293,6829
3207,2610
4622,4408
8961,9046
7400,7229
4582,4408
8344,8705
7627,8022
9591,8681
7985,8025
5435,5776
9731,10653
4042,4906
9196,8313
8441,9276
3807,3275
4522,4668
7282,7086
6185,5435
1918,2185
8078,8616
4412,4724
4141,4398
6424,6930
1899,1853
5434,4839
2055,2769
8378,8350
5069,5713
7662,7741
1163,2108
7307,7215
8140,8771
1029,582
629,1139
8721,8400
130,448
6989,6812
1221,939
1138,182
1268,2165
2789,2482
5478,4986
1218,924
8530,8290
2123,1364
5058,4367
9418,9172
1405,1351
1126,1306
2192,1503
9556,8945
1077,272
1107,822
5131,4684
167,732
1813,1113
3722,4406
2257,2198
21,533
8028,7198
7820,8367
5964,5555
1220,1996
9454,9674
5554,5459
6168,6104
6927,7393
8020,8748
9098,8595
5544,5350
297,140
4609,5360
747,1520
7928,7951
3770,3012
7876,7123
4553,5171
8033,7391
7072,6477
5856,5083
3388,2827
7444,7236
5212,5309
1380,1965
6551,5713
8334,8301
873,1294
5678,5033
6491,7254
4477,4503
2657,2647
2609,2001
2600,1622
9414,10161
9277,10174
6145,6385
2048,2720
8963,8404
1743,1719
1078,1034
1126,1356
407,721
8376,8356
4095,4224
7093,6296
6013,6965
8347,7935
6720,6489
3024,3670
1965,2251
6172,6109
6833,6873
2830,3278
2042,2079
9104,9195
9568,9134
7134,6735
8470,7713
5275,4764
8194,8976
628,-345
5610,6284
4955,5822
5,-253
9317,9707
8123,8449
2622,1885
3656,3155
9693,8926
747,109
2280,1788
5394,6230
8688,7946
8410,8046
1927,2625
9498,8644
7008,6495
8461,8883
5486,5625
6253,7181
1033,915
5016,5782
6714,6457
8708,8287
7691,7197
8688,8546
4462,4848
5517,4886
1839,2098
9447,9048
3691,3572
6989,6135
6560,5877
8058,8865
4645,4629
1528,1268
6448,6114
1441,1863
9095,8121
5857,6372
220,-542
7285,6633
9216,9969
55,578
336,807
6885,6769
4918,5556
6936,6178
5089,4096
8164,8197
1315,481
671,1500
1184,2180
5289,5308
2630,3200
9200,8576
8587,9432
9440,9880
4786,5146
2138,2249
9217,8629
6351,6101
446,-277
9040,8858
7858,8044
1266,1495
9763,10078
8973,9951
5063,4570
4373,3919
18,140
3152,2388
8775,8101
4914,4067
4432,3666
3142,3739
6100,5610
8841,8962
5829,5640
3490,4256
7320,7308
3780,2902
8519,9104
5416,4815
9235,10072
2013,2173
195,1050
7063,6257
6819,6528
9415,8945
9092,8139
6506,6834
3870,3322
2290,1837
5345,5657
2784,3052
6813,6845
5313,5100
5796,4924
3858,3622
8825,8143
1815,1922
6848,7053
3608,3933
4617,4886
7027,7224
6911,6560
240,-666
6151,5874
4124,4163
8526,8098
8943,9401
9433,8765
8271,9157
6171,6161
3645,2962
7351,8268
9901,10026
8605,7819
1783,2686
4194,4254
79,-341
3285,2993
3611,3550
2304,2585
6094,5949
6871,7598
4758,5160
9613,9076
8491,8639
7654,7141
9310,9974
150,769
1471,1894
7603,7773
4714,3883
1273,911
5408,4479
3001,3958
9301,9343
7530,7966
3689,3766
7399,8145
6148,7054
3617,3051
7539,7734
9229,10117
5893,6580
9321,8998
6638,5721
2017,2628
5026,5245
9497,10260
8331,7889
2780,3011
2059,2020
7294,7250
6576,6491
931,1004
5935,6285
4234,5229
5063,4666
3264,2935
5481,5247
2740,2204
2152,1943
2878,3355
8793,9388
1267,1955
4483,4615
9258,10103
2246,3156
5971,5347
1954,2036
9801,8993
9753,9082
1184,1274
4501,3592
4120,4819
7850,7524
8439,8512
2667,3164
1855,1065
4176,3317
6999,6060
3146,3270
8119,7832
1349,1600
3008,3887
9710,9625
4767,4339
2013,2549
3417,2789
9188,9710
5716,5895
5226,5559
7230,7887
6249,5405
5572,5538
5777,5098
3623,3016
1790,2324
498,1337
6855,7238
5644,5846
4118,4266
4053,3321
77,-338
2643,2823
8394,9036
3478,3977
1879,1681
2677,2939
4456,3602
2383,3350
795,313
8672,7972
2851,2703
2803,2802
6904,6308
5223,5029
557,1058
3558,4020
8105,7308
7241,6537
3571,3554
5237,5857
7161,6788
9570,9496
4763,3821
5303,5404
4260,3520
8450,8805
9696,9916
1178,1402
8325,8640
5833,5140
873,1854
8673,8684
3859,4188
1010,1234
4212,4611
6710,6999
7172,6230
3642,3107
9668,10010
5168,4498
9794,9641
6364,6963
5270,5819
7354,6896
720,462
1168,1413
6724,5920
2322,2535
5966,5495
9678,9150
8436,9283
3176,3336
2957,2120
8559,7894
9640,10156
7262,6987
4307,3451
194,601
9608,10309
8599,8632
8074,8934
3828,3311
8587,7929
846,1125
1526,1730
9934,9035
5666,5081
5415,6024
2702,1954
3065,3007
7185,7149
5327,5869
2988,2534
1579,1157
6876,7508
4173,3479
9197,9215
1270,1997
3992,4356
5065,4527
3093,2563
1776,2284
5717,5746
5499,5997
4353,4787
8608,8866
4596,4695
7854,8616
4467,4582
3151,2777
9385,8551
47,229
7591,7204
1720,2281
4709,5134
3634,3705
9612,10384
3624,3499
1716,2153
5353,5614
589,1503
7653,7098
7704,7630
9698,10506
3045,3841
2564,1846
9454,9585
6600,7465
5888,5425
4933,5132
4062,3654
5549,6252
4358,4893
630,1088
7484,7115
617,339
6995,6727
4487,3510
5646,5420
2011,2484
1152,1855
4043,3147
1584,2233
1261,1492
5550,5965
8945,8621
2260,1550
3391,2950
9465,9152
6991,6023
201,-366
6520,5897
2933,3587
403,839
4978,5189
9175,8435
5784,5080
7177,6455
1530,2138
9397,9928
1376,942
627,1188
6500,6873
1786,2104
562,1445
527,362
1334,850
7372,7844
8830,8269
2753,2264
6178,6715
1072,1181
8191,7882
2050,2081
6090,5798
2697,3071
733,110
1041,312
2030,2237
4336,4030
273,-259
3448,2514
8938,9395
4537,3686
7204,7942
9824,9380
9206,9447
1105,1929
7249,7233
4008,3283
5378,5021
9634,8837
6887,7158
570,51
1588,2084
2506,2163
4098,4211
8188,7682
9723,8863
5136,5256
9294,8599
580,759
8759,9028
8405,8788
5761,5897
1592,2035
1004,1530
2248,2928
841,666
4616,4815
8884,9220
6830,6226
4347,4465
3530,4036
8195,8598
2183,1638
2151,2401
6531,7172
9591,10377
3901,3706
8958,8452
4474,4785
7300,7227
9417,10071
8057,7909
4977,5164
6334,5395
9890,9158
7353,7125
3232,2433
4818,5216
6624,5792
8977,8876
7288,7458
9205,9153
3932,4130
367,1005
3531,4384
4441,4794
7738,7847
8439,8094
4716,4416
466,932
828,790
3517,2947
9580,10573
5776,5814
7007,7362
9199,9938
8586,9127
3338,3000
8948,8295
1242,1478
764,1146
5300,5016
3747,3752
6304,5773
9352,9693
5876,5977
8674,9518
7715,7375
2232,1686
1478,1512
5021,4865
3553,3761
5215,6137
9284,8714
4557,4130
9275,8480
7299,7610
6018,5281
6215,6241
5685,4973
7690,7752
4940,4868
4201,5146
9177,9913
6051,6507
5060,5258
8674,8415
6351,5991
2233,2680
7468,7957
2121,1304
6508,6239
2729,3202
7518,7976
280,397
640,894
8383,8090
6871,7001
3757,3684
8591,8910
3739,2767
6370,7019
1661,2259
8207,7373
5640,5932
7411,6764
1584,897
9460,10019
1945,2616
313,1116
5583,5302
5077,5914
320,133
9779,9723
8111,8547
2646,3604
3417,4005
8554,9358
6240,5513
5061,6022
388,677
8781,9733
6527,5990
7016,6262
8863,9099
5601,6388
3650,4393
9885,10083
5294,4586
3706,3964
1862,2395
6762,6004
6166,5567
1919,2126
4495,5359
7006,7921
6886,7262
4981,4303
9464,9764
9529,9298
7766,8156
5348,5224
1493,884
7878,7394
3113,3601
2682,1997
4733,4242
1940,1940
1434,1947
8780,8372
5148,5556
8309,8070
2105,2834
5258,4796
791,1231
6658,6805
2827,3051
3080,3803
8628,8134
3772,4754
3559,3961
3976,3591
3151,3909
8135,9102
5720,5757
6712,6073
6570,6158
65,762
3670,3314
8883,9384
6393,5428
5117,4185
4372,4225
7752,6922
6293,6988
6911,6055
2145,1507
7720,8597
8515,7763
5729,5125
2112,3077
2054,2670
6514,6207
3625,3973
3344,3050
4218,3297
544,677
3460,4170
3839,4025
1696,1069
6072,6504
1568,1945
2575,2746
8237,7771
1943,1768
5904,6430
5690,5119
6151,6217
6678,6126
9259,9978
1412,1300
4307,4508
4996,4008
6744,7037
9240,9698
2088,1089
1693,1262
5863,6037
1289,1846
5640,5339
4893,5542
5397,5446
5715,6082
8341,9209
6114,5681
461,104
9899,9535
6515,6659
7044,6710
3062,2389
716,1151
9624,10082
381,-356
5708,4777
8555,8495
1225,1678
2561,3292
4309,3791
3960,3755
7263,7484
8720,8939
3033,2325
5701,4787
9634,9201
939,1091
1077,1583
1602,2146
1161,1130
7867,8415
136,626
9367,8420
4238,4549
2410,1703
9849,9289
3019,3799
8656,8936
2879,2455
7453,8367
6213,5530
7941,8730
770,1384
5492,5531
6415,6414
7591,6757
3037,2178
4041,3397
991,990
9933,9103
2865,2207
5152,4510
8280,8343
8023,7495
4166,4099
3750,3389
2635,2257
9856,9736
5871,6516
4182,3471
2522,1568
6362,7028
8740,9610
6431,7415
1829,2214
7102,7219
9641,8666
5536,4942
5957,6055
7907,7625
8702,8023
2831,2812
1381,1671
3378,2483
7777,8051
9553,10541
6033,6907
6223,6698
6319,7198
2138,2486
9034,8519
7290,8235
1233,1295
5910,5366
5214,5978
9035,9650
5874,5057
6597,7543
892,1007
997,1428
2793,2543
6743,5885
2244,2692
33,-271
6565,7020
6212,6198
532,789
6493,6880
6511,6001
3149,3453
6564,5658
1346,1232
7644,8230
1,843
3324,3578
3633,2757
7262,6536
5386,6057
8192,8658
9493,8793
3649,4355
7520,7112
6900,6479
2044,2442
6828,6718
2605,2593
5569,4954
943,172
3181,2403
4683,3781
1372,537
5310,4446
1341,1593
5672,5049
839,1179
1709,2628
9073,9158
1653,1239
9260,8356
4950,4497
1823,1171
6785,6112
5496,4552
4858,4920
6171,5839
3469,3971
8698,8190
4507,5077
3899,4158
7640,7566
2904,2410
4721,4151
3330,3234
3576,4103
5345,4709
104,445
8107,7667
5450,5442
322,165
2474,2455
814,1745
356,-351
3964,3207
1955,1127
5801,4955
8968,9039
8218,8828
1864,1873
228,603
1689,1072
9634,10561
7540,7198
8765,8417
9814,10121
3961,4039
4579,4111
8166,8585
2757,3458
3766,3767
8484,8277
9885,10568
2499,2998
1753,1789
6045,6266
6307,6221
3218,3712
3330,3481
5247,4387
6088,7034
3703,4244
8497,8971
6198,5461
9261,9999
9135,8407
7805,7615
489,-459
707,1079
3075,3955
1832,980
4874,4527
3590,3747
8189,7321
5347,5851
7753,8716
8160,7621
7318,8237
8318,8209
6048,5069
1265,1210
2037,1459
7278,7869
8091,8128
5432,5531
7586,8418
6430,6050
1255,1744
7791,8568
8511,9013
5795,6305
6587,7427
9542,8963
7234,7202
7930,7867
5680,5493
2101,2831
194,-281
2991,2156
4439,5254
2409,2009
1310,1081
8045,8211
7553,7588
1711,821
1382,2272
239,-165
2374,2232
5317,5870
2994,3253
896,409
2657,2184
561,1483
5724,5821
8363,8874
1932,2888
1041,431
9612,9877
695,1605
9323,9160
7630,8150
6456,6569
7683,7040
9571,9287
8986,9186
3627,3798
5186,5156
2059,2050
61,1017
6821,7444
322,-169
5470,5303
1192,1677
391,1174
6566,6213
4109,5030
7088,7040
2557,2149
1854,2201
3134,2593
6247,7073
7220,7611
1767,2668
9703,8981
8508,8645
9136,9458
1584,725
1950,2292
6584,6523
8769,9277
1181,1779
2580,2730
5111,5543
7165,8129
9866,9282
8371,8743
2172,3151
8008,7111
7245,7201
476,1062
3125,3079
605,876
2235,3148
4444,4090
8827,9393
623,910
4532,3900
3569,3114
4414,4147
5310,5239
7817,7017
8779,9675
3351,4054
7681,7690
7854,7222
2677,2218
3811,4648
3448,3899
5272,4563
9130,9016
9024,9532
4299,4703
5118,4517
1433,1056
3102,2482
8947,8343
7260,7664
5702,6077
2796,3428
9086,8650
9219,8664
3257,2767
1790,1909
5559,5674
131,974
6648,5937
7160,7660
8626,8044
6978,6449
9285,9215
8879,8847
161,-799
9566,9594
2264,2313
3785,3799
5855,6240
5028,5474
1371,2316
1873,1494
9451,8691
4571,4551
2425,2467
3117,3352
8321,8239
7465,7942
8213,9127
5570,5970
2789,3543
4476,4990
4903,4402
7331,7962
1893,1496
9614,9699
9902,9034
2419,2661
6045,5767
1820,2554
5653,6009
3455,3488
9814,10462
4321,4840
3457,3524
6955,6096
8088,8623
1525,1799
6337,6640
6159,7071
4959,5899
188,-745
5640,4709
1970,2782
5102,4470
8513,7959
7477,7073
505,1002
6196,6711
3307,3563
8180,8575
6750,7093
3907,4459
6483,7299
8630,9201
2334,1909
8797,9364
6365,6318
4629,3653
9512,9324
2502,3337
8757,8817
2463,3161
3992,3882
9541,8551
7047,7806
4799,4528
6872,6070
7658,6863
110,720
4455,4509
249,701
6294,7250
9900,10851
2616,1950
4458,5142
6899,7346
3709,3558
3131,4056
5211,5552
7969,8784
5192,5991
6599,6217
8086,7805
6124,6790
6933,6009
5882,5342
1833,916
6596,6927
7955,7480
8837,8059
3089,3199
3275,2763
9220,10069
8893,9877
3647,4203
9651,8849
5570,5658
5609,4732
7645,7640
1547,2051
1851,1128
9664,9935
1890,2673
4907,4450
7673,8498
8599,8348
3121,3569
3185,2866
1448,1574
689,-193
7501,7523
8434,8304
351,912
6288,5389
5980,6443
2777,2483
3549,3122
840,1143
7588,6748
1836,981
5814,6788
7463,8065
9645,9214
9883,10526
890,7
5327,6278
8636,8070
560,-100
7424,8363
8876,8461
9415,9779
4648,4902
9832,9417
3537,3291
9203,8811
4494,4793
7262,8065
7454,6904
8863,9097
5614,4738
2285,2804
5554,4618
9556,9659
6438,5861
5348,5239
6457,7054
7673,8585
5358,5793
8168,7277
5991,6180
48,329
8895,8176
8350,7744
2010,1388
1687,1365
9454,9007
9109,9068
6661,6800
8536,7717
1483,2127
5992,5001
6308,5867
5400,6035
3089,3462
2227,2292
2228,2967
3656,4165
2928,2590
1475,992
8135,7851
807,-105
8767,9658
2346,1711
1328,1722
3028,3612
8145,8287
8090,8150
7073,7302
5580,4737
3945,3392
6225,5842
6410,7397
5411,4584
3770,3283
4407,4761
5279,6075
4694,4480
1767,2302
3144,3069
6854,6266
7024,6295
409,987
8189,9159
8443,7861
8154,7175
6315,5963
5347,5690
8901,8257
473,1049
4211,5032
3301,3378
6574,6473
2461,2877
1076,1076
6372,6272
1427,1642
4007,4916
8225,7563
9123,9927
988,666
8445,7635
5575,6063
8045,7478
5709,5155
1832,1388
8602,8817
6329,7177
6327,6485
8893,9702
4169,4007
1531,1394
385,306
7203,7646
3350,3991
7243,7520
1716,1182
2096,2639
4577,4886
9199,9340
4567,5445
7537,7810
729,917
3170,4150
4081,4750
6081,5545
2972,3839
6014,6686
3464,3671
1109,388
9567,10391
7544,8325
7748,8434
3702,2730
6394,6431
8381,7962
7939,7874
2298,2018
414,-387
8773,8177
4192,4339
7239,7354
7138,6497
7200,7698
7916,8338
596,-49
9670,10037
5744,5136
7477,7049
7036,6845
4887,3986
4060,4672
7491,7989
1931,1925
6538,5694
9650,10548
7878,7229
9892,8910
4988,4869
9521,8796
3585,2948
2673,1850
8249,8625
3668,3850
4349,3567
5184,4356
2165,2946
2677,3091
1769,1672
6121,6357
6466,5756
4793,4169
5434,5052
3787,3906
5717,5697
2080,2728
997,1011
6698,6044
4687,3699
4682,5464
7371,7833
6759,6391
5076,4789
5959,6120
2688,3143
2773,3746
7098,6799
6443,7043
520,-32
2032,1989
8752,9323
9218,9091
5708,6094
3593,2874
7928,8832
9135,8894
3449,3814
4037,4355
6482,5813
1273,1234
7767,8230
4761,4995
5322,5494
8590,9049
1359,1655
2203,2232
398,-88
1780,1429
7661,8187
7576,8306
9444,10029
343,-39
3270,3469
3549,4382
2893,2487
5403,4449
7778,7314
8397,8313
6876,6250
6664,6105
4456,4317
4014,3211
2745,2231
4736,4734
9052,8758
3390,2675
7578,7108
9341,9098
498,1378
9394,8942
953,905
6276,6335
4556,5492
7128,7445
203,-33
6758,6520
1875,2183
2491,3036
2559,1998
9936,10809
3382,2946
7945,6971
72,-669
2473,2333
5597,5673
503,654
7714,7717
2655,2167
6788,6858
9850,9201
3364,2429
8595,7817
1655,1881
3279,3228
3731,4415
4722,5383
8841,8750
9121,9550
3285,2411
8949,8269
8710,9013
4220,3310
6671,7103
5831,5650
3079,2142
661,1415
4236,4702
9777,8935
4468,3672
5723,5675
5477,4930
7888,8398
507,1008
2629,1894
6888,7845
8352,8722
5376,4653
5867,6229
4783,3852
8789,8870
311,-590
9859,10049
1688,2312
8245,7825
4968,4885
4036,3697
3651,2756
5950,6254
3949,4438
5056,5989
9194,8653
7245,7503
2023,2544
5348,5786
3875,4064
7512,7695
1899,2373
147,1078
8721,7993
7203,6820
3933,4753
3668,3036
7206,7817
9261,9626
3886,4155
7927,7480
8460,8275
205,636
2478,3243
8434,7996
3827,4091
3555,3474
953,536
7176,7060
492,-8
340,-165
3737,3751
4385,4026
8276,7593
1184,1469
7114,7788
9891,10575
2315,1836
4641,4959
2186,1471
6165,6195
8213,8147
2510,2263
3629,3891
1996,1434
7581,8122
5708,5647
3562,3225
2600,1601
1443,1208
6204,6030
9026,9348
6920,7118
5659,5328
65,462
7409,7440
5210,5770
6818,6735
6977,7747
6191,6898
8808,8277
2364,3157
2333,2037
5349,5304
1879,1881
387,-261
1906,969
9187,8852
6718,7596
8914,9133
8384,8706
3354,4208
6497,6951
3572,3542
7905,7868
9091,8797
2217,1886
4949,5000
9049,9876
5826,6481
2322,1481
6440,7089
7318,8272
2455,3038
5874,6498
8461,8104
6178,7007
344,797
9466,9252
346,481
3057,2753
214,5
6738,5803
8893,8723
7615,6717
6657,6298
8215,7835
3040,3248
7929,8436
6925,7736
5343,4600
3930,4834
36,425
6994,7801
9248,10193
1950,2027
5028,6001
18,330
8839,9169
7251,6836
9557,10431
1220,1390
721,1016
3444,3485
333,942
35,120
4326,4563
8093,8803
3271,3034
7190,7101
4396,4693
442,1314
5239,6186
9958,9296
4058,4287
5482,5698
6158,5836
8882,8150
2439,1474
4201,3513
9286,9811
6355,7220
7544,7751
7184,7466
4903,5862
7400,7815
6462,6074
3971,3819
9248,9115
3535,4372
1115,250
9123,8486
8792,9117
7280,6735
9987,9305
9659,10547
6863,7190
2744,3103
4106,3171
1757,1021
407,708
657,1643
5850,4910
9758,10344
4545,4743
6653,5835
343,34
1106,1337
3221,2617
8579,9295
2881,3452
7275,7653
1115,1584
6695,7242
1292,1136
4252,3839
5245,4413
7421,7544
3824,4094
9093,8779
4283,4308
8784,9180
670,450
3841,3156
2421,1939
22,-901
2657,2809
9912,10644
5563,4657
1470,1123
7440,7035
9815,10414
8725,8133
1159,904
2836,2951
5784,4903
6181,7153
2082,2579
911,1295
1842,1292
5046,5895
8017,8212
152,77
4541,4438
8566,7890
2786,2673
2055,2901
6834,7230
3928,4630
168,-725
1940,2245
9716,9061
9515,9107
7872,7182
6639,5806
581,936
1172,1427
124,508
7165,7764
9379,9519
197,809
2702,2385
1341,837
2574,1656
6164,6013
7194,6408
4974,4776
2844,1908
612,696
1771,2338
2818,3012
4797,4846
4104,4639
9127,8673
8836,8051
7654,6779
137,-147
2223,3011
2523,1704
5652,5886
9801,10036
1303,507
475,934
1216,658
5256,5961
44,364
9080,8649
6632,6577
2346,2189
4251,4610
358,-298
432,117
6428,5507
8681,9440
9599,9014
8214,8157
9695,8748
1755,1719
8071,7096
4248,3318
8454,8342
7547,8061
2403,1930
2,203
4473,4970
6425,5456
2810,3115
8090,7818
8098,7718
2512,1765
6718,5847
5842,5147
429,1182
4107,4843
3420,2923
7039,7245
2825,1898
4597,3800
6217,6476
9274,10052
3505,3061
1186,1215
4365,3557
4650,4694
4510,3597
1778,1432
7619,7018
2615,2038
3036,3537
8629,9128
4547,4555
7751,8240
3060,2352
7391,7794
3114,2807
1884,2416
2776,2649
3507,2885
940,1265
6514,7158
7098,7149
6701,6982
6449,6679
6649,7105
8955,8902
3027,2824
9431,10093
5994,5056
460,1236
7570,7122
5090,5069
821,317
3521,2733
1086,1542
3786,4260
3376,3418
4344,3926
2515,1705
3331,4193
7592,7676
9926,9369
4392,4760
9868,9399
4343,5118
3269,3729
7922,8890
2938,2098
8869,9238
2570,2227
6582,6408
3466,2859
1080,1124
3837,2902
7242,6250
2404,2774
6553,5599
7882,8757
9616,9066
7759,7088
6542,5988
8169,9039
9261,8573
4124,4021
347,871
1893,908
6718,6269
5101,4667
5624,5875
3983,3610
2267,1381
7995,8300
1042,1615
7026,7383
1541,829
8415,8791
2887,3774
1895,1072
4875,4572
7122,7042
4390,4023
3375,4099
7514,6659
8569,8337
3921,3968
891,1879
8759,8449
4766,4241
8216,8428
8448,9311
6567,6254
6459,5464
1133,1114
9897,9223
8425,8807
610,495
327,1310
7940,8089
8543,9075
3208,3069
5813,6285
6859,6652
4723,4836
5200,6192
7789,8156
2621,1672
698,797
7166,8094
9667,9003
1,519
3139,3387
2429,2327
1820,2434
3124,3644
4061,3137
1477,1338
4027,4944
26,-66
2472,3243
1491,1705
9171,8701
5032,5200
5304,6194
8819,8973
8441,8586
9426,8736
7413,8014
8672,9281
4960,5767
8409,8493
4748,4421
4358,3817
3713,4032
2715,1816
6237,7175
2814,1960
5164,5825
9169,9019
2716,2501
9328,8642
5622,6298
5019,4898
3752,3720
2338,2207
7338,6508
6298,5905
5024,5725
3148,4137
2403,1838
9099,9545
3378,4093
8641,9198
4405,4911
8649,9613
7786,7039
4029,4761
7551,6655
3945,4351
3742,3499
6864,6146
6799,6605
487,1322
9216,10033
7186,8168
328,606
7940,8105
1643,2107
6113,5386
8262,7336
2457,2376
9980,10527
6421,5529
323,-55
1910,2788
2421,3050
8678,8130
8579,7962
2411,2616
5251,4981
40,566
2772,3328
1103,114
3173,2552
386,79
8777,9051
4672,4897
2997,2427
1239,1462
1981,2605
8596,8085
6249,7185
1052,1560
6602,5726
2796,2608
3592,3087
8374,8406
7708,6716
2269,2131
7418,6970
3158,2533
7838,8429
7693,8358
1140,1033
3823,3015
1606,2511
2277,2394
8376,8663
6895,7729
3622,4083
4092,4491
1787,984
3793,3471
9462,8910
4335,5050
2831,2496
7645,7581
2873,2987
7394,6927
4823,4523
7262,6613
3240,2340
7020,6992
7487,8156
8428,8387
5278,5891
3063,2879
9060,9129
7965,7964
903,-47
5307,5340
5566,5396
7230,7673
8283,7888
4039,3497
7257,6738
2839,3113
3559,4237
4065,3794
9105,9466
3282,4061
9701,9661
6623,6367
3788,3001
5052,4596
3069,3932
8301,8003
4555,4033
97,451
1334,668
2465,2133
8087,8121
2880,2200
4927,4565
3002,3798
4476,4764
7318,6605
4265,4890
66,-425
3715,3205
8458,8282
1632,1561
8215,7215
6100,5386
8136,7458
1197,957
7044,6106
3642,4215
2485,3409
1254,1222
3377,3487
1423,1739
4860,5657
3445,4305
6505,7275
4211,4283
1482,2240
9353,8402
109,-841
6991,7693
3384,2935
4165,4548
8577,7629
7573,7666
79,473
4060,3915
9324,9320
9313,8444
2596,2589
8760,8988
9357,9429
2349,2295
3912,3029
814,1462
6725,6533
4013,3824
1240,945
8940,9166
913,858
3573,3560
8322,7897
3189,3341
7704,7591
9370,8580
8724,9109
4405,3523
4983,5977
4302,3998
4092,4162
9153,9337
7062,6101
533,-429
4382,5026
6877,7490
237,628
5057,5853
3739,2880
1368,2198
3850,3343
9416,8701
3073,2342
2578,3129
4148,3677
5957,6892
109,-788
7220,7297
677,972
9771,9819
1167,1866
9318,9874
1072,245
3611,3985
159,-475
7448,6966
8138,7327
7768,7627
9885,9214
7224,7581
2157,2287
7122,7399
720,1269
9236,10184
4489,4280
5660,6365
9151,8989
2920,3819
4257,4092
8769,7775
7081,6216
8454,8535
2262,1517
7685,8452
4826,4338
6658,7099
2125,1452
9360,8647
3095,2787
5748,5824
6518,6130
9333,8574
9040,9019
5007,5165
3489,3167
5619,5788
3399,3257
1799,1869
1921,1840
5347,6036
2081,3008
7321,6847
4622,4730
9011,8720
3401,2862
2878,3770
4658,4341
8844,8943
3019,2341
7354,7431
8670,8185
5385,4939
9591,10529
4784,5099
41,567
3752,4427
9751,9237
2340,2047
412,-259
2815,2469
1803,1602
3368,2536
6979,6091
6839,7432
116,649
7501,7564
7490,7474
7550,6722
2496,3086
3807,4686
1256,894
5384,5445
1173,986
8659,8794
6263,7200
5595,5795
8788,8085
1397,509
6115,5214
2224,2197
9661,9661
7165,6229
5913,6466
3223,3599
3353,3501
4448,4800
3921,4167
7300,8071
601,1155
4167,4455
5257,4893
2130,2179
308,-587
1665,1101
8117,7263
2768,2571
9347,10113
7525,6668
6398,6409
7316,7482
6453,6156
9616,9206
3960,3449
4762,4445
2421,1972
2513,3212
664,-325
5971,5252
5447,4481
1896,2798
9255,10195
8827,8362
710,-52
7400,8324
4970,5668
3132,3760
7012,7725
7100,6622
8417,8230
7008,7230
1260,330
6167,6692
2222,2833
3093,2297
4138,3279
8577,8042
5278,5856
6562,5969
196,1024
3777,4003
7868,7153
8783,9768
8021,8680
2209,2373
8837,8607
2406,2392
3683,4647
6859,6014
9745,9032
344,139
9357,8843
5998,6384
7685,6816
7655,6886
7486,6631
2405,1437
8630,8118
2678,3572
1738,2132
6173,6670
3827,4087
4774,4463
511,-409
3574,4255
7105,7612
5566,5725
3885,4736
2044,2952
1446,1879
635,56
6813,7414
2139,2467
5020,5141
2758,2707
7863,7937
318,12
3918,4035
901,284
9751,10744
7457,6610
5972,6404
1527,2519
4554,5012
1219,285
286,975
1472,1327
4417,5334
5872,5885
2192,1305
4003,4187
2903,2908
4719,4873
9362,9394
1971,1061
5287,5278
4136,4932
6477,6285
8714,8891
3233,3637
6387,6505
7384,7606
8193,8589
4965,4587
7602,6686
9242,9475
3031,2458
7359,7753
3252,2990
1493,1310
7783,8400
8554,8946
1500,1414
8232,8133
2406,3271
7524,8274
5641,5754
6914,6735
9822,9786
6857,7663
5420,5469
9947,10818
8772,8205
2476,2173
6328,7141
9194,9765
5813,6669
5106,5818
4313,3452
8809,9508
7768,7041
4273,3694
7364,7111
8408,7882
4078,4474
3478,4412
5890,5520
3958,4301
8023,8383
9722,9955
5096,5113
8586,8529
9787,8872
3443,4405
7744,8685
653,116
1502,2274
3991,3075
3633,4463
4591,4001
6776,6673
7007,7623
3665,4573
9762,9067
3585,3040
2558,2610
7356,7627
5013,5041
5609,4646
4333,3486
4100,5003
9696,10227
7123,6736
9740,9455
8115,8674
574,1333
516,259
9775,10199
1455,1197
7579,6724
4706,4877
1952,1149
3350,2602
3462,3051
5711,5867
9402,9357
9058,9542
2651,1866
1584,1630
8456,8289
9661,9946
325,173
7582,8226
5692,5666
1544,2314
7102,7770
5627,5291
1372,1269
9992,9044
627,1033
342,72
1970,2859
6265,6652
6027,6309
9185,9306
7317,7558
4932,5518
3889,3600
9652,9806
8334,9072
5695,6504
9073,8586
5656,5960
9301,9552
2035,2927
755,967
8072,7131
6692,7082
1506,1144
5859,5835
5410,5628
1054,1136
505,498
2343,1383
4519,3586
4436,4856
3903,3431
2680,3613
2807,1844
8360,7360
8330,8685
257,-338
4550,5258
5186,5826
7628,7007
144,809
3391,3464
2735,2224
955,1514
6299,6320
4739,5212
9281,8487
2892,2636
8984,9580
1168,313
3665,2703
839,487
1374,1441
1343,1712
4262,4883
4417,3495
6412,6364
9873,9349
1121,1579
8471,7591
3704,3528
7060,7234
2950,3861
4904,4891
5946,6796
6071,5227
2725,3399
8821,9733
6385,5997
2864,3765
2892,2068
8686,8079
6158,6467
8581,7753
3247,3600
2591,2575
849,-114
5023,4854
2531,2341
5143,5125
4656,4201
4607,5317
2564,2620
4089,4845
8627,7786
6503,7331
8236,9052
2995,2295
9312,9435
9999,9176
4512,4952
7403,6477
9130,9553
4538,5440
5619,5913
9027,9260
6927,6480
6637,5986
1715,2512
5964,6204
821,146
9472,8772
7711,6727
9104,10030
4199,4555
7507,6878
3105,2411
7517,8338
9724,10312
2,270
9039,9888
218,-418
3810,4079
3261,2736
2114,1300
8421,7456
6807,6031
7531,7999
8299,9239
2714,2424
3732,2792
1548,1913
3629,4244
4987,5452
2399,1980
1746,2155
7275,7200
9099,9905
496,1461
7735,6771
7750,7172
5424,6043
5775,5861
5532,4885
6197,5753
2674,1881
6134,6205
3951,4024
7052,7670
1153,1750
3993,4445
1942,2345
2970,3339
8166,8751
1438,1948
2912,2460
2835,2250
7765,8112
400,648
9935,9846
3578,3078
3265,2532
5422,4939
6718,7511
1798,2675
2070,2733
9472,9787
1621,887
3889,3708
6969,7342
925,918
7314,7743
3231,3493
2599,3291
8116,7863
3027,2579
6385,6678
1577,2223
5168,5190
6730,6245
4876,4584
3740,2754
5488,4750
4638,3672
5854,6443
7673,7282
2868,3041
1912,2039
8469,8727
2339,2120
8820,8891
5712,5960
1554,1407
9888,9235
604,153
3108,3159
1998,2706
3948,3231
435,-205
5841,4995
9324,8724
9303,10091
7552,8073
1903,2638
3904,4341
154,-106
1591,1195
7561,7723
1521,926
417,644
4773,5244
7843,7467
9616,10559
9741,9847
9603,10459
3468,3748
8172,7934
9191,9068
8508,8019
846,1328
7178,6495
6860,6164
4018,4189
6481,5790
1824,1490
2959,3577
6143,6863
9723,10562
5467,5769
8175,8647
2979,2797
9908,10726
2804,1992
8254,7489
7886,7579
9552,9908
7573,6687
2532,2778
2892,3155
7042,7484
1648,2117
4210,4467
8135,8466
6420,5932
100,806
3263,3492
8063,7705
1643,971
108,590
1066,1468
9799,9769
143,-524
7422,7853
2120,1830
1394,1930
5446,5553
7334,7685
7989,8367
2417,2994
7543,8075
3250,4079
3287,3114
6862,7098
1621,1629
9403,8942
6923,6945
54,808
3773,4041
6600,6324
4633,5204
409,-406
2667,2854
1372,1390
868,-29
8271,9268
2091,2816
2473,2855
2253,1619
31,-419
4336,4225
6323,7183
465,-100
2866,3583
1528,1035
478,236
1243,408
2627,3580
9491,9116
1557,1978
3273,2486
3118,2678
6477,6127
5264,5213
7975,7312
5108,5375
3992,4700
6337,6368
9244,9439
414,-108
8041,8061
4344,4842
2130,3013
4606,5139
6473,6847
3575,3872
6305,6924
5942,5801
40,-840
2264,2154
4900,4823
8541,7589
4745,4462
3528,4455
5416,5093
3316,3110
1688,1141
7414,7281
762,128
5773,4954
3346,2952
277,-254
1329,380
1893,944
2296,2524
8722,9121
4845,4071
1845,1667
6579,5975
5339,5939
6664,6976
4862,4121
206,-386
304,-312
7953,7654
9497,9002
8420,7952
7546,7375
9039,9199
6765,6725
4741,5048
9170,8577
8783,8278
8781,7889
3024,4020
8583,9005
5287,5382
3162,4093
5509,5063
8978,9922
9651,9000
3512,2663
5565,5217
8921,8072
9495,10181
2896,2145
7586,8166
6324,5456
9877,10035
9678,9433
6645,7405
8516,8230
7763,8705
9568,9877
1866,2605
2230,1534
304,1204
2892,2212
2541,1709
9440,10011
8267,7932
7189,7947
1171,1194
6816,6211
6588,6175
2424,3375
6438,7428
5706,5256
8458,7964
7461,7018
1489,1985
6187,6107
7620,8266
4194,4471
8897,8431
506,299
5877,6100
712,90
5143,5883
8039,7402
417,737
1101,516
4368,3695
3918,3393
2686,2682
5925,5947
1641,1099
6590,6928
9586,10498
8987,9350
1065,1920
3178,2575
3192,2426
6147,5550
4284,3920
7062,6415
800,-86
8995,9292
8440,8077
8835,8584
253,-602
7009,7267
8700,9505
5875,5663
2624,3049
2693,3194
6851,5897
907,1684
6140,5802
4145,3868
8442,8425
6815,7809
581,547
6107,5734
7574,7454
6828,7602
9786,10220
3483,2860
5389,5330
3190,3873
9337,9470
2563,2552
4736,4377
1,402
8095,8421
3256,4216
7844,8513
4988,5317
9316,9196
4465,3815
2944,3691
652,324
1105,905
5938,6613
6897,6038
6544,5582
6510,6183
4362,3434
8402,8694
3274,2827
6488,7036
8101,8718
8220,8310
4072,3638
6817,6923
171,-764
9585,9251
5976,5417
6056,5822
5562,5717
953,1435
9996,9481
3100,3696
3475,4253
5735,4890
4898,4501
7868,6952
3831,4761
2405,1760
6639,6364
4048,4824
8370,8487
3125,2785
9352,8865
6555,5870
2506,1935
6390,5712
8922,9690
100,349
3595,4402
7014,7421
9642,8800
5422,4876
6118,5360
2447,1830
3264,3332
312,450
6965,6113
2539,3309
2595,2540
4762,4123
1213,1020
9730,9136
5192,4854
9266,9314
582,1322
357,-93
8615,8370
7415,6780
6492,6167
2362,1577
5448,4977
8589,8326
4262,3994
8828,9692
569,663
9361,10178
6540,6982
1846,1919
4813,5133
1136,314
7192,8176
9466,10423
6749,5870
3779,4361
3978,4281
1182,1638
5792,5071
4379,4600
3856,4517
4558,4978
9650,8697
6023,5758
88,645
6214,5886
411,661
4668,4102
8492,9424
3078,2621
7346,7222
447,275
8717,9715
1214,1320
1762,1878
5163,4727
5084,4978
7534,6753
2045,2827
985,1062
4928,5625
113,968
8751,9344
5600,6291
3379,2767
740,-174
8108,8503
360,99
9830,10610
1771,1569
3865,4353
4019,4056
6421,6107
2183,2492
7881,8852
7181,8118
3985,3623
9409,10271
416,701
4705,4030
6503,7406
4088,3995
8233,8401
3506,2707
5012,5389
3911,3548
772,247
6864,6413
4722,4257
6351,5841
5533,5456
8425,7925
7434,7813
9582,9377
395,1367
9254,9978
9418,9548
7891,7557
8767,9285
5128,5503
5150,4177
1754,2475
1877,2025
406,297
3224,2921
2963,2686
3505,2594
4989,5341
7619,8599
6478,6175
5850,6164
1084,1526
7060,6073
6692,6832
6088,6688
2656,2828
7679,7068
159,-626
8784,8106
1176,734
5216,6034
7840,7262
1540,1033
5799,5432
4916,4139
2952,2700
9855,9975
609,262
5311,5152
8492,8190
7958,6966
485,-20
5175,5072
2551,2555
7213,8034
1045,1036
5298,4636
6877,6769
3688,4097
5188,5276
7601,6758
697,-91
1604,981
9788,9223
7320,6629
4756,4922
6240,5515
2998,3003
766,1625
388,-162
2159,1547
4889,4999
6224,6384
2138,2833
8151,8781
6421,5696
4625,4674
1436,1453
600,1352
3583,2668
5596,5629
7617,6989
2694,3653
6607,5731
5131,5410
4751,4766
5834,6780
5817,6733
639,206
8333,7380
9733,8767
9217,9156
3514,4351
4210,3720
1753,2195
8629,7871
7726,8497
2667,3497
5573,6068
8086,8003
8986,8011
1490,1026
3157,2796
4409,3754
9542,10030
9694,10286
3610,3718
8820,7833
2490,2072
1738,2181
3412,2828
3369,2774
3238,4213
9415,9740
3792,3455
8801,8325
5188,4638
9073,9352
4251,4589
2181,1204
9995,10811
8731,8176
2990,2907
5903,6722
5297,5614
5277,4586
4071,4554
1488,699
4315,4631
1574,1261
2103,1212
5548,6439
669,1147
380,827
2227,2059
4607,3763
1094,964
2231,1588
7383,7300
165,594
5576,5579
3836,3688
2329,2038
4741,5591
5914,6699
6744,7271
9240,8964
9510,9080
7257,7973
8016,7659
1149,1694
6087,5335
7375,8232
8121,7845
3769,4139
2017,1153
6986,7834
8185,9164
511,362
4575,5025
8746,8172
7096,6316
6502,7146
1105,1590
6076,5488
6965,7256
3044,2825
6281,6822
8423,8056
895,1765
9267,8491
9035,8172
5551,5618
3332,3680
6252,5724
1809,898
9901,9204
2460,3300
3824,4809
9821,10226
6595,6706
9894,9185
2430,2600
6001,6073
5005,4610
4942,5085
9371,9433
8809,8230
2524,1947
3039,3484
9044,8118
4495,5253
9065,9764
5632,5133
9446,8621
2959,3599
5058,5877
9248,9015
1131,551
1485,2442
6501,6756
2976,3059
3961,3256
9394,9305
514,1231
1342,1077
4937,5194
4337,4052
2889,3846
3668,3703
651,21
67,-331
207,236
1405,478
7743,7742
3529,4481
5555,5274
4046,4366
7239,7839
2275,2387
2906,3778
1955,2627
9137,8421
3197,3959
8076,8728
2327,1653
4559,5064
8842,9528
9535,10495
2574,3047
5580,4644
6933,7877
8744,8359
3542,4154
2776,2461
7857,8154
77,143
6432,6112
1200,621
8041,8383
6087,6985
6039,5699
2700,2724
3474,4136
9041,9244
7150,7335
5973,4973
9155,10137
3139,2204
5841,6824
8420,8571
8834,9173
6320,6352
7525,8409
6601,7339
9869,10592
4360,4819
4127,4606
8919,8687
2500,3380
9475,9305
5126,5545
6589,6038
5058,5400
2225,2449
8737,8959
8736,8213
845,1479
5802,5683
4151,4293
8698,8943
5267,5716
6089,5259
9766,10342
1235,415
9747,9627
1429,1218
111,1060
4321,4812
5626,4802
1097,1544
2358,2497
7310,6886
9803,9592
6621,6989
3573,3691
6237,6336
7590,8055
6989,6103
4297,3876
6121,5248
111,956
1917,2025
2648,1697
9469,8997
7890,7884
138,66
9737,10065
24123
26516
24460
26209
21365
28452
21116
20749
23289
24117
25848
22920
20754
23003
24328
23341
27607
25671
22355
21194
27452
23150
30101
27886
21032
28270
22145
26528
23650
25121
26174
23604
22504
27497
25276
28512
23057
21219
21456
24462
25514
26789
27419
27676
29614
27402
25016
29423
21082
24781
28906
24262
28073
29625
24444
26897
30021
29050
27298
23817
29150
27880
20730
25187
20504
28874
27234
28113
23669
26654
26560
27927
23273
23241
24282
29030
20454
23962
28334
21959
20956
27886
20933
23432
21029
21085
25216
21707
27068
30276
27788
28348
28505
28544
29816
20594
29794
28350
22783
28040
23260
22445
22682
30142
22841
23449
29443
20582
21259
23839
23568
21184
22349
29951
21116
22116
21856
21716
23232
27782
23042
23326
26310
24779
27288
23591
24473
23408
25930
28196
23988
24055
22248
28594
29056
26231
24387
25230
27969
29909
22676
25923
23208
25534
25127
25056
26724
30200
22262
28584
25954
24925
25871
29377
26452
23227
29898
27791
26542
22603
28788
24370
28538
23115
29417
25069
28540
21202
29280
21661
23203
27376
29361
21137
22460
30261
22782
22598
30365
22105
29447
27486
29029
27970
26249
25001
20875
28239
28324
27415
22406
21017
21398
24799
23398
20852
20364
24273
25723
24198
28003
20734
21568
26778
29622
30351
27210
28164
21555
26817
26155
27824
24175
22532
29404
29915
30327
26163
23274
29358
28311
22862
25903
26953
22428
25604
22020
26858
27217
26843
26214
24164
29987
22135
29880
27648
21974
28432
26056
26549
26976
24646
29334
25276
28844
29340
27551
25716
24774
24791
21922
21586
27521
22008
20957
29418
28445
28754
23774
28304
21650
20410
22072
27176
24363
28939
28623
23396
25140
26253
24567
29344
24530
29803
24980
29069
25286
24296
30412
26550
29120
26225
27475
29980
22240
29892
20626
23374
27302
29487
25312
25975
29715
27796
24334
28011
28430
20742
22772
28094
23896
28716
26541
21571
21963
24527
27237
28028
23244
22703
20932
24619
28395
24131
27499
20355
23685
30389
26397
26995
25572
20748
25849
28937
21781
29094
26638
28697
27733
26617
22639
27734
21626
29056
20608
22353
22778
26067
24050
28153
22336
23707
25291
20485
22498
25503
21916
29121
30264
26260
28306
25866
22740
21707
26746
25702
28643
25365
23752
28001
21468
23401
20554
24971
27845
22313
26305
25446
28004
25754
24266
23647
27678
24467
26431
20706
21909
25497
29023
25569
27983
23063
28713
21481
26958
25057
25257
27345
26651
25058
27449
28018
28102
29693
25825
21253
21580
22442
28553
29439
26631
28715
27595
26134
21811
28190
27790
23223
21440
27660
22418
27810
28500
23261
24219
23489
28805
20328
23314
29717
20309
25516
23972
26279
29563
26966
23627
23750
21946
25340
22199
21201
29798
23930
21840
20315
22770
25183
28093
30000
28914
20579
24546
24574
25808
25243
25217
28339
20549
23311
25252
29056
23903
29990
21284
28142
28270
23786
30339
29546
22083
29084
25179
28021
20707
29682
24570
27483
25801
25021
29899
23097
25499
28165
22464
26510
24232
21906
21809
26276
30398
20921
29881
29394
29622
24262
26708
21062
26979
26665
27257
20524
29923
29842
30016
29140
25106
28959
28762
20574
27352
26992
20938
29412
30017
28164
27653
29163
21493
22957
30189
21349
27598
25948
24317
27676
26169
22111
28203
30296
29997
22379
20690
28750
21970
20590
22194
29323
29266
26126
24710
24868
27137
30026
30073
22140
29511
23591
24527
25219
24201
21974
28077
24130
20983
24560
26527
24806
22194
29326
23970
30180
23515
29034
25130
25805
28960
30325
26208
22982
20493
26278
25428
27835
25972
26847
24264
24833
23865
24287
24790
27932
29306
23583
26499
22625
28119
21019
27521
22362
26682
28996
21193
22361
27062
20319
22114
25504
24166
28983
22221
21286
21892
30282
25825
29122
27574
26195
27064
25662
25997
29385
28767
29259
22907
29380
24117
21562
25700
26961
29107
25137
23296
23175
21287
28302
24325
25177
28145
29640
28955
24175
26431
25496
28367
21926
22623
20889
25683
28327
30081
24506
22962
23335
29651
23927
29814
20711
25640
25639
22527
30111
23850
27045
21696
28856
28651
28775
24325
29051
30003
25329
22555
22583
22069
26626
23092
22556
29042
30160
23662
27925
21538
27053
23760
24984
30340
24558
25963
22033
27352
25888
25004
20556
26411
20848
22372
25202
22809
20647
23295
22552
23382
29841
21355
23525
22050
22005
28205
29461
20590
21173
27633
25248
26945
27871
23247
24043
22006
21715
21877
28593
22764
28823
29274
22165
28800
24822
29730
22283
22017
20518
23032
25049
20883
22635
28135
26206
23257
27288
24982
28634
25149
23938
27603
26858
24463
24049
28298
24164
28288
24318
29968
26278
29323
20692
22909
24418
20429
23649
22769
24441
20836
23869
25157
30299
27657
21971
22016
24270
27163
23767
20915
26705
20705
21726
24669
22267
28909
22162
27270
30262
29615
23846
25145
26049
22028
25495
30340
23228
21658
27763
22473
25476
25024
27049
27903
30050
25123
23705
27130
20783
22801
29802
23670
24655
24884
23347
21854
24782
26912
24036
21988
20456
30341
25844
25748
21207
21329
20422
