6051,6347
3943,3664
1917,1701
9330,8827
7141,6852
739,163
1966,2215
8822,9616
6405,7084
6257,6516
9035,9387
2882,3633
4179,3563
7460,6911
3342,3688
2606,2403
9103,9066
4834,5561
3716,4502
6246,6229
1891,2709
7777,8504
9546,10374
167,-732
6005,5966
2298,2639
966,1438
7049,7071
6440,6906
1130,1359
9617,9199
4762,5587
2902,3237
345,1052
5543,4817
8905,9103
9126,9365
9812,9801
4918,5561
1065,1064
6606,7061
6139,7012
6844,6826
6671,5735
2902,3023
9480,10411
3876,3404
6647,7540
3976,3811
9314,10282
3543,4176
1917,2456
6388,6458
677,1238
5960,5759
8331,7967
4324,3364
4061,4401
4223,3388
3758,2842
5775,5978
2992,2826
7192,7535
7887,7371
5114,4625
9286,10186
1992,2718
7171,6769
9863,9271
6534,6173
6474,5665
9580,9832
608,835
7969,7088
8474,8910
4245,3887
539,473
3400,3400
9700,10483
6447,7342
8707,9202
8518,9322
3098,2511
1338,1217
8389,9016
1456,2215
6933,6317
1659,2212
6466,7279
6390,6739
2492,2518
1328,818
243,742
2770,1993
6460,5746
2920,3268
1425,698
7102,7355
9619,10332
4929,5633
8778,8537
4284,3763
9022,9247
3994,4443
2148,2844
6973,6420
9411,8723
3748,4620
2053,2228
5498,5335
1685,2043
9050,8478
8184,8776
7141,7349
5790,5131
3657,2842
4963,5194
4678,4389
405,436
105,-442
1206,846
5753,5848
1088,1066
8111,8822
2346,1401
9546,10207
4014,4320
6399,5939
875,1864
4687,5094
6719,7262
4358,3753
1340,1271
331,224
5209,6067
5085,4618
3018,2374
6056,5146
8708,8834
2687,1877
6212,6611
9938,10345
9210,8511
30,-811
2904,3593
4599,3755
870,-78
7191,7493
6233,5591
4384,4324
9644,10286
3132,2520
853,877
7524,6630
7694,7600
9894,10480
1361,404
9962,9461
7190,6269
7857,7732
7880,8340
605,-226
6001,5460
2066,2867
2825,2094
6259,7040
371,331
2488,2644
9286,8887
5494,5377
6389,5553
9496,9755
1152,773
3494,3443
9586,10200
995,1228
1066,145
9843,10398
7736,8448
9472,10335
8853,8325
596,1459
173,-41
7832,7763
6100,5331
9349,10328
5661,5619
3714,3094
8599,8277
6738,7127
7936,8539
1445,1740
1826,2584
5655,6020
9529,8731
1726,1658
3156,3780
6337,7005
6189,6830
7782,8028
1041,1551
6042,5249
8213,7675
8694,9472
5202,4978
6997,7589
3098,3362
7140,7083
9965,10489
4103,4738
4446,5333
3085,3722
3726,3090
9368,9977
7983,8193
9952,10205
2989,3757
3474,3230
9233,9260
8365,8338
3845,3146
4026,3578
5569,4651
9728,10443
7607,7254
4763,4973
5710,6527
6628,6413
5892,6466
1413,1668
8952,8380
3969,3406
4616,5196
5186,5365
5229,5104
3074,3691
612,1354
4165,3351
8914,8047
2615,2433
2210,1799
9080,9416
2938,3836
4927,4348
5596,5931
867,655
8060,7716
1306,781
447,-430
5187,5582
3841,3381
6487,7185
437,352
7609,8220
3216,3135
1124,1489
3457,4403
1517,582
3025,3542
5250,4360
335,1033
8944,8775
3081,3734
5731,4878
8068,8395
3368,3253
6893,7583
692,653
9378,9258
7603,6629
7786,8446
6862,6254
9783,10389
2195,1217
2095,1179
9076,9754
9637,9683
3632,4534
8395,8918
2399,2992
3961,4321
209,-740
4429,5122
6395,6789
5777,5357
9524,9816
7978,7332
7343,7598
6592,7229
3189,2300
3789,4634
7042,7374
3377,2945
7049,7152
4626,4580
286,908
3715,3805
6671,7559
4669,5282
9479,9620
1847,2681
8871,8778
9116,8729
1592,1482
8805,9385
3324,3733
6020,5090
9014,8650
324,1214
3046,3857
4551,4309
3762,4513
5266,5587
1340,1569
4909,4878
3464,2466
6600,5911
1276,564
5562,5691
1584,1518
7896,8181
5959,6375
5766,6672
5942,6897
2552,1926
6406,6041
9219,8672
8058,8506
2257,1380
3452,3071
1191,1120
9578,9095
6399,6036
2855,3807
8604,8905
3467,3502
8935,9672
3219,3803
4482,4598
14,-816
5018,5382
3766,3031
3236,2397
8617,9361
6399,5502
7751,7696
2970,3086
5953,6939
3111,3315
4649,5243
8490,8470
1105,2032
442,-256
2089,2104
6390,6890
2919,3023
6396,5917
9863,10848
7353,8251
2720,1770
7756,8423
3988,3972
5377,6195
1903,1657
5990,5872
409,364
8951,8788
8913,8995
8950,8202
7833,8361
8907,8306
5826,5761
6378,6874
383,20
2379,1871
5738,6312
4399,3928
7061,7613
8774,8955
542,1359
9357,9704
4336,3902
4572,4078
6904,6267
7972,7936
4281,3917
1809,2338
9421,9296
1327,571
1028,568
6348,6221
826,1766
7531,6729
5296,4303
9445,9149
6361,7205
9963,10418
1923,2326
7119,6471
5003,5158
2773,2942
934,1272
8600,7772
5395,6216
73,-915
9712,9687
3604,4382
3462,3823
89,195
4407,5364
4687,3880
3958,4086
5207,5340
236,904
5262,6058
4304,4237
9538,9638
8921,9918
2393,1829
5879,6587
6978,6432
9645,8924
8324,7405
5161,5060
6249,5944
7085,6360
9442,10340
7557,8296
5389,5662
6231,6645
4763,4787
9495,10007
3964,3717
499,887
3433,3458
362,180
426,-397
3080,2159
9118,8318
9500,9460
3248,3460
1672,703
8889,8594
2262,2487
2388,1648
9299,8906
4113,3693
1271,1288
7794,7009
9830,9038
5282,4732
272,-680
2714,2697
3605,3523
1931,1976
7871,7658
6312,7082
5393,4396
6323,5334
3846,4500
6000,5512
4874,5468
1068,1143
9329,8617
3262,3475
2294,2746
3080,3688
2732,2134
3139,3147
419,995
9266,9709
810,914
9638,9417
6973,7931
101,-570
6728,6892
7144,7007
4666,5369
4233,3815
7748,8429
9825,9418
12,498
1010,451
5332,5488
4812,3870
5421,5593
8382,7703
3913,4468
511,-348
4634,5382
3974,3076
6233,6749
7783,8268
9911,9061
7941,7737
1195,740
2161,2570
1386,2254
9540,9993
8752,9161
2380,1705
6904,6852
598,682
8437,7742
2945,3288
6461,5506
9991,10942
8178,8557
5712,6085
7442,7921
6255,7124
7437,6491
7451,6951
8517,9023
7793,7003
5171,4789
4183,4258
1309,979
3778,3301
8112,9004
4484,4928
3721,4586
4017,3542
8856,9472
9530,9882
6797,6392
2624,2051
942,373
2941,2586
1762,1767
2178,1601
7490,6741
9419,9794
712,585
9832,10270
4791,5409
1088,2045
4702,3864
8566,9238
4142,3499
1565,1153
8552,8176
5462,4680
2598,3268
2304,2823
2443,3138
9856,10469
8967,9871
2465,1537
6275,5569
8326,8244
2272,2021
7410,7486
4849,4610
2891,3121
4136,3802
4977,4562
6418,6277
5199,5998
3447,3063
2847,3611
5114,4223
146,-163
2010,1253
1438,1121
106,769
7069,6561
3524,4086
2840,3523
3639,4381
3431,2555
8340,7430
1699,1078
4556,4773
6092,5423
4945,5226
568,1009
9587,8705
6469,7432
2737,1986
6624,5643
8163,8855
4483,4346
8527,8757
4731,4085
2619,1877
8254,7281
1846,1246
981,217
6276,6857
7626,7899
4301,3763
8426,8925
3882,4414
1850,2565
9697,9919
6223,6271
9968,10467
4901,5605
1050,1445
9380,10311
9454,9415
3418,2975
750,327
8589,7950
6269,7155
191,399
2334,2948
8686,8646
4542,4534
8029,8143
3318,3369
3056,2597
6675,6891
814,1807
687,699
3355,3870
7823,7742
8808,8633
2444,3375
3821,2907
347,328
6655,5971
9608,10415
842,663
5559,4958
6007,5274
8411,8194
7892,7079
2122,2603
8604,9602
2598,3401
5021,5633
29,-396
2798,2914
4324,4826
8399,8984
4631,5137
250,-334
121,491
395,-91
9280,9573
3162,2165
4474,5021
8744,9573
7992,8020
7642,7512
9615,8801
4510,4711
5798,6284
2623,1719
550,-169
176,359
4671,5469
9652,9885
4804,4708
2195,1766
4813,4275
3719,3653
7631,7882
4138,4530
1690,1191
6847,7542
2830,2526
100,27
7630,8119
6825,6256
1179,1657
7487,6665
2684,1698
4064,4159
6521,5612
6224,6144
7839,8798
4914,4304
4608,4127
2207,3153
1227,1509
3470,3668
2145,2492
8553,8917
3073,3641
7229,6978
1431,754
1252,1404
6640,6838
9154,9382
9283,8526
67,-891
2065,1721
644,-46
6458,7271
911,-86
5479,5244
4086,3461
6092,6421
1168,310
8125,8035
814,672
6537,7509
3699,4411
6087,6662
8016,7439
4001,3297
9084,8209
3022,2259
1916,2093
9946,9358
2456,3218
7356,6515
8997,9550
7694,8079
2388,2362
9752,9025
8664,8089
5444,6386
3384,3594
4041,4817
1489,1274
9797,8861
2684,3334
6705,7068
5048,4180
5737,5559
2855,2479
8516,8467
9663,9448
4174,3723
9511,10373
128,451
7432,7838
5455,5891
6496,6300
464,193
6876,6271
5217,5230
501,-270
9673,9558
2340,3118
9728,9902
3107,3775
8793,9531
6439,5480
8170,9102
827,535
1345,1774
1699,1340
692,1397
3664,3369
5149,5288
149,-768
1011,491
5581,5764
9724,9828
3371,3802
6874,7382
9267,9691
3358,2986
6028,5552
1457,2376
3578,3163
2826,2058
8763,9614
9922,9332
7649,7765
4135,4675
2558,1842
8287,7497
5369,5682
1418,1878
2184,3064
7871,8684
6864,7033
7515,6762
9302,9713
5873,4982
4503,4870
8474,8853
7623,6864
1169,1786
4411,4820
1885,1108
3964,4704
904,1694
2781,2302
7040,6847
280,-414
1253,1613
4692,5287
2708,3111
6121,6684
4790,5455
7399,7579
673,811
2918,3869
4804,5568
4738,4138
9895,10525
5650,4691
2593,2583
8458,8942
3149,3670
3296,3871
8193,9102
2156,1897
9128,9408
9100,8599
7754,8571
1435,1118
4966,5794
264,707
8123,7794
246,-754
5427,6259
3152,3057
9605,10200
1848,1916
871,1087
5779,5178
7368,8333
3400,2960
1823,1591
8074,8691
5121,5886
8040,8826
7908,6988
9535,10034
1928,2914
7166,6225
8952,8405
1545,1571
808,839
5975,5904
5500,4801
3335,2990
1462,768
9700,9462
6938,6207
1015,1173
4394,4481
607,-257
6289,7228
3910,2967
7536,8046
9002,9009
2740,2908
730,1675
1577,2573
6906,7088
5022,5629
240,870
6330,5590
368,-622
7858,7223
2695,1807
9888,10445
5493,6024
2765,3359
6595,7129
3151,3216
9761,10384
3485,2550
3103,3564
7755,7774
8314,8289
8324,7949
4368,5161
2,246
2120,2073
4469,5353
5223,4974
8310,7718
5049,4187
9972,10075
3362,3041
6222,6648
1906,920
8886,8770
4071,4454
1675,1412
3727,3492
3179,3991
7745,7531
4892,5206
8078,7255
6398,7381
3,-323
3667,2759
2835,2034
3795,4772
7485,8052
7832,7038
3746,4640
9006,8988
4255,3583
5339,4572
5420,6231
8118,8145
7949,7407
3426,2922
3812,4428
4968,5002
7246,8205
32,-951
8494,8315
628,463
8371,8304
6459,5918
2176,2307
1056,112
7457,8091
3379,3289
9071,9114
360,214
4846,4786
9645,9220
8159,8596
8978,8676
217,-134
4754,4012
3306,3261
9441,10288
3986,4061
6239,6311
1447,1837
2930,3292
2073,2800
1724,2355
4488,4445
3580,3259
1406,1734
5088,5134
2305,2515
5882,5731
5629,5227
4197,4809
6956,6794
413,1359
8990,9608
7079,6670
1495,1633
6248,6977
49,620
6223,5370
8332,8046
9977,9456
4185,3922
5344,5209
2502,1738
3029,3448
8704,8821
7445,6559
4797,5793
8555,9400
3666,3346
7033,7575
3501,2922
8712,9186
8003,8232
8522,9189
6690,6542
6602,7579
9368,9884
4751,4167
1732,1587
914,64
6150,5524
3724,3983
2312,3268
6419,5743
7085,6597
8134,8433
8486,7869
6777,6778
7366,8253
9250,8867
4009,3453
97,650
8683,8552
2929,2022
3458,3038
4642,3850
6719,6945
7645,6773
9361,8690
5104,4354
6357,5379
2306,3239
7413,7771
3209,3219
3947,3275
6708,7661
1600,2157
541,948
8258,8310
7349,6762
9422,10012
4742,5664
2442,2636
6791,7065
1514,1304
1886,2023
9485,9740
7766,8466
9309,8514
6530,6365
2308,2530
9401,10146
4534,3956
6377,5616
4633,5292
5444,5121
5541,6154
8526,7759
4438,5201
2769,2183
64,541
1040,1882
4590,4778
5082,4709
526,-356
4307,3545
1121,272
3091,2441
5744,6283
9563,9404
8462,9035
6742,6428
4832,4092
9198,8865
121,-452
7230,7078
8096,8995
3488,4389
6787,7542
9895,10816
1302,928
8699,7894
9783,9596
1325,856
247,-587
4059,4378
4966,4064
460,1377
8128,8095
4871,5365
98,724
3568,3124
3971,3737
2473,1882
5848,6385
2998,3305
9281,9940
4578,4704
4783,5362
9482,9168
3794,4175
61,223
1279,1489
585,1090
8850,9005
20,-24
239,767
8000,8653
4569,5233
7543,7237
2883,3562
2091,2178
8164,7602
2752,2543
9134,8401
6810,7375
1279,1004
4300,3895
7828,7688
1433,2374
1761,2122
3386,3934
3142,2415
1682,1406
1868,1673
6446,7045
721,1073
2707,1813
6628,6014
460,451
1161,2119
1261,486
8636,9472
7156,7342
4153,4071
8041,8765
9491,9051
178,361
1391,1183
895,1815
6849,7210
7991,8509
7930,7453
5281,6121
9169,9794
4838,4400
6544,6285
5718,5250
8744,9203
3479,4192
4253,4882
4422,4063
6041,7006
2017,1244
9853,10323
9706,9742
3301,3274
2626,1985
3350,3154
1542,1716
2094,2329
6766,7559
3466,2789
8822,9665
7198,6781
3547,3780
4650,5374
6340,7044
2846,3080
127,409
6981,7400
2095,1842
93,600
9991,9417
9259,8443
5392,5258
826,199
6045,5330
8950,9199
4579,4696
8204,8217
9444,9663
145,442
5915,6380
816,62
6828,7724
7994,7695
663,21
3882,4055
2362,1999
649,-184
7522,7319
9686,8965
4782,5037
8531,7544
8113,8786
1598,1683
3085,3363
9474,9745
3801,4249
6991,6725
837,837
703,1063
9710,9293
234,-259
5487,4996
728,1692
6639,6141
6311,5979
8679,7979
4482,3709
1799,2694
5825,5244
8525,7731
7695,7483
9352,8366
9228,8349
4511,5432
4947,4390
3222,2595
1023,593
7622,8394
6351,6538
5877,5594
9932,10296
5852,6144
8878,9650
716,1009
7322,7471
931,148
9197,9288
9205,9632
7838,6868
1995,1575
7801,7250
6025,5693
1238,1826
3712,4256
731,841
1418,747
3752,4606
2139,1412
5637,6214
6115,6533
5465,5503
4693,5183
7153,6813
176,1077
3057,3540
1826,2822
4751,5268
637,939
739,-4
9561,9230
1881,1518
3320,3927
3425,3593
9418,9612
3536,3407
3184,3287
6120,5347
6012,6303
4892,4257
2280,2497
3544,4149
3438,3466
7994,7260
6569,6486
3533,2960
4036,4176
4262,3652
6344,7183
3115,2534
8275,7877
3264,3377
4776,5158
5230,5010
393,1141
7200,7568
9571,10508
9052,9102
2828,2293
1162,901
2707,2731
3372,3527
7758,7577
3685,4367
8221,7489
6132,5420
9695,8760
4151,3578
9619,8655
7751,8380
9805,9614
5098,4791
3671,3066
1411,1885
4656,5124
3264,3174
439,1409
9841,10592
6430,6641
9915,8949
7620,6811
6479,7036
7062,6543
512,1366
9087,9222
3952,3997
7486,7844
9943,9304
8954,9428
6074,6812
524,69
660,684
509,398
5427,5400
5690,5218
6085,5714
2598,1998
6201,7144
3600,3144
7784,8027
7320,6990
1156,2134
4728,5123
1508,2085
4614,4945
3730,3408
841,1341
8483,7658
6143,6968
6004,6056
7336,7777
5653,6432
7557,8121
8807,8005
8098,7880
5330,5739
3667,3975
2494,2268
8268,9011
1914,1342
4730,3790
8094,8497
4943,5062
7847,8470
9502,10165
4686,3748
1909,1270
1463,1922
6841,6501
6573,7329
957,1127
9496,9194
4541,3648
797,1547
4811,4065
3432,2577
6218,6635
4331,3788
3951,3592
7057,7702
2187,2317
772,132
5345,6217
9759,9036
1720,801
5898,5041
2622,2737
7084,7327
1152,1919
4560,4712
2782,1954
7118,7590
6150,5750
2942,2891
2875,2134
9053,8919
6779,5989
1670,1973
940,1418
1598,1997
2583,3059
6529,7284
7679,8286
8811,7885
6049,6284
3470,3267
7577,7455
7120,6812
6555,7353
928,574
6663,7177
9173,9627
3428,3934
3871,3463
6989,7848
3182,2423
26,586
6877,5997
4732,3952
960,1434
8953,8315
6652,7244
3591,3905
4704,4550
2249,2793
6995,7480
7728,7240
8484,8746
4767,5463
5399,5170
1827,2454
3429,3718
4809,3894
6728,7530
9842,10803
7085,8055
6657,7641
3751,4421
8104,9040
5681,5797
1624,956
7630,8147
4189,4376
691,1523
9505,9990
1195,743
7230,6755
8515,7671
4800,4097
1134,356
4819,5634
7780,7303
7488,7913
8160,8508
7291,6872
8482,9436
6112,6573
8752,8760
9093,8544
3626,4384
4127,3414
2497,3438
8917,9683
6234,6809
6202,5323
1452,1362
8302,8368
3640,3369
7558,8162
8702,8958
7040,6334
8158,8015
1272,910
8366,7582
2524,3328
2015,2504
633,605
9997,10777
691,-232
4200,4600
3105,2812
2567,2061
8473,7779
7824,8480
2019,2710
410,1311
287,-376
9518,10510
3837,3239
3152,3437
7834,7911
202,977
8509,7619
7169,6652
7201,7727
281,586
5295,5850
786,275
3690,4582
722,147
6742,7447
3029,2157
9283,8335
8012,8740
9277,9932
1259,2010
9654,9604
9873,9031
7058,6480
1282,1791
389,1200
775,728
8943,8197
6050,6161
4066,3899
9007,9527
7672,6807
8568,7776
5992,6161
9144,10055
6079,5788
817,550
5497,5820
6828,6972
2180,2565
6628,5673
9662,10522
6490,5598
327,138
3622,4241
5250,5605
6487,6689
4762,4716
6982,6176
9511,9144
4619,4568
1766,2576
9951,10342
2029,2006
2404,1788
8801,8871
3807,4250
8570,9496
8418,8414
7411,7249
7516,7294
9940,10832
7640,6879
749,498
657,810
5163,4700
8951,8336
1669,2532
3592,3815
9054,8938
3022,3005
2495,1684
4303,3666
7490,7162
778,-101
5528,4879
5751,6236
111,475
4091,3688
4681,4264
4735,3825
4615,4594
2289,2892
5192,6056
9921,9474
8152,8095
7479,8200
9626,10021
2243,2553
6692,7676
8927,8927
5077,5477
1854,2252
3064,3788
2059,1284
9288,9911
65,270
8192,7665
892,685
1374,716
2255,1826
5251,5062
8082,7430
1794,1813
9854,9049
842,1394
7325,7501
146,371
5881,5906
7963,7318
7917,7669
9493,9849
5420,5309
7691,6806
7487,8291
5513,5765
9525,8803
7729,8192
4159,3504
1754,1682
1113,924
4077,3800
3978,3707
5478,5880
7280,6691
6634,6307
8585,9218
5526,5260
6603,7403
6943,6082
3123,2345
9797,9663
8183,8404
2315,1402
5217,4831
3628,2838
1796,1986
3113,2665
6373,6509
8185,7851
8312,7524
6119,5464
6933,7573
8911,8371
3157,3162
8195,8689
4240,4473
780,1499
7295,7603
9036,8737
2918,3499
5667,5186
5032,4750
7009,7727
6682,6290
8129,8606
7952,8162
297,1086
2547,3090
1181,393
8754,8115
6906,6153
5390,5777
8285,8309
2934,2823
613,512
1361,1862
5347,6021
3188,4091
9650,10646
9301,9352
7476,7712
5261,5175
7869,7694
734,228
4454,4126
2160,2406
3790,4717
4290,4508
6169,5940
6216,5779
9092,9540
4980,5968
3219,4017
3018,3259
908,1232
446,905
5962,5651
3920,3827
562,1086
9676,9620
2492,3440
822,790
9698,9051
2073,1707
766,1506
1296,2114
3420,3415
9891,9069
3370,4242
5463,4463
3026,3298
6816,6838
4820,5386
6360,5924
4691,4179
6128,5300
8752,8806
3694,3777
8888,8847
4497,4424
8723,8544
5302,4927
7745,7908
2584,2804
5160,4509
1887,2561
7922,7486
8731,8602
1433,504
9620,10219
6514,6827
3371,4249
4958,5405
8546,7717
541,-296
5029,5510
3152,2155
6048,5563
2914,2149
1179,1665
3733,4243
569,622
5417,5789
2715,2631
8707,8309
2816,2802
9144,8354
6639,7024
4711,4155
965,1761
7510,8055
2751,3676
2721,3213
5064,6024
5539,4984
3618,3653
449,340
8481,9078
2517,2987
5406,4701
6242,5834
3408,3773
6240,6053
3786,3601
6683,7187
4952,5519
4749,5506
2193,3145
5415,5521
3272,3740
3600,3924
2507,1947
9471,9543
5283,4466
6679,7135
6296,7217
872,801
9090,9090
9390,8483
8963,9018
6392,5530
7912,7997
125,1071
859,342
6950,6886
6028,6431
5016,5760
6104,6162
4280,4687
754,-173
9125,8553
5071,4512
7356,6587
4983,5930
4728,4402
3431,2905
9539,9259
3777,2847
5014,5179
8577,7882
5600,5446
3695,3169
1016,327
1279,1457
6868,7397
8346,8789
6792,7249
7649,7142
8448,8298
9519,10276
1196,984
2557,3287
1193,300
5928,6754
593,1112
9989,10477
9806,9785
2875,2968
345,-233
954,1196
605,1578
3509,4220
5126,4195
5233,6168
6775,6728
5262,6166
2457,1621
8226,7298
46,-707
9928,9579
7295,7565
1053,1775
5468,5688
4442,5366
6211,5997
8035,8119
1720,845
5459,6020
6780,6603
9307,9674
6890,6704
853,1214
3004,2430
4868,5429
6314,7251
8081,8886
3522,3042
1184,1429
2084,2719
652,1507
5889,6407
5634,5292
1911,2642
7100,7455
6945,7321
1068,1243
5740,5083
2793,2695
2333,1916
2718,3414
6176,5669
2896,3645
4309,3848
9866,9362
3034,3417
1815,2463
6577,6845
1698,869
3302,3417
6891,7358
6451,6760
3160,2598
4673,4339
9135,10121
6760,6664
8475,7754
2588,2328
664,1394
9592,8959
111,-154
5133,4782
9826,9046
2223,1387
9547,9680
9927,10292
8808,8613
6822,6109
1667,944
8277,7748
8978,9152
3326,4306
7396,6694
1971,2154
4983,5429
8930,8735
1075,1024
6512,5674
7147,7706
6662,5731
8888,9299
4563,4839
5167,6162
5553,6227
5110,5730
3354,3621
6506,6193
5545,6203
7551,6696
65,600
278,752
8657,9226
2603,3272
6265,6391
5502,5194
2165,2987
794,549
76,-327
334,86
639,1440
5475,5479
8062,7892
315,1305
9760,9692
4497,5093
6767,5818
649,444
8190,8153
6585,6520
2047,1926
6510,6221
7763,7648
5372,5556
7756,7406
3532,4385
9147,9489
4248,3301
8060,7939
7259,6587
7149,8100
3945,4101
4266,4735
3683,3971
7935,8849
1680,2476
9361,9343
4425,3609
5845,5609
9403,8938
4294,4282
1651,2043
6379,6344
9009,8534
6156,5273
7193,7186
7791,8067
64,928
1703,816
5332,4386
5559,5924
3303,2666
3656,3076
4615,4263
6958,7683
3747,2991
6593,6669
1319,1254
371,-301
5880,6413
1553,1971
8432,8169
3714,3822
330,897
1298,770
8839,8555
5809,5330
8564,9506
6392,5566
3705,4521
613,-24
3928,3494
7589,8442
4193,3275
5802,5624
1573,1584
482,826
902,422
9034,9008
2013,1451
5684,5105
2979,2867
1283,1869
2948,3536
5947,6901
908,1791
6352,7016
2924,3859
9495,10039
3735,2890
5074,4827
3999,4826
5186,5490
8643,8019
9525,9128
2214,1755
8121,7595
6437,6376
1821,1696
9945,10869
4180,5147
4837,4743
9334,8984
3083,2279
2504,1554
3093,3781
7003,6761
7742,7671
8302,9145
1215,731
710,59
2690,1988
6188,6808
2450,3145
5766,6084
1567,1307
9451,10380
3449,3523
690,-50
9554,9109
1000,1857
7210,7465
2011,2670
6029,5887
5021,4152
114,-875
4874,3906
9949,10793
2859,2966
1449,2155
8159,8091
5509,5121
5976,6376
2136,2906
4923,4997
1145,1779
7656,7640
6590,7283
1200,1923
4839,5147
2272,2704
6465,6109
6903,7057
7208,8064
5553,5945
2394,1589
650,1390
9727,9274
4497,4974
9144,8348
437,813
1968,2265
488,734
9650,10167
2267,2861
1611,1789
5528,5981
2597,2698
3877,4425
6053,5459
7041,6747
2571,2202
3963,4653
7296,6310
3513,4196
700,909
4005,3011
393,808
6229,6777
3654,3014
7097,6327
4189,3740
4727,4528
2336,1501
8279,8085
1821,2614
674,-121
2074,2848
3339,3927
5801,6758
7814,7348
1873,1433
8738,9632
4688,4382
7624,7432
2187,1995
2483,2463
9807,9816
948,586
2369,2710
9675,9063
8552,8836
965,334
3499,3182
8454,8752
4634,5112
8380,8626
3894,4693
7049,7040
4640,4837
3097,4092
6268,7250
6175,6984
7015,7026
1146,407
3932,3832
2605,3126
447,919
5026,5893
2032,1817
5955,5097
2312,2690
1991,2347
6790,7036
2943,3929
2218,2187
4413,4604
6134,5237
1311,1178
3522,4244
543,1102
8212,8927
4401,3978
8089,8409
8535,8956
4197,4226
5426,4551
829,1294
9401,10380
3229,3433
9163,10074
5689,6621
7019,7950
8036,8604
9764,10242
2243,2429
7092,7476
7682,8522
7686,6887
564,1312
134,70
5856,5470
8562,8100
8356,9181
6917,6870
6052,6155
2387,1729
9361,9313
6382,7021
6977,7723
9425,9609
2494,2799
5437,4680
6833,5966
3658,4417
5958,6686
1049,296
7959,8828
1795,2671
4508,4921
6594,6781
4133,4175
5280,5203
8557,9158
5312,4412
2927,2177
1017,1686
9372,8904
5280,5390
1739,1634
2676,3425
1354,2086
8375,7694
9068,8601
6413,7075
8460,7782
6311,5408
3654,3340
3162,2611
4289,4423
7223,6935
2199,2413
8835,8503
4371,3726
9371,9845
4652,4473
4538,5369
8028,8965
6482,7303
1046,624
675,1367
6896,6018
5342,5367
7014,7624
5524,5287
1313,1280
3684,2890
7054,6528
4659,5082
1311,959
3282,2651
372,-385
2868,3774
4153,3961
9304,9161
9376,9038
4283,3333
1900,1352
2031,1610
5494,5345
3989,4413
1914,2809
4744,5102
7310,7373
5577,5742
4594,3808
5141,4268
2525,3508
1493,1726
5843,6296
3099,2371
3605,3332
3772,4191
3917,4769
242,1050
7702,6833
4580,4626
1925,1232
288,135
4575,4219
8027,8080
5705,5749
710,1699
1927,1968
1752,2097
4500,4404
7020,7150
7636,6838
8249,7455
3606,3332
6346,6915
447,1223
4018,3025
2057,1797
4461,4136
5261,5023
8103,8065
6668,6487
5848,6031
8702,8282
4875,5232
6203,5474
9083,8179
7247,6290
7469,7434
1584,1761
6496,7004
8209,8378
1441,587
4822,4503
4397,5249
6358,6276
7710,8366
1660,1040
2885,2069
718,1012
6313,7156
9480,9818
758,1615
5001,4197
8090,7416
1422,1408
9361,9157
9202,8496
8556,9520
7120,6624
1603,1281
7371,6380
9438,8571
9550,9387
7170,6340
3826,4262
78,-171
9133,9177
1374,1733
529,139
3333,2705
3125,2565
5613,5308
480,1016
5798,5730
5695,6146
1273,1056
6755,6786
8976,8121
4056,4749
5071,5307
5564,4572
5647,6140
3465,3493
77,825
5393,5140
9126,9438
7947,8850
2501,1969
369,441
1898,1008
4298,3507
8135,8602
8360,7782
5292,4445
2592,2352
519,1043
2966,2680
3389,2592
1100,927
756,1427
8409,7724
6885,6286
5410,6231
638,457
6549,7242
1082,172
6739,7118
4147,3189
1078,1485
2590,2292
8551,7819
606,1413
5390,4628
1996,2467
2961,2484
76,559
4265,4477
1408,926
36,674
6402,7171
8493,9138
9318,8682
5542,6350
3794,4687
8551,8478
6386,6859
3712,2882
2238,1732
7577,6972
6007,6202
7282,8100
9289,9425
1555,2514
8805,9459
9714,10155
9693,8977
6685,6998
7713,8525
884,566
3053,3152
4143,5013
323,705
4598,5393
7307,7497
9263,9840
8032,8015
3454,3770
5366,5224
1832,1368
336,657
5068,5285
6729,7137
5552,4835
7049,6544
7113,6840
4806,4830
3492,3576
8433,7869
3110,2793
7528,7208
2088,2165
935,1772
4154,4235
3298,3184
8451,8050
8352,9255
921,401
3355,2427
4096,4534
8475,9036
6405,5583
9081,9701
6905,5986
5025,5651
7976,7506
2168,2031
7203,6438
1910,2902
7784,6921
1403,2298
2537,2700
2570,2264
5488,4879
3980,4109
9984,9101
4638,4590
9394,9321
9334,9711
7840,8366
6358,6813
1690,1256
7249,7893
2049,2855
7816,8170
9438,8582
4372,5358
5464,5789
153,-747
7865,8405
8546,7857
5417,5184
7776,7422
9721,10618
588,1446
3815,3005
3831,3685
8448,7466
2353,1529
2411,2290
4114,5000
2254,1483
4874,5695
2165,1696
5510,6314
7964,8420
2025,1324
6441,6519
3921,4607
7779,7262
9313,8776
7669,7824
2226,2946
6852,6889
1288,821
4309,3362
1626,1439
7860,7291
7146,6488
8083,8004
6961,7607
3980,4840
2066,1987
4628,4980
3410,3159
3156,3988
6467,5550
1771,955
7500,7878
4060,3905
6065,6535
4953,4511
1453,1491
9819,8957
1979,1436
7913,8136
1285,1382
8469,8613
1456,1545
4850,4518
1162,713
5074,4346
2976,3330
5734,6015
2882,2661
3052,3719
8749,7888
7017,7537
1396,1419
449,1365
6480,6340
4779,5094
4590,4786
8149,7170
2621,3511
7182,7272
5197,4843
4683,4186
4531,5369
2704,2445
6628,6802
2363,2446
5268,4964
3106,3327
3497,2589
102,818
857,-45
7678,7494
5563,6133
9857,9148
1174,845
4801,4587
4342,5038
3952,4440
7523,6942
7334,6823
3960,4957
2323,2024
1939,2038
4005,3423
191,743
5305,4720
9938,9118
5687,4813
7135,6818
9242,9382
1264,1284
9533,8608
503,703
4086,4334
2793,2399
1951,1329
117,61
471,-469
8961,8192
2057,2997
7025,6694
7368,7870
8451,8135
4349,4025
1501,1441
5480,5048
2692,3560
5347,6128
9283,8468
2652,1722
9338,8666
6893,6807
217,-509
7740,6937
4734,3992
4172,3258
1463,1600
6210,5622
2059,2028
7580,6668
1733,1048
4182,3217
4489,3536
5773,4838
166,-611
95,-656
8821,9453
4749,5315
8288,8459
2920,1983
7076,7322
4892,4535
2478,3456
5271,5425
5994,5179
1903,2537
9156,9569
384,326
1528,1440
1698,901
9379,9666
4920,4922
4082,4665
2741,1966
6189,6709
8537,8736
3993,3734
7946,8051
3275,4026
1026,561
2693,2005
1013,1770
9834,10833
2707,2270
5835,5675
1180,1395
6019,5764
9670,10483
5110,4978
8353,9224
3408,3269
8837,9337
32,-725
4359,4416
6104,5646
4146,3675
9544,9890
5047,5150
6558,6182
4171,4843
3542,3438
3359,3461
5844,6343
2491,2934
5274,5007
1489,1377
1369,2061
3143,3681
6733,6752
1099,946
4515,4492
9933,10434
6373,5741
4102,4313
8946,8773
7035,7938
8136,8253
5564,5829
9631,8676
3586,3169
1737,1576
5283,4704
5470,5650
4310,3976
7547,8484
6606,6176
9295,8943
9827,10264
528,818
2154,2741
3495,2883
3349,3348
8256,7424
2390,1576
5313,4900
7472,7072
3760,4693
9858,9477
7872,7337
1840,1654
8099,7661
5263,5059
259,561
6220,5598
4972,5759
3985,3725
3009,2356
1637,1360
6471,5902
8746,9068
5136,4220
5714,5811
8661,8500
1108,532
9600,9798
7207,7685
3636,3476
1769,2659
3624,2759
3019,3744
8737,8436
4918,5024
2034,2863
4738,3900
346,990
7897,8666
1753,2661
3352,2772
8603,8548
4908,4931
2411,1861
1089,1227
3759,4712
1447,2177
5118,5205
5503,4519
7281,7449
7217,7444
2237,2521
3844,3664
3959,3243
4542,5114
6583,6510
6218,6232
9789,10691
4406,3769
8525,8367
999,60
3069,2644
9125,9183
8256,7926
1658,2401
3136,3406
4584,4683
3822,4029
7653,7278
4136,4659
1038,1756
6206,6087
4157,3507
2776,2673
6619,6545
1262,1745
4296,4198
158,-113
1148,2107
196,357
3778,3452
7250,7220
5099,5760
4920,5595
9913,9428
330,-342
3212,2795
6410,6077
8680,8391
1913,1445
8191,8560
7213,8088
2566,1873
2208,1442
4999,5346
4571,5027
891,284
5801,5726
4194,4050
1973,2596
755,1488
7812,8612
9012,8146
6056,5231
2440,2173
8389,8746
1538,1414
8310,8666
644,166
9849,9152
7777,8601
989,85
7729,8445
5617,6055
7266,7615
3045,3377
1501,1668
8191,8716
4450,4469
887,179
1462,1706
5966,5006
9876,9555
8933,9729
2218,1891
8438,8233
7172,7361
4080,4569
6477,6559
8927,9745
8113,7356
6421,7221
9394,8769
1589,1115
7291,6657
3321,3123
2833,2477
5874,5171
3476,4129
5319,5873
9235,10000
470,678
4727,5569
1226,1708
727,1528
9058,9730
7509,7651
3717,3057
5611,5906
7904,8203
7232,6655
3700,4383
1927,2474
9734,9791
3421,3638
5873,5285
2015,1752
3216,3702
7952,7445
6698,7281
6001,5193
1959,2398
6156,6853
9622,8721
7221,8047
3722,3890
2284,2601
8538,7843
8640,9188
7564,8004
7441,7986
6634,6029
8914,7919
859,1309
6867,7259
1862,1068
1625,1184
871,502
3762,3232
4595,4213
8742,8004
9811,9722
6740,5880
5428,5496
2576,2952
6789,6754
4011,4539
5226,5137
6338,7119
7920,8882
5056,5140
1477,2363
1344,498
1548,2023
2381,3273
5400,4518
6335,5597
7434,7386
9004,9982
2260,1600
2271,1721
6703,7141
4001,3701
2397,1688
1621,1586
4857,4049
9464,8525
389,1313
8385,8344
3388,3512
9926,9397
5868,5961
8052,8038
8772,9628
6863,6292
146,344
1585,1699
5003,4145
9885,10200
9936,9946
4225,4222
1126,627
8416,8442
8073,7691
5432,5522
33,876
2973,2248
3685,4430
2264,2669
355,1334
6653,7168
7923,7939
5706,6416
6378,5927
6844,6324
8029,7921
7688,8518
7333,7036
8444,9284
2465,2790
7331,6763
5272,4914
7345,7038
642,686
6299,5821
9788,10686
2508,2662
9112,8372
7451,6613
7652,7360
3664,4469
6871,7452
6532,7025
4262,3397
8631,7706
1123,2034
7180,6686
9909,10239
6150,5211
2679,3669
8361,7764
1514,2131
8012,8554
2287,1387
3304,4242
7951,8581
3690,4210
1458,2066
3301,3725
8619,7917
5936,6681
8909,9727
9684,9059
5992,5911
3753,3137
6631,7119
3579,3706
8662,7842
311,233
7342,6410
5279,4279
4536,4434
4914,4791
9187,9046
9879,9574
6668,7022
2499,1596
7402,8034
9538,8836
3916,3102
8270,7636
398,304
4316,3466
5856,5635
8753,9687
8539,8174
4168,4904
7033,7626
6213,7189
9231,10162
2766,2885
8117,7795
7740,8317
2318,1681
96,614
6839,7556
7381,7315
9934,10915
7395,7563
8174,8773
3989,3519
4332,5016
5160,5896
2494,2222
9252,9885
936,369
5433,5624
8825,8898
8060,8409
9443,10441
5800,6699
7517,7289
6059,6430
7877,7739
5988,5796
2566,2583
7637,6827
3169,3359
7336,6691
994,1000
253,1232
5091,4697
5597,4918
7456,7658
844,470
115,744
2066,2073
5150,5770
8545,7578
883,1368
807,1772
8610,8714
5962,6178
2322,1413
345,683
7905,7200
4500,4187
6922,7229
2233,1395
5293,4862
1587,2566
5870,6869
7216,7081
636,207
1371,844
6952,7730
9831,9013
7634,6653
8426,8775
5955,5244
9985,10205
5345,4782
4560,5409
7470,7505
2159,2842
9982,10461
7391,7299
8539,9118
761,954
3333,3294
1,-335
8041,8722
3871,3046
5354,4723
8774,8774
6723,6696
5677,5135
7683,8573
3570,3176
4177,4114
3948,3756
7252,7187
7858,7912
669,909
4935,4635
7485,7235
6371,6305
7833,7967
4098,3959
5822,6647
5071,5110
6744,7546
8623,9067
1039,138
7053,7414
3938,4534
4299,4219
8639,8503
1317,898
4999,5175
494,949
1217,360
8488,7502
5496,4707
5343,5806
1225,2207
785,1776
1922,2270
4904,4327
2086,2967
6149,5563
7741,8366
2364,3142
7784,7573
4005,4656
1371,1792
137,31
9791,8943
6601,7558
4562,4248
8379,7800
8221,8337
6726,7111
6743,6957
2878,3733
8692,9482
2867,3420
4516,4131
7580,7333
8946,9324
2321,2504
7776,8143
3718,4163
3908,4053
2189,1822
3777,3400
6659,6364
5998,6404
3046,3457
6733,6883
1009,1978
7817,7482
5724,5422
4841,5361
5747,4963
6730,6982
9795,10361
6365,6422
1487,1056
9761,9115
8223,8190
7974,7872
9729,10417
8843,8251
7849,8608
1386,1755
3546,4078
7309,7245
3991,4921
5784,6675
9952,10506
2648,2517
5863,5197
5775,6296
9383,10029
6148,6648
1057,283
6079,5390
8785,9103
3491,4229
8872,9604
933,686
5531,6160
2449,2038
9518,10048
6782,7577
9844,10508
1768,2595
498,-328
5776,5074
652,1219
5971,4989
5118,5212
7307,7970
5571,4966
3074,2457
8710,8724
7401,7197
7729,7085
6183,5829
6101,6048
5737,6025
5913,5015
6146,5835
3104,4006
9589,10238
6796,7679
7049,7773
2330,3289
1968,2771
9651,10243
6988,6972
5459,4460
7249,7057
383,845
6632,7317
2014,1763
1309,1970
8647,8725
4368,4537
2784,2945
926,1385
8286,8702
9935,10543
6362,7150
1701,1281
8276,8346
4665,3778
7718,6721
8253,7505
2356,1645
8843,9212
8066,7371
3946,3003
4133,4708
7715,7303
4853,4996
4011,3538
3245,2899
7641,7004
4375,4112
7460,7012
5003,5007
1253,1896
4380,4618
9951,10007
9239,9110
2357,1416
977,493
3259,3442
42,68
6520,7187
8176,8425
3318,3922
6134,5308
1067,1497
927,717
3460,2851
2148,1299
7677,6967
6297,6413
6265,6086
5937,6725
5603,6408
7958,8428
9540,9633
6180,5820
6909,6760
5193,6041
1649,923
5721,5507
5187,5027
9853,10749
1545,1772
7020,7465
8723,9032
5274,4880
5637,5715
5658,6326
3077,4025
3018,3663
4243,4671
4400,5029
9357,10290
5152,6106
1230,998
7526,7877
3242,4163
3051,2404
8540,7958
1000,408
4397,4788
2527,3014
1635,2278
7410,6783
3820,3494
5232,5640
6180,5384
1595,1343
1395,1736
6859,7460
5392,5315
6021,6482
5720,6298
9655,9043
1190,289
42,848
4334,5085
804,556
7322,6615
9610,9024
9240,8599
1477,1115
6510,6706
9783,9683
5998,6579
7669,7858
448,476
4272,3992
9348,8528
9877,10680
1513,689
3317,2685
7617,8373
358,187
9859,10145
2035,2531
4648,5221
9652,9057
5528,5618
5207,4953
9821,10306
1734,1238
5013,5213
5048,5292
1130,371
8018,8994
6163,6887
2449,1927
7121,6254
9232,8856
3445,3369
6,795
6891,7543
6057,6477
8918,9834
126,583
5147,5977
7964,8888
7632,7945
1817,2348
5436,5964
9720,9968
2235,1349
7979,8587
4184,3864
2386,2842
5606,6228
1151,693
3712,3146
6296,6931
9097,8381
6743,7662
5640,4891
2446,3032
6355,7174
7470,7461
4862,4426
2196,2564
6437,5565
6593,7359
3595,3087
1939,2097
3786,3133
100,41
9445,8644
4565,5409
8125,8743
4237,4572
6836,6479
6552,6821
8819,8529
2251,2174
4185,3542
5077,5094
8550,8678
1359,2106
3749,4041
7021,6919
2575,2920
2063,1230
8418,8053
8037,8492
8080,8486
3201,3952
3087,3621
5697,5661
8709,8908
3522,3943
6891,7864
4741,5531
6606,7594
4308,3309
6466,7445
8243,7531
4003,3626
5719,5829
7238,6476
4555,3696
9846,10688
2501,1511
8310,7348
5892,5163
4135,3264
2887,3112
3813,4728
5963,5476
5858,6794
893,1869
1964,1104
277,702
9656,8789
7193,8156
7233,7622
6336,6127
2332,2586
8198,7980
3551,2952
7396,8293
4910,4033
2538,2737
527,-54
8985,9778
4448,4006
4978,5792
3865,2985
1079,1679
3169,2790
9132,9195
7605,7543
9132,8654
7005,7126
9205,9544
1538,1543
6936,6514
8473,8511
5739,6255
7912,8339
4994,5247
1614,1781
2255,3034
8660,9055
4994,4746
2692,3500
6998,6438
5387,5457
5231,4947
1324,1583
4745,4143
3622,4032
7324,7046
6240,6585
7856,8651
5852,6074
4542,5519
5304,5912
8779,7828
9508,8528
9245,9716
5874,5432
5086,4442
6181,6652
525,1325
221,-666
7279,7375
1700,2034
821,1178
8146,7973
2571,1723
1291,589
9880,9367
6084,6785
3235,4202
3197,2215
9916,9811
678,1191
5295,4911
4474,4426
3059,2911
5397,4474
131,-771
5436,5469
856,369
1756,1365
1542,1662
561,741
3529,4482
5299,5317
8681,7849
8304,8005
9618,10463
8384,7466
2176,1180
3991,3953
5865,6797
1010,359
4232,4321
808,506
8747,9625
808,389
8232,8732
2667,3440
8512,8395
2001,2776
5564,5787
6673,6318
4645,5444
79,279
4526,4759
2609,2159
7459,7195
5031,5579
2208,1285
2917,2448
807,1752
2710,2570
762,110
7776,7906
425,-487
36,-258
6478,7342
9865,10021
9890,10838
5569,5633
7490,7206
7144,7452
8279,8316
4200,4290
1565,938
2590,3259
1476,1081
3168,3767
1631,2341
9827,10791
9328,8694
9046,9245
3199,3951
3655,3696
9278,8471
3681,4054
9354,9596
1286,1074
4432,4653
8049,7300
4964,5727
7997,7136
3391,3984
5382,4522
2661,2271
5394,4905
2532,1679
7535,7365
5759,4985
5426,6272
7870,8529
2719,2564
2265,1405
3358,3193
3891,3414
7240,6866
3551,4437
3018,3427
5969,6048
3876,4116
3760,3077
2257,3065
3188,2863
9751,9126
568,1495
8650,8812
7613,7537
6010,5139
2708,2874
3818,4099
5074,5661
8682,7695
4798,5408
4065,3228
7350,6925
3521,3090
1160,398
2714,2151
3777,2898
9488,9162
8020,8513
9791,9290
898,1207
4718,5366
71,745
6470,6905
2983,3055
4534,4784
4357,3882
1744,1109
5623,5611
6748,5993
2372,2528
7935,7122
2213,1278
253,-134
8273,9237
2849,2351
88,-771
7652,6759
5595,4756
4865,4984
938,326
3685,2902
955,1538
7550,7766
1561,924
9924,10225
8235,7876
6797,6498
757,679
3381,3094
6447,7194
8208,7353
2215,2280
1800,2589
8459,7648
8694,8258
7587,7995
9045,8902
1766,1266
3654,3043
5206,5188
9399,9830
5680,6336
2246,1253
1291,669
9657,10115
7180,7883
9223,8262
5676,4867
1155,1319
4724,5197
7153,7227
5546,5974
6800,6277
1234,944
5407,5042
570,198
9466,8713
1085,2046
3115,2794
1800,845
4852,5213
3510,3253
5111,5765
7989,7752
5568,6427
3403,3227
2784,2207
766,1639
6374,6504
2627,2096
469,131
744,-12
5769,5806
409,-241
5282,5620
2678,2745
5167,5311
5209,5368
7219,7099
4828,5088
8953,9571
8541,8615
1911,1301
6161,6613
4338,4620
2536,1570
8748,7953
8312,7760
2905,2187
8649,9187
3952,3665
159,492
2702,3460
3999,3711
5409,5425
1390,2355
5291,5734
2309,2386
5599,6029
5967,5578
3554,3288
6582,6779
7761,7882
3163,2741
4860,4452
620,774
6466,5563
6979,6827
4865,5763
8980,8348
219,831
51,-626
5704,6649
8352,8700
2908,3071
3950,3982
2870,2120
2387,2615
4319,4211
9787,10533
5055,4950
3708,3579
3083,2215
5795,5726
1525,2450
7990,8103
1752,1093
3589,3945
5061,4773
2533,2277
5981,6382
5581,5040
7377,6414
3810,4731
248,433
6398,7205
3434,3689
7201,6797
8447,8900
3581,4011
7983,8494
9417,8990
4646,4468
9967,9757
1962,2840
5661,6637
2095,2513
2711,3279
3187,3643
8306,7468
971,106
7434,6993
9181,9922
7624,8482
9589,10446
4373,3924
5909,5199
7998,8611
980,875
7969,7572
8172,8444
6094,7067
6065,5444
5419,4850
4535,3660
1464,883
1510,2040
5221,5026
4764,3770
5586,4895
1764,2351
543,785
7018,6192
908,1532
2522,2772
5862,6293
9541,9024
2140,1351
1129,1251
5809,6671
4493,4779
8555,8433
7039,6082
7749,8569
1371,448
9669,9034
5773,6157
3563,4544
1483,869
4798,4579
1082,1756
9883,10130
4495,4607
8864,9421
1266,791
1533,1728
4475,4809
5461,5406
3777,4742
2520,1615
5373,5482
7333,8296
2358,1669
6730,5794
6893,6946
5652,5582
9172,8258
8509,8987
6679,5975
3043,2441
9665,10162
3623,4309
3417,3814
2586,1601
8211,7527
8759,9746
5842,6377
3119,3677
9201,8974
7274,6786
1580,2481
859,1418
8680,9424
358,99
3650,4432
7517,7773
6090,6500
5451,5991
2883,3143
7837,8104
1597,811
2963,2061
3178,2230
5793,5228
2208,1230
9520,8874
3319,2702
4952,4398
2354,3003
1423,1154
3996,3696
1310,2072
464,560
9488,10018
3939,3367
2625,3194
4039,4732
6218,6787
9923,10256
5657,5186
5314,4548
1531,1526
4232,3300
2355,1395
4271,5218
3087,3553
1472,879
4138,4131
4012,4878
5354,6196
3183,3023
9690,10676
3253,3746
4287,4257
5498,6219
5324,6250
9257,8769
1549,1664
3291,3426
6264,6850
7768,7236
7198,7313
3005,3702
1749,1307
1785,1121
330,502
8057,8589
7750,7184
6336,6302
8255,7448
4031,4751
6549,7466
137,771
446,258
5945,5051
3736,3690
9326,9260
5060,5854
9042,8281
4909,5702
7140,6802
1798,2204
4917,4974
3901,3315
9778,9458
7823,8312
7173,7856
9864,9671
4763,3955
8502,8407
3459,3364
9971,10224
5272,4678
7193,8131
8455,8288
4034,3441
8097,7843
3012,3439
8845,9571
701,352
3991,3486
6591,6199
2029,1293
1641,715
400,741
3541,2953
4477,4594
1252,2006
7734,8212
8185,8585
7928,8244
8239,7772
1486,1548
9773,10019
199,-364
8323,8022
4350,4343
2038,2844
8901,8981
2107,1119
6259,5281
3449,3361
2261,2534
5434,6101
7443,6786
9384,9055
9886,10716
9651,8676
529,1472
8072,7197
9275,9284
9906,10563
7320,6696
1069,327
5263,4621
3953,4593
2759,2714
5877,6507
7146,7094
7102,7910
2408,3293
4509,5422
5505,5069
5010,4633
2634,2380
555,-20
2991,3155
6964,6580
6548,6797
4725,3900
9341,9074
96,78
6289,5529
7456,7109
7254,6997
4005,3952
1275,2211
8978,8860
4311,3891
3230,3157
6860,6833
8248,9140
5485,6429
4853,5273
1462,1559
247,789
8121,7876
7404,7346
3453,3945
2164,2169
4675,4822
7941,8783
8803,9021
6955,7125
9189,8651
4760,5679
5272,6098
6039,5258
2630,2749
6103,6205
2599,2532
4397,3740
5750,4870
4298,3387
4059,3580
3200,2607
5954,6487
7905,8354
1004,645
3811,4388
2766,3571
5151,5072
7709,8283
9124,9578
203,1075
8333,7356
3061,3343
7400,6808
1709,2333
1205,770
5008,5122
9186,9732
5072,5108
4254,5221
48,-215
3291,4248
6140,5874
3070,3525
7433,6518
4667,4982
7415,6746
5336,4389
4200,4311
6682,6147
8690,8791
1111,453
3927,3860
1946,2620
5333,5239
171,-825
2756,3473
8038,8273
8555,7612
6780,7623
4209,3904
8653,9531
8943,9210
6828,6046
4792,5460
4566,4192
3546,2553
1783,1262
214,891
2177,2170
7291,6551
8652,9350
1826,1134
9639,9190
4840,5529
4593,3680
9845,10306
5262,4989
1870,1652
1632,1205
243,761
8390,9107
5142,6045
3176,4003
743,1601
5614,6294
5889,5436
8404,9057
7595,7265
5949,5509
3079,3073
9055,8225
393,-579
6806,6140
9390,10113
45,-13
5550,5565
7150,6296
6678,7501
4493,4907
1966,2388
5538,5979
6301,5483
2635,2414
4908,5441
1809,1770
8742,9144
570,1003
7115,7034
8819,8540
2918,1969
5828,5319
8204,7360
4058,3288
6344,6516
9283,9417
8,-797
2728,1764
3164,3951
6299,5696
4291,3721
6850,7069
7288,6844
6644,7005
9508,8680
7788,7070
4340,4405
8042,7175
5265,4411
2033,1735
8344,8986
6896,7482
1240,2180
5391,5530
7299,7435
3228,2251
1859,2828
4928,5205
7839,8354
1507,1574
441,516
3179,4111
404,663
1516,1018
2160,3072
7206,7354
8706,8365
6022,6982
694,591
2339,3309
2122,2961
5032,5166
847,802
28,-927
2478,3095
7729,7468
5853,6713
2063,1497
5669,6459
3154,3655
7664,6981
8741,8729
5631,5541
4242,4952
3296,3876
3929,3722
7838,7991
2672,2710
8026,7860
6014,6408
7109,7478
7739,8406
5663,5509
2646,3122
4328,3375
4959,4602
9661,9278
2308,2872
7643,8438
3264,2998
8043,8005
3434,3684
5736,6505
724,1329
8002,8287
8931,8436
874,1053
4095,4217
8209,8841
3129,3257
2515,2888
5246,5668
9851,10245
5040,5927
3309,2538
3984,3019
708,1465
49761
46086
44404
53413
55509
49138
53389
52259
41087
52001
50418
44156
47588
48989
60255
57342
49040
42600
43261
42271
53142
56074
43063
54430
55685
54531
56015
42906
51157
46824
45848
55809
43409
49109
46448
50403
50472
48891
44755
42981
42735
45190
60499
43009
57520
47129
54601
54315
55823
59920
58848
56396
49344
58275
45260
53640
60111
56496
44258
56941
57832
43016
40730
44220
51109
42454
56710
49183
43279
47651
49988
40597
52648
58435
42307
50390
53349
44315
54080
56479
49728
53692
58478
43639
49488
45503
43913
56616
51404
59707
51065
49308
57587
53832
52533
45469
43139
48430
48845
46104
60493
42135
59760
54899
51795
48464
45066
55028
57289
42607
42979
49827
56816
54716
52057
56940
53686
40855
53229
57815
49787
53157
48475
46225
60520
54789
45894
41435
49356
49471
50098
55692
58316
51082
60107
57751
55712
41900
57348
48025
57075
54878
49288
53742
49185
53815
50308
57075
58472
44978
48591
57678
59394
44637
59106
60142
44450
52887
52102
41131
56273
56275
52896
53599
49915
42321
41394
57754
59041
55364
58432
58289
54530
58557
56257
55758
55178
47904
40926
42476
54167
52617
58399
48226
43034
41303
48922
47788
56999
55824
47058
50922
50304
60163
44377
57735
60288
53018
40812
43776
